-1.2,-1.2,0,0,0,122.4,122.4
-1.2,-1.2,0,0,0,123.6,142.8
-1.2,-1.2,0,0,0,124.8,163.2
-1.2,-1.2,0,0,0,126,183.6
-1.2,-1.2,0,0,0,126,204
-1.2,-1.2,0,0,0,142.8,123.6
-1.2,-1.2,0,0,0,144,144
-1.2,-1.2,0,0,0,145.2,164.4
-1.2,-1.2,0,0,0,146.4,184.8
-1.2,-1.2,0,0,0,146.4,204
-1.2,-1.2,0,0,0,163.2,124.8
-1.2,-1.2,0,0,0,164.4,145.2
-1.2,-1.2,0,0,0,165.6,165.6
-1.2,-1.2,0,0,0,165.6,184.8
-1.2,-1.2,0,0,0,166.8,205.2
-1.2,-1.2,0,0,0,183.6,126
-1.2,-1.2,0,0,0,184.8,146.4
-1.2,-1.2,0,0,0,184.8,165.6
-1.2,-1.2,0,0,0,186,186
-1.2,-1.2,0,0,0,186,205.2
-1.2,-1.2,0,0,0,127.2,223.2
-1.2,-1.2,0,0,0,127.2,242.4
-1.2,-1.2,0,0,0,128.4,261.6
-1.2,-1.2,0,0,0,128.4,280.8
-1.2,-1.2,0,0,0,128.4,300
-1.2,-1.2,0,0,0,147.6,223.2
-1.2,-1.2,0,0,0,147.6,243.6
-1.2,-1.2,0,0,0,147.6,262.8
-1.2,-1.2,0,0,0,148.8,282
-1.2,-1.2,0,0,0,148.8,300
-1.2,-1.2,0,0,0,166.8,224.4
-1.2,-1.2,0,0,0,168,243.6
-1.2,-1.2,0,0,0,168,262.8
-1.2,-1.2,0,0,0,168,282
-1.2,-1.2,0,0,0,168,300
-1.2,-1.2,0,0,0,187.2,224.4
-1.2,-1.2,0,0,0,187.2,243.6
-1.2,-1.2,0,0,0,187.2,262.8
-1.2,-1.2,0,0,0,187.2,282
-1.2,-1.2,0,0,0,188.4,301.2
-1.2,0,0,0,0,128.4,319.2
-1.2,0,0,0,0,128.4,338.4
-1.2,0,0,0,0,128.4,357.6
-1.2,0,0,0,0,128.4,376.8
-1.2,0,0,0,0,127.2,396
-1.2,0,0,0,0,148.8,319.2
-1.2,0,0,0,0,148.8,338.4
-1.2,0,0,0,0,148.8,357.6
-1.2,0,0,0,0,147.6,376.8
-1.2,0,0,0,0,147.6,396
-1.2,0,0,0,0,168,319.2
-1.2,0,0,0,0,168,338.4
-1.2,0,0,0,0,168,357.6
-1.2,0,0,0,0,168,375.6
-1.2,0,0,0,0,168,394.8
-1.2,0,0,0,0,188.4,319.2
-1.2,0,0,0,0,188.4,338.4
-1.2,0,0,0,0,187.2,357.6
-1.2,0,0,0,0,187.2,375.6
-1.2,0,0,0,0,187.2,394.8
-1.2,0,0,0,0,127.2,415.2
-1.2,0,0,0,0,126,435.6
-1.2,0,0,0,0,126,454.8
-1.2,0,0,0,0,124.8,475.2
-1.2,0,0,0,0,123.6,495.6
-1.2,0,0,0,0,147.6,415.2
-1.2,0,0,0,0,146.4,434.4
-1.2,0,0,0,0,146.4,454.8
-1.2,0,0,0,0,145.2,474
-1.2,0,0,0,0,144,494.4
-1.2,0,0,0,0,166.8,414
-1.2,0,0,0,0,166.8,434.4
-1.2,0,0,0,0,165.6,453.6
-1.2,0,0,0,0,165.6,474
-1.2,0,0,0,0,164.4,493.2
-1.2,0,0,0,0,187.2,414
-1.2,0,0,0,0,186,433.2
-1.2,0,0,0,0,186,452.4
-1.2,0,0,0,0,184.8,472.8
-1.2,0,0,0,0,184.8,493.2
-1.2,0,0,0,0,122.4,516
-1.2,0,0,0,0,121.2,537.6
-1.2,0,0,0,0,120,559.2
-1.2,0,0,0,0,117.6,580.8
-1.2,0,0,0,0,116.4,603.6
-1.2,0,0,0,0,142.8,514.8
-1.2,0,0,0,0,141.6,536.4
-1.2,0,0,0,0,140.4,558
-1.2,0,0,0,0,139.2,579.6
-1.2,0,0,0,0,138,602.4
-1.2,0,0,0,0,163.2,514.8
-1.2,0,0,0,0,162,535.2
-1.2,0,0,0,0,160.8,556.8
-1.2,0,0,0,0,159.6,578.4
-1.2,0,0,0,0,158.4,600
-1.2,0,0,0,0,183.6,513.6
-1.2,0,0,0,0,182.4,534
-1.2,0,0,0,0,181.2,555.6
-1.2,0,0,0,0,181.2,577.2
-1.2,0,0,0,0,180,598.8
-1.2,-1.2,0,0,0,223.2,127.2
-1.2,-1.2,0,0,0,223.2,147.6
-1.2,-1.2,0,0,0,224.4,166.8
-1.2,-1.2,0,0,0,224.4,187.2
-1.2,-1.2,0,0,0,225.6,206.4
-1.2,-1.2,0,0,0,242.4,127.2
-1.2,-1.2,0,0,0,243.6,147.6
-1.2,-1.2,0,0,0,243.6,168
-1.2,-1.2,0,0,0,243.6,187.2
-1.2,-1.2,0,0,0,244.8,206.4
-1.2,-1.2,0,0,0,261.6,128.4
-1.2,-1.2,0,0,0,262.8,147.6
-1.2,-1.2,0,0,0,262.8,168
-1.2,-1.2,0,0,0,262.8,187.2
-1.2,-1.2,0,0,0,262.8,206.4
-1.2,-1.2,0,0,0,280.8,128.4
-1.2,-1.2,0,0,0,282,148.8
-1.2,-1.2,0,0,0,282,168
-1.2,-1.2,0,0,0,282,187.2
-1.2,-1.2,0,0,0,282,207.6
-1.2,-1.2,0,0,0,225.6,225.6
-1.2,-1.2,0,0,0,225.6,244.8
-1.2,-1.2,0,0,0,225.6,262.8
-1.2,-1.2,0,0,0,225.6,282
-1.2,-1.2,0,0,0,226.8,301.2
-1.2,-1.2,0,0,0,244.8,225.6
-1.2,-1.2,0,0,0,244.8,244.8
-1.2,-1.2,0,0,0,244.8,264
-1.2,-1.2,0,0,0,244.8,282
-1.2,-1.2,0,0,0,244.8,301.2
-1.2,-1.2,0,0,0,262.8,225.6
-1.2,-1.2,0,0,0,264,244.8
-1.2,-1.2,0,0,0,264,264
-1.2,-1.2,0,0,0,264,282
-1.2,-1.2,0,0,0,264,301.2
-1.2,-1.2,0,0,0,282,225.6
-1.2,-1.2,0,0,0,282,244.8
-1.2,-1.2,0,0,0,282,264
-1.2,-1.2,0,0,0,282,282
-1.2,-1.2,0,0,0,282,301.2
-1.2,0,0,0,0,226.8,319.2
-1.2,0,0,0,0,226.8,338.4
-1.2,0,0,0,0,225.6,356.4
-1.2,0,0,0,0,225.6,375.6
-1.2,0,0,0,0,225.6,394.8
-1.2,0,0,0,0,244.8,319.2
-1.2,0,0,0,0,244.8,338.4
-1.2,0,0,0,0,244.8,356.4
-1.2,0,0,0,0,244.8,375.6
-1.2,0,0,0,0,244.8,393.6
-1.2,0,0,0,0,264,319.2
-1.2,0,0,0,0,264,338.4
-1.2,0,0,0,0,264,356.4
-1.2,0,0,0,0,264,375.6
-1.2,0,0,0,0,264,393.6
-1.2,0,0,0,0,282,319.2
-1.2,0,0,0,0,282,338.4
-1.2,0,0,0,0,282,356.4
-1.2,0,0,0,0,282,375.6
-1.2,0,0,0,0,282,393.6
-1.2,0,0,0,0,225.6,412.8
-1.2,0,0,0,0,225.6,432
-1.2,0,0,0,0,224.4,452.4
-1.2,0,0,0,0,224.4,471.6
-1.2,0,0,0,0,223.2,492
-1.2,0,0,0,0,244.8,412.8
-1.2,0,0,0,0,244.8,432
-1.2,0,0,0,0,243.6,451.2
-1.2,0,0,0,0,243.6,471.6
-1.2,0,0,0,0,243.6,490.8
-1.2,0,0,0,0,262.8,412.8
-1.2,0,0,0,0,262.8,432
-1.2,0,0,0,0,262.8,451.2
-1.2,0,0,0,0,262.8,470.4
-1.2,0,0,0,0,262.8,490.8
-1.2,0,0,0,0,282,412.8
-1.2,0,0,0,0,282,432
-1.2,0,0,0,0,282,451.2
-1.2,0,0,0,0,282,470.4
-1.2,0,0,0,0,282,490.8
-1.2,0,0,0,0,223.2,512.4
-1.2,0,0,0,0,222,532.8
-1.2,0,0,0,0,222,553.2
-1.2,0,0,0,0,220.8,574.8
-1.2,0,0,0,0,220.8,597.6
-1.2,0,0,0,0,242.4,511.2
-1.2,0,0,0,0,242.4,531.6
-1.2,0,0,0,0,241.2,553.2
-1.2,0,0,0,0,241.2,574.8
-1.2,0,0,0,0,240,596.4
-1.2,0,0,0,0,261.6,511.2
-1.2,0,0,0,0,261.6,531.6
-1.2,0,0,0,0,261.6,552
-1.2,0,0,0,0,260.4,573.6
-1.2,0,0,0,0,260.4,595.2
-1.2,0,0,0,0,280.8,510
-1.2,0,0,0,0,280.8,531.6
-1.2,0,0,0,0,280.8,552
-1.2,0,0,0,0,280.8,573.6
-1.2,0,0,0,0,279.6,595.2
0,-1.2,0,0,0,319.2,128.4
0,-1.2,0,0,0,319.2,148.8
0,-1.2,0,0,0,319.2,168
0,-1.2,0,0,0,319.2,188.4
0,-1.2,0,0,0,319.2,207.6
0,-1.2,0,0,0,338.4,128.4
0,-1.2,0,0,0,338.4,148.8
0,-1.2,0,0,0,338.4,168
0,-1.2,0,0,0,338.4,188.4
0,-1.2,0,0,0,338.4,207.6
0,-1.2,0,0,0,357.6,128.4
0,-1.2,0,0,0,357.6,148.8
0,-1.2,0,0,0,357.6,168
0,-1.2,0,0,0,357.6,187.2
0,-1.2,0,0,0,356.4,207.6
0,-1.2,0,0,0,376.8,128.4
0,-1.2,0,0,0,376.8,147.6
0,-1.2,0,0,0,375.6,168
0,-1.2,0,0,0,375.6,187.2
0,-1.2,0,0,0,375.6,206.4
0,-1.2,0,0,0,319.2,226.8
0,-1.2,0,0,0,319.2,244.8
0,-1.2,0,0,0,319.2,264
0,-1.2,0,0,0,319.2,282
0,-1.2,0,0,0,319.2,301.2
0,-1.2,0,0,0,338.4,226.8
0,-1.2,0,0,0,338.4,244.8
0,-1.2,0,0,0,338.4,264
0,-1.2,0,0,0,338.4,282
0,-1.2,0,0,0,338.4,301.2
0,-1.2,0,0,0,356.4,225.6
0,-1.2,0,0,0,356.4,244.8
0,-1.2,0,0,0,356.4,264
0,-1.2,0,0,0,356.4,282
0,-1.2,0,0,0,356.4,301.2
0,-1.2,0,0,0,375.6,225.6
0,-1.2,0,0,0,375.6,244.8
0,-1.2,0,0,0,375.6,264
0,-1.2,0,0,0,375.6,282
0,-1.2,0,0,0,375.6,301.2
0,0,0,0,0,319.2,319.2
0,0,0,0,0,319.2,338.4
0,0,0,0,0,319.2,356.4
0,0,0,0,0,319.2,374.4
0,0,0,0,0,319.2,393.6
0,0,0,0,0,338.4,319.2
0,0,0,0,0,338.4,338.4
0,0,0,0,0,338.4,356.4
0,0,0,0,0,338.4,375.6
0,0,0,0,0,338.4,393.6
0,0,0,0,0,356.4,319.2
0,0,0,0,0,356.4,338.4
0,0,0,0,0,356.4,356.4
0,0,0,0,0,356.4,375.6
0,0,0,0,0,356.4,393.6
0,0,0,0,0,374.4,319.2
0,0,0,0,0,375.6,338.4
0,0,0,0,0,375.6,356.4
0,0,0,0,0,375.6,375.6
0,0,0,0,0,375.6,393.6
0,0,0,0,0,319.2,412.8
0,0,0,0,0,319.2,432
0,0,0,0,0,319.2,451.2
0,0,0,0,0,319.2,470.4
0,0,0,0,0,319.2,489.6
0,0,0,0,0,338.4,412.8
0,0,0,0,0,338.4,432
0,0,0,0,0,338.4,451.2
0,0,0,0,0,338.4,470.4
0,0,0,0,0,338.4,490.8
0,0,0,0,0,356.4,412.8
0,0,0,0,0,356.4,432
0,0,0,0,0,357.6,451.2
0,0,0,0,0,357.6,470.4
0,0,0,0,0,357.6,490.8
0,0,0,0,0,375.6,412.8
0,0,0,0,0,375.6,432
0,0,0,0,0,375.6,451.2
0,0,0,0,0,375.6,470.4
0,0,0,0,0,376.8,490.8
0,0,0,0,0,319.2,510
0,0,0,0,0,319.2,530.4
0,0,0,0,0,319.2,552
0,0,0,0,0,319.2,573.6
0,0,0,0,0,319.2,595.2
0,0,0,0,0,338.4,510
0,0,0,0,0,338.4,530.4
0,0,0,0,0,338.4,552
0,0,0,0,0,338.4,573.6
0,0,0,0,0,339.6,595.2
0,0,0,0,0,357.6,510
0,0,0,0,0,357.6,531.6
0,0,0,0,0,357.6,552
0,0,0,0,0,358.8,573.6
0,0,0,0,0,358.8,595.2
0,0,0,0,0,376.8,511.2
0,0,0,0,0,376.8,531.6
0,0,0,0,0,378,552
0,0,0,0,0,378,573.6
0,0,0,0,0,379.2,595.2
0,-1.2,0,0,0,415.2,127.2
0,-1.2,0,0,0,415.2,147.6
0,-1.2,0,0,0,414,166.8
0,-1.2,0,0,0,414,187.2
0,-1.2,0,0,0,414,206.4
0,-1.2,0,0,0,435.6,126
0,-1.2,0,0,0,434.4,146.4
0,-1.2,0,0,0,434.4,166.8
0,-1.2,0,0,0,433.2,186
0,-1.2,0,0,0,433.2,206.4
0,-1.2,0,0,0,454.8,126
0,-1.2,0,0,0,454.8,146.4
0,-1.2,0,0,0,453.6,165.6
0,-1.2,0,0,0,452.4,186
0,-1.2,0,0,0,452.4,205.2
0,-1.2,0,0,0,475.2,124.8
0,-1.2,0,0,0,474,145.2
0,-1.2,0,0,0,474,165.6
0,-1.2,0,0,0,472.8,184.8
0,-1.2,0,0,0,471.6,205.2
0,-1.2,0,0,0,412.8,225.6
0,-1.2,0,0,0,412.8,244.8
0,-1.2,0,0,0,412.8,262.8
0,-1.2,0,0,0,412.8,282
0,-1.2,0,0,0,412.8,301.2
0,-1.2,0,0,0,432,225.6
0,-1.2,0,0,0,432,244.8
0,-1.2,0,0,0,432,262.8
0,-1.2,0,0,0,432,282
0,-1.2,0,0,0,432,301.2
0,-1.2,0,0,0,452.4,224.4
0,-1.2,0,0,0,451.2,243.6
0,-1.2,0,0,0,451.2,262.8
0,-1.2,0,0,0,451.2,282
0,-1.2,0,0,0,451.2,301.2
0,-1.2,0,0,0,471.6,224.4
0,-1.2,0,0,0,471.6,243.6
0,-1.2,0,0,0,470.4,262.8
0,-1.2,0,0,0,470.4,282
0,-1.2,0,0,0,470.4,300
0,0,0,0,0,412.8,319.2
0,0,0,0,0,412.8,338.4
0,0,0,0,0,412.8,356.4
0,0,0,0,0,412.8,375.6
0,0,0,0,0,412.8,394.8
0,0,0,0,0,432,319.2
0,0,0,0,0,432,338.4
0,0,0,0,0,432,356.4
0,0,0,0,0,432,375.6
0,0,0,0,0,432,394.8
0,0,0,0,0,451.2,319.2
0,0,0,0,0,451.2,338.4
0,0,0,0,0,451.2,357.6
0,0,0,0,0,451.2,375.6
0,0,0,0,0,451.2,394.8
0,0,0,0,0,470.4,319.2
0,0,0,0,0,470.4,338.4
0,0,0,0,0,470.4,357.6
0,0,0,0,0,470.4,375.6
0,0,0,0,0,471.6,394.8
0,0,0,0,0,412.8,412.8
0,0,0,0,0,414,432
0,0,0,0,0,414,452.4
0,0,0,0,0,414,471.6
0,0,0,0,0,415.2,492
0,0,0,0,0,432,414
0,0,0,0,0,433.2,433.2
0,0,0,0,0,433.2,452.4
0,0,0,0,0,434.4,471.6
0,0,0,0,0,434.4,492
0,0,0,0,0,452.4,414
0,0,0,0,0,452.4,433.2
0,0,0,0,0,452.4,452.4
0,0,0,0,0,453.6,472.8
0,0,0,0,0,454.8,493.2
0,0,0,0,0,471.6,414
0,0,0,0,0,471.6,434.4
0,0,0,0,0,472.8,453.6
0,0,0,0,0,474,474
0,0,0,0,0,474,493.2
0,0,0,0,0,415.2,512.4
0,0,0,0,0,416.4,532.8
0,0,0,0,0,416.4,553.2
0,0,0,0,0,417.6,574.8
0,0,0,0,0,418.8,597.6
0,0,0,0,0,435.6,512.4
0,0,0,0,0,435.6,532.8
0,0,0,0,0,436.8,554.4
0,0,0,0,0,438,576
0,0,0,0,0,439.2,597.6
0,0,0,0,0,454.8,513.6
0,0,0,0,0,456,534
0,0,0,0,0,457.2,555.6
0,0,0,0,0,458.4,577.2
0,0,0,0,0,459.6,598.8
0,0,0,0,0,475.2,514.8
0,0,0,0,0,476.4,535.2
0,0,0,0,0,477.6,556.8
0,0,0,0,0,478.8,578.4
0,0,0,0,0,480,600
0,-1.2,0,0,0,516,122.4
0,-1.2,0,0,0,514.8,142.8
0,-1.2,0,0,0,514.8,163.2
0,-1.2,0,0,0,513.6,183.6
0,-1.2,0,0,0,512.4,204
0,-1.2,0,0,0,537.6,121.2
0,-1.2,0,0,0,536.4,141.6
0,-1.2,0,0,0,535.2,162
0,-1.2,0,0,0,534,182.4
0,-1.2,0,0,0,532.8,202.8
0,-1.2,0,0,0,559.2,120
0,-1.2,0,0,0,558,140.4
0,-1.2,0,0,0,556.8,160.8
0,-1.2,0,0,0,555.6,181.2
0,-1.2,0,0,0,554.4,201.6
0,-1.2,0,0,0,580.8,117.6
0,-1.2,0,0,0,579.6,139.2
0,-1.2,0,0,0,578.4,159.6
0,-1.2,0,0,0,577.2,181.2
0,-1.2,0,0,0,576,200.4
0,-1.2,0,0,0,512.4,223.2
0,-1.2,0,0,0,511.2,242.4
0,-1.2,0,0,0,511.2,261.6
0,-1.2,0,0,0,510,280.8
0,-1.2,0,0,0,510,300
0,-1.2,0,0,0,532.8,222
0,-1.2,0,0,0,531.6,242.4
0,-1.2,0,0,0,531.6,261.6
0,-1.2,0,0,0,531.6,280.8
0,-1.2,0,0,0,530.4,300
0,-1.2,0,0,0,553.2,222
0,-1.2,0,0,0,553.2,241.2
0,-1.2,0,0,0,552,261.6
0,-1.2,0,0,0,552,280.8
0,-1.2,0,0,0,552,300
0,-1.2,0,0,0,574.8,220.8
0,-1.2,0,0,0,574.8,241.2
0,-1.2,0,0,0,573.6,260.4
0,-1.2,0,0,0,573.6,280.8
0,-1.2,0,0,0,573.6,300
0,0,0,0,0,510,319.2
0,0,0,0,0,510,338.4
0,0,0,0,0,510,357.6
0,0,0,0,0,511.2,376.8
0,0,0,0,0,511.2,396
0,0,0,0,0,530.4,319.2
0,0,0,0,0,530.4,338.4
0,0,0,0,0,531.6,357.6
0,0,0,0,0,531.6,376.8
0,0,0,0,0,531.6,397.2
0,0,0,0,0,552,319.2
0,0,0,0,0,552,338.4
0,0,0,0,0,552,357.6
0,0,0,0,0,552,378
0,0,0,0,0,553.2,397.2
0,0,0,0,0,573.6,319.2
0,0,0,0,0,573.6,338.4
0,0,0,0,0,573.6,358.8
0,0,0,0,0,573.6,378
0,0,0,0,0,574.8,398.4
0,0,0,0,0,512.4,415.2
0,0,0,0,0,512.4,435.6
0,0,0,0,0,513.6,454.8
0,0,0,0,0,514.8,475.2
0,0,0,0,0,514.8,495.6
0,0,0,0,0,532.8,416.4
0,0,0,0,0,532.8,435.6
0,0,0,0,0,534,456
0,0,0,0,0,535.2,476.4
0,0,0,0,0,536.4,496.8
0,0,0,0,0,553.2,416.4
0,0,0,0,0,554.4,436.8
0,0,0,0,0,555.6,457.2
0,0,0,0,0,556.8,477.6
0,0,0,0,0,558,498
0,0,0,0,0,574.8,417.6
0,0,0,0,0,576,438
0,0,0,0,0,577.2,458.4
0,0,0,0,0,578.4,478.8
0,0,0,0,0,579.6,499.2
0,0,0,0,0,516,516
0,0,0,0,0,517.2,537.6
0,0,0,0,0,519.6,559.2
0,0,0,0,0,520.8,580.8
0,0,0,0,0,522,603.6
0,0,0,0,0,537.6,517.2
0,0,0,0,0,538.8,538.8
0,0,0,0,0,540,560.4
0,0,0,0,0,542.4,583.2
0,0,0,0,0,543.6,604.8
0,0,0,0,0,559.2,519.6
0,0,0,0,0,560.4,540
0,0,0,0,0,562.8,562.8
0,0,0,0,0,564,584.4
0,0,0,0,0,566.4,607.2
0,0,0,0,0,580.8,520.8
0,0,0,0,0,583.2,542.4
0,0,0,0,0,584.4,564
0,0,0,0,0,586.8,586.8
0,0,0,0,0,589.2,609.6
-1.2,-1.2,0,0,0,129.6,129.6
-1.2,-1.2,0,0,0,130.8,148.8
-1.2,-1.2,0,0,0,132,169.2
-1.2,-1.2,0,0,0,132,188.4
-1.2,-1.2,0,0,0,133.2,207.6
-1.2,-1.2,0,0,0,148.8,130.8
-1.2,-1.2,0,0,0,150,150
-1.2,-1.2,0,0,0,151.2,170.4
-1.2,-1.2,0,0,0,152.4,189.6
-1.2,-1.2,0,0,0,152.4,208.8
-1.2,-1.2,0,0,0,169.2,132
-1.2,-1.2,0,0,0,170.4,151.2
-1.2,-1.2,0,0,0,170.4,170.4
-1.2,-1.2,0,0,0,171.6,189.6
-1.2,-1.2,0,0,0,171.6,208.8
-1.2,-1.2,0,0,0,188.4,132
-1.2,-1.2,0,0,0,189.6,152.4
-1.2,-1.2,0,0,0,189.6,171.6
-1.2,-1.2,0,0,0,190.8,190.8
-1.2,-1.2,0,0,0,190.8,208.8
-1.2,-1.2,0,0,0,133.2,226.8
-1.2,-1.2,0,0,0,134.4,244.8
-1.2,-1.2,0,0,0,134.4,264
-1.2,-1.2,0,0,0,134.4,282
-1.2,-1.2,0,0,0,134.4,301.2
-1.2,-1.2,0,0,0,153.6,226.8
-1.2,-1.2,0,0,0,153.6,246
-1.2,-1.2,0,0,0,153.6,264
-1.2,-1.2,0,0,0,154.8,283.2
-1.2,-1.2,0,0,0,154.8,301.2
-1.2,-1.2,0,0,0,172.8,228
-1.2,-1.2,0,0,0,172.8,246
-1.2,-1.2,0,0,0,172.8,264
-1.2,-1.2,0,0,0,172.8,283.2
-1.2,-1.2,0,0,0,174,301.2
-1.2,-1.2,0,0,0,190.8,228
-1.2,-1.2,0,0,0,192,246
-1.2,-1.2,0,0,0,192,265.2
-1.2,-1.2,0,0,0,192,283.2
-1.2,-1.2,0,0,0,192,301.2
-1.2,0,0,0,0,135.6,319.2
-1.2,0,0,0,0,134.4,338.4
-1.2,0,0,0,0,134.4,356.4
-1.2,0,0,0,0,134.4,374.4
-1.2,0,0,0,0,134.4,393.6
-1.2,0,0,0,0,154.8,319.2
-1.2,0,0,0,0,154.8,337.2
-1.2,0,0,0,0,154.8,356.4
-1.2,0,0,0,0,153.6,374.4
-1.2,0,0,0,0,153.6,393.6
-1.2,0,0,0,0,174,319.2
-1.2,0,0,0,0,174,337.2
-1.2,0,0,0,0,172.8,356.4
-1.2,0,0,0,0,172.8,374.4
-1.2,0,0,0,0,172.8,392.4
-1.2,0,0,0,0,192,319.2
-1.2,0,0,0,0,192,337.2
-1.2,0,0,0,0,192,355.2
-1.2,0,0,0,0,192,374.4
-1.2,0,0,0,0,192,392.4
-1.2,0,0,0,0,133.2,412.8
-1.2,0,0,0,0,133.2,430.8
-1.2,0,0,0,0,132,450
-1.2,0,0,0,0,132,469.2
-1.2,0,0,0,0,130.8,489.6
-1.2,0,0,0,0,153.6,411.6
-1.2,0,0,0,0,152.4,430.8
-1.2,0,0,0,0,152.4,450
-1.2,0,0,0,0,151.2,469.2
-1.2,0,0,0,0,150,488.4
-1.2,0,0,0,0,172.8,411.6
-1.2,0,0,0,0,171.6,429.6
-1.2,0,0,0,0,171.6,448.8
-1.2,0,0,0,0,170.4,468
-1.2,0,0,0,0,170.4,487.2
-1.2,0,0,0,0,190.8,410.4
-1.2,0,0,0,0,190.8,429.6
-1.2,0,0,0,0,190.8,448.8
-1.2,0,0,0,0,189.6,468
-1.2,0,0,0,0,189.6,487.2
-1.2,0,0,0,0,129.6,508.8
-1.2,0,0,0,0,128.4,529.2
-1.2,0,0,0,0,127.2,550.8
-1.2,0,0,0,0,126,571.2
-1.2,0,0,0,0,123.6,592.8
-1.2,0,0,0,0,148.8,508.8
-1.2,0,0,0,0,148.8,528
-1.2,0,0,0,0,147.6,549.6
-1.2,0,0,0,0,146.4,570
-1.2,0,0,0,0,144,591.6
-1.2,0,0,0,0,169.2,507.6
-1.2,0,0,0,0,168,528
-1.2,0,0,0,0,166.8,548.4
-1.2,0,0,0,0,165.6,568.8
-1.2,0,0,0,0,164.4,590.4
-1.2,0,0,0,0,188.4,506.4
-1.2,0,0,0,0,187.2,526.8
-1.2,0,0,0,0,187.2,547.2
-1.2,0,0,0,0,186,567.6
-1.2,0,0,0,0,184.8,589.2
-1.2,-1.2,0,0,0,226.8,133.2
-1.2,-1.2,0,0,0,226.8,153.6
-1.2,-1.2,0,0,0,228,172.8
-1.2,-1.2,0,0,0,228,190.8
-1.2,-1.2,0,0,0,228,210
-1.2,-1.2,0,0,0,244.8,134.4
-1.2,-1.2,0,0,0,246,153.6
-1.2,-1.2,0,0,0,246,172.8
-1.2,-1.2,0,0,0,246,192
-1.2,-1.2,0,0,0,247.2,210
-1.2,-1.2,0,0,0,264,134.4
-1.2,-1.2,0,0,0,264,153.6
-1.2,-1.2,0,0,0,264,172.8
-1.2,-1.2,0,0,0,265.2,192
-1.2,-1.2,0,0,0,265.2,211.2
-1.2,-1.2,0,0,0,282,134.4
-1.2,-1.2,0,0,0,283.2,154.8
-1.2,-1.2,0,0,0,283.2,172.8
-1.2,-1.2,0,0,0,283.2,192
-1.2,-1.2,0,0,0,283.2,211.2
-1.2,-1.2,0,0,0,229.2,229.2
-1.2,-1.2,0,0,0,229.2,247.2
-1.2,-1.2,0,0,0,229.2,265.2
-1.2,-1.2,0,0,0,229.2,283.2
-1.2,-1.2,0,0,0,229.2,301.2
-1.2,-1.2,0,0,0,247.2,229.2
-1.2,-1.2,0,0,0,247.2,247.2
-1.2,-1.2,0,0,0,247.2,265.2
-1.2,-1.2,0,0,0,247.2,283.2
-1.2,-1.2,0,0,0,247.2,301.2
-1.2,-1.2,0,0,0,265.2,229.2
-1.2,-1.2,0,0,0,265.2,247.2
-1.2,-1.2,0,0,0,265.2,265.2
-1.2,-1.2,0,0,0,265.2,283.2
-1.2,-1.2,0,0,0,265.2,301.2
-1.2,-1.2,0,0,0,283.2,229.2
-1.2,-1.2,0,0,0,283.2,247.2
-1.2,-1.2,0,0,0,283.2,265.2
-1.2,-1.2,0,0,0,283.2,283.2
-1.2,-1.2,0,0,0,283.2,301.2
-1.2,0,0,0,0,229.2,319.2
-1.2,0,0,0,0,229.2,337.2
-1.2,0,0,0,0,229.2,355.2
-1.2,0,0,0,0,229.2,373.2
-1.2,0,0,0,0,229.2,392.4
-1.2,0,0,0,0,247.2,319.2
-1.2,0,0,0,0,247.2,337.2
-1.2,0,0,0,0,247.2,355.2
-1.2,0,0,0,0,247.2,373.2
-1.2,0,0,0,0,247.2,391.2
-1.2,0,0,0,0,265.2,319.2
-1.2,0,0,0,0,265.2,337.2
-1.2,0,0,0,0,265.2,355.2
-1.2,0,0,0,0,265.2,373.2
-1.2,0,0,0,0,265.2,391.2
-1.2,0,0,0,0,283.2,319.2
-1.2,0,0,0,0,283.2,337.2
-1.2,0,0,0,0,283.2,355.2
-1.2,0,0,0,0,283.2,373.2
-1.2,0,0,0,0,283.2,391.2
-1.2,0,0,0,0,229.2,410.4
-1.2,0,0,0,0,228,428.4
-1.2,0,0,0,0,228,447.6
-1.2,0,0,0,0,228,466.8
-1.2,0,0,0,0,226.8,486
-1.2,0,0,0,0,247.2,410.4
-1.2,0,0,0,0,247.2,428.4
-1.2,0,0,0,0,246,447.6
-1.2,0,0,0,0,246,465.6
-1.2,0,0,0,0,246,484.8
-1.2,0,0,0,0,265.2,409.2
-1.2,0,0,0,0,265.2,428.4
-1.2,0,0,0,0,265.2,446.4
-1.2,0,0,0,0,264,465.6
-1.2,0,0,0,0,264,484.8
-1.2,0,0,0,0,283.2,409.2
-1.2,0,0,0,0,283.2,428.4
-1.2,0,0,0,0,283.2,446.4
-1.2,0,0,0,0,283.2,465.6
-1.2,0,0,0,0,283.2,484.8
-1.2,0,0,0,0,226.8,505.2
-1.2,0,0,0,0,225.6,525.6
-1.2,0,0,0,0,225.6,544.8
-1.2,0,0,0,0,224.4,566.4
-1.2,0,0,0,0,224.4,586.8
-1.2,0,0,0,0,244.8,505.2
-1.2,0,0,0,0,244.8,524.4
-1.2,0,0,0,0,244.8,544.8
-1.2,0,0,0,0,243.6,565.2
-1.2,0,0,0,0,243.6,586.8
-1.2,0,0,0,0,264,504
-1.2,0,0,0,0,264,524.4
-1.2,0,0,0,0,262.8,543.6
-1.2,0,0,0,0,262.8,565.2
-1.2,0,0,0,0,262.8,585.6
-1.2,0,0,0,0,282,504
-1.2,0,0,0,0,282,523.2
-1.2,0,0,0,0,282,543.6
-1.2,0,0,0,0,282,564
-1.2,0,0,0,0,282,585.6
0,-1.2,0,0,0,319.2,135.6
0,-1.2,0,0,0,319.2,154.8
0,-1.2,0,0,0,319.2,174
0,-1.2,0,0,0,319.2,192
0,-1.2,0,0,0,319.2,211.2
0,-1.2,0,0,0,338.4,134.4
0,-1.2,0,0,0,337.2,154.8
0,-1.2,0,0,0,337.2,174
0,-1.2,0,0,0,337.2,192
0,-1.2,0,0,0,337.2,211.2
0,-1.2,0,0,0,356.4,134.4
0,-1.2,0,0,0,356.4,154.8
0,-1.2,0,0,0,356.4,172.8
0,-1.2,0,0,0,355.2,192
0,-1.2,0,0,0,355.2,211.2
0,-1.2,0,0,0,374.4,134.4
0,-1.2,0,0,0,374.4,153.6
0,-1.2,0,0,0,374.4,172.8
0,-1.2,0,0,0,374.4,192
0,-1.2,0,0,0,373.2,211.2
0,-1.2,0,0,0,319.2,229.2
0,-1.2,0,0,0,319.2,247.2
0,-1.2,0,0,0,319.2,265.2
0,-1.2,0,0,0,319.2,283.2
0,-1.2,0,0,0,319.2,301.2
0,-1.2,0,0,0,337.2,229.2
0,-1.2,0,0,0,337.2,247.2
0,-1.2,0,0,0,337.2,265.2
0,-1.2,0,0,0,337.2,283.2
0,-1.2,0,0,0,337.2,301.2
0,-1.2,0,0,0,355.2,229.2
0,-1.2,0,0,0,355.2,247.2
0,-1.2,0,0,0,355.2,265.2
0,-1.2,0,0,0,355.2,283.2
0,-1.2,0,0,0,355.2,301.2
0,-1.2,0,0,0,373.2,229.2
0,-1.2,0,0,0,373.2,247.2
0,-1.2,0,0,0,373.2,265.2
0,-1.2,0,0,0,373.2,283.2
0,-1.2,0,0,0,373.2,301.2
0,0,0,0,0,319.2,319.2
0,0,0,0,0,319.2,337.2
0,0,0,0,0,319.2,355.2
0,0,0,0,0,319.2,373.2
0,0,0,0,0,319.2,391.2
0,0,0,0,0,337.2,319.2
0,0,0,0,0,337.2,337.2
0,0,0,0,0,337.2,355.2
0,0,0,0,0,337.2,373.2
0,0,0,0,0,337.2,391.2
0,0,0,0,0,355.2,319.2
0,0,0,0,0,355.2,337.2
0,0,0,0,0,355.2,355.2
0,0,0,0,0,355.2,373.2
0,0,0,0,0,355.2,391.2
0,0,0,0,0,373.2,319.2
0,0,0,0,0,373.2,337.2
0,0,0,0,0,373.2,355.2
0,0,0,0,0,373.2,373.2
0,0,0,0,0,373.2,391.2
0,0,0,0,0,319.2,409.2
0,0,0,0,0,319.2,428.4
0,0,0,0,0,319.2,446.4
0,0,0,0,0,319.2,465.6
0,0,0,0,0,319.2,484.8
0,0,0,0,0,337.2,409.2
0,0,0,0,0,337.2,428.4
0,0,0,0,0,337.2,446.4
0,0,0,0,0,337.2,465.6
0,0,0,0,0,337.2,484.8
0,0,0,0,0,355.2,409.2
0,0,0,0,0,355.2,428.4
0,0,0,0,0,355.2,446.4
0,0,0,0,0,356.4,465.6
0,0,0,0,0,356.4,484.8
0,0,0,0,0,373.2,409.2
0,0,0,0,0,373.2,428.4
0,0,0,0,0,374.4,446.4
0,0,0,0,0,374.4,465.6
0,0,0,0,0,374.4,484.8
0,0,0,0,0,319.2,504
0,0,0,0,0,319.2,523.2
0,0,0,0,0,319.2,543.6
0,0,0,0,0,319.2,564
0,0,0,0,0,319.2,585.6
0,0,0,0,0,338.4,504
0,0,0,0,0,338.4,523.2
0,0,0,0,0,338.4,543.6
0,0,0,0,0,338.4,564
0,0,0,0,0,338.4,585.6
0,0,0,0,0,356.4,504
0,0,0,0,0,356.4,523.2
0,0,0,0,0,356.4,543.6
0,0,0,0,0,357.6,564
0,0,0,0,0,357.6,585.6
0,0,0,0,0,374.4,504
0,0,0,0,0,375.6,524.4
0,0,0,0,0,375.6,543.6
0,0,0,0,0,375.6,565.2
0,0,0,0,0,376.8,585.6
0,-1.2,0,0,0,412.8,133.2
0,-1.2,0,0,0,411.6,153.6
0,-1.2,0,0,0,411.6,172.8
0,-1.2,0,0,0,410.4,190.8
0,-1.2,0,0,0,410.4,210
0,-1.2,0,0,0,430.8,133.2
0,-1.2,0,0,0,430.8,152.4
0,-1.2,0,0,0,429.6,171.6
0,-1.2,0,0,0,429.6,190.8
0,-1.2,0,0,0,429.6,210
0,-1.2,0,0,0,450,132
0,-1.2,0,0,0,450,152.4
0,-1.2,0,0,0,448.8,171.6
0,-1.2,0,0,0,448.8,190.8
0,-1.2,0,0,0,447.6,208.8
0,-1.2,0,0,0,469.2,132
0,-1.2,0,0,0,469.2,151.2
0,-1.2,0,0,0,468,170.4
0,-1.2,0,0,0,468,189.6
0,-1.2,0,0,0,466.8,208.8
0,-1.2,0,0,0,410.4,229.2
0,-1.2,0,0,0,410.4,247.2
0,-1.2,0,0,0,409.2,265.2
0,-1.2,0,0,0,409.2,283.2
0,-1.2,0,0,0,409.2,301.2
0,-1.2,0,0,0,428.4,228
0,-1.2,0,0,0,428.4,247.2
0,-1.2,0,0,0,428.4,265.2
0,-1.2,0,0,0,428.4,283.2
0,-1.2,0,0,0,428.4,301.2
0,-1.2,0,0,0,447.6,228
0,-1.2,0,0,0,447.6,246
0,-1.2,0,0,0,446.4,265.2
0,-1.2,0,0,0,446.4,283.2
0,-1.2,0,0,0,446.4,301.2
0,-1.2,0,0,0,466.8,228
0,-1.2,0,0,0,465.6,246
0,-1.2,0,0,0,465.6,264
0,-1.2,0,0,0,465.6,283.2
0,-1.2,0,0,0,465.6,301.2
0,0,0,0,0,409.2,319.2
0,0,0,0,0,409.2,337.2
0,0,0,0,0,409.2,355.2
0,0,0,0,0,409.2,373.2
0,0,0,0,0,410.4,392.4
0,0,0,0,0,428.4,319.2
0,0,0,0,0,428.4,337.2
0,0,0,0,0,428.4,355.2
0,0,0,0,0,428.4,373.2
0,0,0,0,0,428.4,392.4
0,0,0,0,0,446.4,319.2
0,0,0,0,0,446.4,337.2
0,0,0,0,0,446.4,355.2
0,0,0,0,0,446.4,374.4
0,0,0,0,0,447.6,392.4
0,0,0,0,0,465.6,319.2
0,0,0,0,0,465.6,337.2
0,0,0,0,0,465.6,356.4
0,0,0,0,0,465.6,374.4
0,0,0,0,0,465.6,392.4
0,0,0,0,0,410.4,410.4
0,0,0,0,0,410.4,428.4
0,0,0,0,0,410.4,447.6
0,0,0,0,0,411.6,466.8
0,0,0,0,0,411.6,486
0,0,0,0,0,428.4,410.4
0,0,0,0,0,429.6,429.6
0,0,0,0,0,429.6,447.6
0,0,0,0,0,429.6,466.8
0,0,0,0,0,430.8,486
0,0,0,0,0,447.6,410.4
0,0,0,0,0,447.6,429.6
0,0,0,0,0,448.8,448.8
0,0,0,0,0,448.8,468
0,0,0,0,0,450,487.2
0,0,0,0,0,466.8,411.6
0,0,0,0,0,466.8,429.6
0,0,0,0,0,468,448.8
0,0,0,0,0,468,468
0,0,0,0,0,469.2,487.2
0,0,0,0,0,412.8,505.2
0,0,0,0,0,412.8,525.6
0,0,0,0,0,414,544.8
0,0,0,0,0,414,566.4
0,0,0,0,0,415.2,586.8
0,0,0,0,0,430.8,505.2
0,0,0,0,0,432,525.6
0,0,0,0,0,433.2,546
0,0,0,0,0,433.2,566.4
0,0,0,0,0,434.4,588
0,0,0,0,0,450,506.4
0,0,0,0,0,451.2,526.8
0,0,0,0,0,452.4,547.2
0,0,0,0,0,453.6,567.6
0,0,0,0,0,453.6,589.2
0,0,0,0,0,469.2,507.6
0,0,0,0,0,470.4,528
0,0,0,0,0,471.6,548.4
0,0,0,0,0,472.8,568.8
0,0,0,0,0,474,590.4
0,-1.2,0,0,0,508.8,129.6
0,-1.2,0,0,0,508.8,148.8
0,-1.2,0,0,0,507.6,169.2
0,-1.2,0,0,0,506.4,188.4
0,-1.2,0,0,0,505.2,207.6
0,-1.2,0,0,0,529.2,128.4
0,-1.2,0,0,0,528,148.8
0,-1.2,0,0,0,528,168
0,-1.2,0,0,0,526.8,187.2
0,-1.2,0,0,0,525.6,206.4
0,-1.2,0,0,0,550.8,127.2
0,-1.2,0,0,0,549.6,147.6
0,-1.2,0,0,0,548.4,166.8
0,-1.2,0,0,0,547.2,187.2
0,-1.2,0,0,0,546,206.4
0,-1.2,0,0,0,571.2,126
0,-1.2,0,0,0,570,146.4
0,-1.2,0,0,0,568.8,165.6
0,-1.2,0,0,0,567.6,186
0,-1.2,0,0,0,566.4,205.2
0,-1.2,0,0,0,505.2,226.8
0,-1.2,0,0,0,505.2,244.8
0,-1.2,0,0,0,504,264
0,-1.2,0,0,0,504,282
0,-1.2,0,0,0,504,301.2
0,-1.2,0,0,0,525.6,225.6
0,-1.2,0,0,0,524.4,244.8
0,-1.2,0,0,0,524.4,264
0,-1.2,0,0,0,523.2,282
0,-1.2,0,0,0,523.2,301.2
0,-1.2,0,0,0,544.8,225.6
0,-1.2,0,0,0,544.8,244.8
0,-1.2,0,0,0,543.6,262.8
0,-1.2,0,0,0,543.6,282
0,-1.2,0,0,0,543.6,301.2
0,-1.2,0,0,0,566.4,224.4
0,-1.2,0,0,0,565.2,243.6
0,-1.2,0,0,0,565.2,262.8
0,-1.2,0,0,0,564,282
0,-1.2,0,0,0,564,300
0,0,0,0,0,504,319.2
0,0,0,0,0,504,338.4
0,0,0,0,0,504,356.4
0,0,0,0,0,504,374.4
0,0,0,0,0,505.2,393.6
0,0,0,0,0,523.2,319.2
0,0,0,0,0,523.2,338.4
0,0,0,0,0,523.2,356.4
0,0,0,0,0,524.4,375.6
0,0,0,0,0,524.4,393.6
0,0,0,0,0,543.6,319.2
0,0,0,0,0,543.6,338.4
0,0,0,0,0,543.6,356.4
0,0,0,0,0,543.6,375.6
0,0,0,0,0,544.8,394.8
0,0,0,0,0,564,319.2
0,0,0,0,0,564,338.4
0,0,0,0,0,564,357.6
0,0,0,0,0,565.2,375.6
0,0,0,0,0,565.2,394.8
0,0,0,0,0,505.2,412.8
0,0,0,0,0,505.2,430.8
0,0,0,0,0,506.4,450
0,0,0,0,0,507.6,469.2
0,0,0,0,0,508.8,489.6
0,0,0,0,0,525.6,412.8
0,0,0,0,0,525.6,432
0,0,0,0,0,526.8,451.2
0,0,0,0,0,528,470.4
0,0,0,0,0,528,490.8
0,0,0,0,0,544.8,414
0,0,0,0,0,546,433.2
0,0,0,0,0,547.2,452.4
0,0,0,0,0,548.4,471.6
0,0,0,0,0,549.6,492
0,0,0,0,0,566.4,414
0,0,0,0,0,566.4,433.2
0,0,0,0,0,567.6,453.6
0,0,0,0,0,568.8,472.8
0,0,0,0,0,570,493.2
0,0,0,0,0,508.8,508.8
0,0,0,0,0,510,529.2
0,0,0,0,0,512.4,550.8
0,0,0,0,0,513.6,571.2
0,0,0,0,0,514.8,592.8
0,0,0,0,0,529.2,510
0,0,0,0,0,530.4,530.4
0,0,0,0,0,532.8,552
0,0,0,0,0,534,572.4
0,0,0,0,0,535.2,594
0,0,0,0,0,550.8,512.4
0,0,0,0,0,552,532.8
0,0,0,0,0,553.2,553.2
0,0,0,0,0,554.4,574.8
0,0,0,0,0,556.8,596.4
0,0,0,0,0,571.2,513.6
0,0,0,0,0,572.4,534
0,0,0,0,0,574.8,554.4
0,0,0,0,0,576,576
0,0,0,0,0,578.4,598.8
-1.2,-1.2,0,0,0,135.6,135.6
-1.2,-1.2,0,0,0,136.8,154.8
-1.2,-1.2,0,0,0,138,174
-1.2,-1.2,0,0,0,139.2,193.2
-1.2,-1.2,0,0,0,139.2,211.2
-1.2,-1.2,0,0,0,154.8,136.8
-1.2,-1.2,0,0,0,156,156
-1.2,-1.2,0,0,0,157.2,175.2
-1.2,-1.2,0,0,0,157.2,193.2
-1.2,-1.2,0,0,0,158.4,212.4
-1.2,-1.2,0,0,0,174,138
-1.2,-1.2,0,0,0,175.2,157.2
-1.2,-1.2,0,0,0,175.2,175.2
-1.2,-1.2,0,0,0,176.4,194.4
-1.2,-1.2,0,0,0,176.4,212.4
-1.2,-1.2,0,0,0,193.2,139.2
-1.2,-1.2,0,0,0,193.2,157.2
-1.2,-1.2,0,0,0,194.4,176.4
-1.2,-1.2,0,0,0,194.4,194.4
-1.2,-1.2,0,0,0,195.6,212.4
-1.2,-1.2,0,0,0,140.4,229.2
-1.2,-1.2,0,0,0,140.4,247.2
-1.2,-1.2,0,0,0,140.4,265.2
-1.2,-1.2,0,0,0,140.4,283.2
-1.2,-1.2,0,0,0,141.6,301.2
-1.2,-1.2,0,0,0,158.4,230.4
-1.2,-1.2,0,0,0,159.6,248.4
-1.2,-1.2,0,0,0,159.6,266.4
-1.2,-1.2,0,0,0,159.6,284.4
-1.2,-1.2,0,0,0,159.6,301.2
-1.2,-1.2,0,0,0,177.6,230.4
-1.2,-1.2,0,0,0,177.6,248.4
-1.2,-1.2,0,0,0,177.6,266.4
-1.2,-1.2,0,0,0,177.6,284.4
-1.2,-1.2,0,0,0,177.6,301.2
-1.2,-1.2,0,0,0,195.6,230.4
-1.2,-1.2,0,0,0,195.6,248.4
-1.2,-1.2,0,0,0,195.6,266.4
-1.2,-1.2,0,0,0,196.8,284.4
-1.2,-1.2,0,0,0,196.8,302.4
-1.2,0,0,0,0,141.6,319.2
-1.2,0,0,0,0,141.6,337.2
-1.2,0,0,0,0,140.4,355.2
-1.2,0,0,0,0,140.4,373.2
-1.2,0,0,0,0,140.4,391.2
-1.2,0,0,0,0,159.6,319.2
-1.2,0,0,0,0,159.6,337.2
-1.2,0,0,0,0,159.6,355.2
-1.2,0,0,0,0,159.6,373.2
-1.2,0,0,0,0,159.6,391.2
-1.2,0,0,0,0,178.8,319.2
-1.2,0,0,0,0,177.6,337.2
-1.2,0,0,0,0,177.6,355.2
-1.2,0,0,0,0,177.6,372
-1.2,0,0,0,0,177.6,390
-1.2,0,0,0,0,196.8,319.2
-1.2,0,0,0,0,196.8,337.2
-1.2,0,0,0,0,196.8,354
-1.2,0,0,0,0,195.6,372
-1.2,0,0,0,0,195.6,390
-1.2,0,0,0,0,140.4,409.2
-1.2,0,0,0,0,139.2,427.2
-1.2,0,0,0,0,139.2,446.4
-1.2,0,0,0,0,138,464.4
-1.2,0,0,0,0,136.8,483.6
-1.2,0,0,0,0,158.4,409.2
-1.2,0,0,0,0,158.4,427.2
-1.2,0,0,0,0,157.2,445.2
-1.2,0,0,0,0,157.2,464.4
-1.2,0,0,0,0,156,482.4
-1.2,0,0,0,0,177.6,408
-1.2,0,0,0,0,176.4,426
-1.2,0,0,0,0,176.4,445.2
-1.2,0,0,0,0,175.2,463.2
-1.2,0,0,0,0,175.2,482.4
-1.2,0,0,0,0,195.6,408
-1.2,0,0,0,0,195.6,426
-1.2,0,0,0,0,194.4,444
-1.2,0,0,0,0,194.4,462
-1.2,0,0,0,0,193.2,481.2
-1.2,0,0,0,0,135.6,502.8
-1.2,0,0,0,0,134.4,522
-1.2,0,0,0,0,134.4,542.4
-1.2,0,0,0,0,132,562.8
-1.2,0,0,0,0,130.8,583.2
-1.2,0,0,0,0,154.8,501.6
-1.2,0,0,0,0,154.8,520.8
-1.2,0,0,0,0,153.6,541.2
-1.2,0,0,0,0,152.4,561.6
-1.2,0,0,0,0,151.2,582
-1.2,0,0,0,0,174,500.4
-1.2,0,0,0,0,172.8,520.8
-1.2,0,0,0,0,172.8,540
-1.2,0,0,0,0,171.6,560.4
-1.2,0,0,0,0,170.4,580.8
-1.2,0,0,0,0,193.2,500.4
-1.2,0,0,0,0,192,519.6
-1.2,0,0,0,0,190.8,538.8
-1.2,0,0,0,0,190.8,559.2
-1.2,0,0,0,0,189.6,579.6
-1.2,-1.2,0,0,0,229.2,140.4
-1.2,-1.2,0,0,0,230.4,158.4
-1.2,-1.2,0,0,0,230.4,177.6
-1.2,-1.2,0,0,0,230.4,195.6
-1.2,-1.2,0,0,0,231.6,213.6
-1.2,-1.2,0,0,0,247.2,140.4
-1.2,-1.2,0,0,0,248.4,159.6
-1.2,-1.2,0,0,0,248.4,177.6
-1.2,-1.2,0,0,0,248.4,195.6
-1.2,-1.2,0,0,0,249.6,213.6
-1.2,-1.2,0,0,0,265.2,140.4
-1.2,-1.2,0,0,0,266.4,159.6
-1.2,-1.2,0,0,0,266.4,177.6
-1.2,-1.2,0,0,0,266.4,195.6
-1.2,-1.2,0,0,0,266.4,213.6
-1.2,-1.2,0,0,0,283.2,140.4
-1.2,-1.2,0,0,0,284.4,159.6
-1.2,-1.2,0,0,0,284.4,177.6
-1.2,-1.2,0,0,0,284.4,196.8
-1.2,-1.2,0,0,0,284.4,214.8
-1.2,-1.2,0,0,0,231.6,231.6
-1.2,-1.2,0,0,0,231.6,249.6
-1.2,-1.2,0,0,0,231.6,266.4
-1.2,-1.2,0,0,0,231.6,284.4
-1.2,-1.2,0,0,0,231.6,302.4
-1.2,-1.2,0,0,0,249.6,231.6
-1.2,-1.2,0,0,0,249.6,249.6
-1.2,-1.2,0,0,0,249.6,267.6
-1.2,-1.2,0,0,0,249.6,284.4
-1.2,-1.2,0,0,0,249.6,302.4
-1.2,-1.2,0,0,0,266.4,231.6
-1.2,-1.2,0,0,0,267.6,249.6
-1.2,-1.2,0,0,0,267.6,267.6
-1.2,-1.2,0,0,0,267.6,284.4
-1.2,-1.2,0,0,0,267.6,302.4
-1.2,-1.2,0,0,0,284.4,231.6
-1.2,-1.2,0,0,0,284.4,249.6
-1.2,-1.2,0,0,0,284.4,267.6
-1.2,-1.2,0,0,0,284.4,284.4
-1.2,-1.2,0,0,0,284.4,302.4
-1.2,0,0,0,0,231.6,319.2
-1.2,0,0,0,0,231.6,337.2
-1.2,0,0,0,0,231.6,354
-1.2,0,0,0,0,231.6,372
-1.2,0,0,0,0,231.6,390
-1.2,0,0,0,0,249.6,319.2
-1.2,0,0,0,0,249.6,337.2
-1.2,0,0,0,0,249.6,354
-1.2,0,0,0,0,249.6,372
-1.2,0,0,0,0,249.6,388.8
-1.2,0,0,0,0,267.6,319.2
-1.2,0,0,0,0,267.6,337.2
-1.2,0,0,0,0,267.6,354
-1.2,0,0,0,0,267.6,372
-1.2,0,0,0,0,267.6,388.8
-1.2,0,0,0,0,284.4,319.2
-1.2,0,0,0,0,284.4,337.2
-1.2,0,0,0,0,284.4,354
-1.2,0,0,0,0,284.4,372
-1.2,0,0,0,0,284.4,388.8
-1.2,0,0,0,0,231.6,406.8
-1.2,0,0,0,0,231.6,424.8
-1.2,0,0,0,0,230.4,442.8
-1.2,0,0,0,0,230.4,462
-1.2,0,0,0,0,230.4,480
-1.2,0,0,0,0,249.6,406.8
-1.2,0,0,0,0,249.6,424.8
-1.2,0,0,0,0,248.4,442.8
-1.2,0,0,0,0,248.4,460.8
-1.2,0,0,0,0,248.4,480
-1.2,0,0,0,0,266.4,406.8
-1.2,0,0,0,0,266.4,424.8
-1.2,0,0,0,0,266.4,442.8
-1.2,0,0,0,0,266.4,460.8
-1.2,0,0,0,0,266.4,478.8
-1.2,0,0,0,0,284.4,406.8
-1.2,0,0,0,0,284.4,424.8
-1.2,0,0,0,0,284.4,442.8
-1.2,0,0,0,0,284.4,460.8
-1.2,0,0,0,0,284.4,478.8
-1.2,0,0,0,0,229.2,499.2
-1.2,0,0,0,0,229.2,518.4
-1.2,0,0,0,0,228,537.6
-1.2,0,0,0,0,228,556.8
-1.2,0,0,0,0,226.8,577.2
-1.2,0,0,0,0,247.2,498
-1.2,0,0,0,0,247.2,517.2
-1.2,0,0,0,0,247.2,536.4
-1.2,0,0,0,0,246,556.8
-1.2,0,0,0,0,246,577.2
-1.2,0,0,0,0,265.2,498
-1.2,0,0,0,0,265.2,517.2
-1.2,0,0,0,0,265.2,536.4
-1.2,0,0,0,0,265.2,556.8
-1.2,0,0,0,0,264,576
-1.2,0,0,0,0,283.2,498
-1.2,0,0,0,0,283.2,517.2
-1.2,0,0,0,0,283.2,536.4
-1.2,0,0,0,0,283.2,555.6
-1.2,0,0,0,0,283.2,576
0,-1.2,0,0,0,319.2,141.6
0,-1.2,0,0,0,319.2,159.6
0,-1.2,0,0,0,319.2,178.8
0,-1.2,0,0,0,319.2,196.8
0,-1.2,0,0,0,319.2,214.8
0,-1.2,0,0,0,337.2,141.6
0,-1.2,0,0,0,337.2,159.6
0,-1.2,0,0,0,337.2,177.6
0,-1.2,0,0,0,337.2,196.8
0,-1.2,0,0,0,337.2,214.8
0,-1.2,0,0,0,355.2,140.4
0,-1.2,0,0,0,355.2,159.6
0,-1.2,0,0,0,355.2,177.6
0,-1.2,0,0,0,354,196.8
0,-1.2,0,0,0,354,214.8
0,-1.2,0,0,0,373.2,140.4
0,-1.2,0,0,0,373.2,159.6
0,-1.2,0,0,0,372,177.6
0,-1.2,0,0,0,372,195.6
0,-1.2,0,0,0,372,213.6
0,-1.2,0,0,0,319.2,231.6
0,-1.2,0,0,0,319.2,249.6
0,-1.2,0,0,0,319.2,267.6
0,-1.2,0,0,0,319.2,284.4
0,-1.2,0,0,0,319.2,302.4
0,-1.2,0,0,0,337.2,231.6
0,-1.2,0,0,0,337.2,249.6
0,-1.2,0,0,0,337.2,267.6
0,-1.2,0,0,0,337.2,284.4
0,-1.2,0,0,0,337.2,302.4
0,-1.2,0,0,0,354,231.6
0,-1.2,0,0,0,354,249.6
0,-1.2,0,0,0,354,267.6
0,-1.2,0,0,0,354,284.4
0,-1.2,0,0,0,354,302.4
0,-1.2,0,0,0,372,231.6
0,-1.2,0,0,0,372,249.6
0,-1.2,0,0,0,372,267.6
0,-1.2,0,0,0,372,284.4
0,-1.2,0,0,0,372,302.4
0,0,0,0,0,319.2,319.2
0,0,0,0,0,319.2,337.2
0,0,0,0,0,319.2,354
0,0,0,0,0,319.2,372
0,0,0,0,0,319.2,388.8
0,0,0,0,0,337.2,319.2
0,0,0,0,0,337.2,337.2
0,0,0,0,0,337.2,354
0,0,0,0,0,337.2,372
0,0,0,0,0,337.2,388.8
0,0,0,0,0,354,319.2
0,0,0,0,0,354,337.2
0,0,0,0,0,354,354
0,0,0,0,0,354,372
0,0,0,0,0,354,388.8
0,0,0,0,0,372,319.2
0,0,0,0,0,372,337.2
0,0,0,0,0,372,354
0,0,0,0,0,372,372
0,0,0,0,0,372,388.8
0,0,0,0,0,319.2,406.8
0,0,0,0,0,319.2,424.8
0,0,0,0,0,319.2,442.8
0,0,0,0,0,319.2,460.8
0,0,0,0,0,319.2,478.8
0,0,0,0,0,337.2,406.8
0,0,0,0,0,337.2,424.8
0,0,0,0,0,337.2,442.8
0,0,0,0,0,337.2,460.8
0,0,0,0,0,337.2,478.8
0,0,0,0,0,354,406.8
0,0,0,0,0,354,424.8
0,0,0,0,0,354,442.8
0,0,0,0,0,355.2,460.8
0,0,0,0,0,355.2,478.8
0,0,0,0,0,372,406.8
0,0,0,0,0,372,424.8
0,0,0,0,0,372,442.8
0,0,0,0,0,372,460.8
0,0,0,0,0,373.2,478.8
0,0,0,0,0,319.2,498
0,0,0,0,0,319.2,517.2
0,0,0,0,0,319.2,536.4
0,0,0,0,0,319.2,555.6
0,0,0,0,0,319.2,576
0,0,0,0,0,337.2,498
0,0,0,0,0,337.2,517.2
0,0,0,0,0,337.2,536.4
0,0,0,0,0,337.2,555.6
0,0,0,0,0,337.2,576
0,0,0,0,0,355.2,498
0,0,0,0,0,355.2,517.2
0,0,0,0,0,355.2,536.4
0,0,0,0,0,355.2,555.6
0,0,0,0,0,356.4,576
0,0,0,0,0,373.2,498
0,0,0,0,0,373.2,517.2
0,0,0,0,0,373.2,536.4
0,0,0,0,0,374.4,556.8
0,0,0,0,0,374.4,576
0,-1.2,0,0,0,409.2,140.4
0,-1.2,0,0,0,409.2,158.4
0,-1.2,0,0,0,408,177.6
0,-1.2,0,0,0,408,195.6
0,-1.2,0,0,0,408,213.6
0,-1.2,0,0,0,427.2,139.2
0,-1.2,0,0,0,427.2,158.4
0,-1.2,0,0,0,426,176.4
0,-1.2,0,0,0,426,195.6
0,-1.2,0,0,0,426,213.6
0,-1.2,0,0,0,446.4,139.2
0,-1.2,0,0,0,445.2,157.2
0,-1.2,0,0,0,445.2,176.4
0,-1.2,0,0,0,444,194.4
0,-1.2,0,0,0,444,212.4
0,-1.2,0,0,0,464.4,138
0,-1.2,0,0,0,464.4,157.2
0,-1.2,0,0,0,463.2,175.2
0,-1.2,0,0,0,462,194.4
0,-1.2,0,0,0,462,212.4
0,-1.2,0,0,0,406.8,231.6
0,-1.2,0,0,0,406.8,249.6
0,-1.2,0,0,0,406.8,266.4
0,-1.2,0,0,0,406.8,284.4
0,-1.2,0,0,0,406.8,302.4
0,-1.2,0,0,0,424.8,231.6
0,-1.2,0,0,0,424.8,249.6
0,-1.2,0,0,0,424.8,266.4
0,-1.2,0,0,0,424.8,284.4
0,-1.2,0,0,0,424.8,302.4
0,-1.2,0,0,0,442.8,230.4
0,-1.2,0,0,0,442.8,248.4
0,-1.2,0,0,0,442.8,266.4
0,-1.2,0,0,0,442.8,284.4
0,-1.2,0,0,0,442.8,302.4
0,-1.2,0,0,0,462,230.4
0,-1.2,0,0,0,460.8,248.4
0,-1.2,0,0,0,460.8,266.4
0,-1.2,0,0,0,460.8,284.4
0,-1.2,0,0,0,460.8,301.2
0,0,0,0,0,406.8,319.2
0,0,0,0,0,406.8,337.2
0,0,0,0,0,406.8,354
0,0,0,0,0,406.8,372
0,0,0,0,0,406.8,390
0,0,0,0,0,424.8,319.2
0,0,0,0,0,424.8,337.2
0,0,0,0,0,424.8,354
0,0,0,0,0,424.8,372
0,0,0,0,0,424.8,390
0,0,0,0,0,442.8,319.2
0,0,0,0,0,442.8,337.2
0,0,0,0,0,442.8,354
0,0,0,0,0,442.8,372
0,0,0,0,0,442.8,390
0,0,0,0,0,460.8,319.2
0,0,0,0,0,460.8,337.2
0,0,0,0,0,460.8,355.2
0,0,0,0,0,460.8,372
0,0,0,0,0,460.8,390
0,0,0,0,0,406.8,406.8
0,0,0,0,0,408,424.8
0,0,0,0,0,408,442.8
0,0,0,0,0,408,462
0,0,0,0,0,409.2,480
0,0,0,0,0,424.8,408
0,0,0,0,0,426,426
0,0,0,0,0,426,444
0,0,0,0,0,426,462
0,0,0,0,0,427.2,481.2
0,0,0,0,0,442.8,408
0,0,0,0,0,444,426
0,0,0,0,0,444,444
0,0,0,0,0,445.2,462
0,0,0,0,0,445.2,481.2
0,0,0,0,0,462,408
0,0,0,0,0,462,426
0,0,0,0,0,462,445.2
0,0,0,0,0,463.2,463.2
0,0,0,0,0,464.4,482.4
0,0,0,0,0,409.2,499.2
0,0,0,0,0,409.2,518.4
0,0,0,0,0,410.4,537.6
0,0,0,0,0,410.4,556.8
0,0,0,0,0,411.6,577.2
0,0,0,0,0,427.2,499.2
0,0,0,0,0,428.4,518.4
0,0,0,0,0,428.4,538.8
0,0,0,0,0,429.6,558
0,0,0,0,0,430.8,578.4
0,0,0,0,0,446.4,500.4
0,0,0,0,0,446.4,519.6
0,0,0,0,0,447.6,538.8
0,0,0,0,0,448.8,559.2
0,0,0,0,0,448.8,579.6
0,0,0,0,0,464.4,500.4
0,0,0,0,0,465.6,520.8
0,0,0,0,0,466.8,540
0,0,0,0,0,468,560.4
0,0,0,0,0,468,580.8
0,-1.2,0,0,0,502.8,135.6
0,-1.2,0,0,0,501.6,154.8
0,-1.2,0,0,0,500.4,174
0,-1.2,0,0,0,500.4,193.2
0,-1.2,0,0,0,499.2,211.2
0,-1.2,0,0,0,522,134.4
0,-1.2,0,0,0,520.8,154.8
0,-1.2,0,0,0,520.8,172.8
0,-1.2,0,0,0,519.6,192
0,-1.2,0,0,0,518.4,211.2
0,-1.2,0,0,0,542.4,134.4
0,-1.2,0,0,0,541.2,153.6
0,-1.2,0,0,0,540,172.8
0,-1.2,0,0,0,538.8,190.8
0,-1.2,0,0,0,538.8,210
0,-1.2,0,0,0,562.8,132
0,-1.2,0,0,0,561.6,152.4
0,-1.2,0,0,0,560.4,171.6
0,-1.2,0,0,0,559.2,190.8
0,-1.2,0,0,0,558,208.8
0,-1.2,0,0,0,499.2,229.2
0,-1.2,0,0,0,498,247.2
0,-1.2,0,0,0,498,265.2
0,-1.2,0,0,0,498,283.2
0,-1.2,0,0,0,498,301.2
0,-1.2,0,0,0,518.4,229.2
0,-1.2,0,0,0,517.2,247.2
0,-1.2,0,0,0,517.2,265.2
0,-1.2,0,0,0,517.2,283.2
0,-1.2,0,0,0,517.2,301.2
0,-1.2,0,0,0,537.6,228
0,-1.2,0,0,0,536.4,247.2
0,-1.2,0,0,0,536.4,265.2
0,-1.2,0,0,0,536.4,283.2
0,-1.2,0,0,0,536.4,301.2
0,-1.2,0,0,0,556.8,228
0,-1.2,0,0,0,556.8,246
0,-1.2,0,0,0,556.8,265.2
0,-1.2,0,0,0,555.6,283.2
0,-1.2,0,0,0,555.6,301.2
0,0,0,0,0,498,319.2
0,0,0,0,0,498,337.2
0,0,0,0,0,498,355.2
0,0,0,0,0,498,373.2
0,0,0,0,0,498,391.2
0,0,0,0,0,517.2,319.2
0,0,0,0,0,517.2,337.2
0,0,0,0,0,517.2,355.2
0,0,0,0,0,517.2,373.2
0,0,0,0,0,517.2,391.2
0,0,0,0,0,536.4,319.2
0,0,0,0,0,536.4,337.2
0,0,0,0,0,536.4,355.2
0,0,0,0,0,536.4,373.2
0,0,0,0,0,536.4,392.4
0,0,0,0,0,555.6,319.2
0,0,0,0,0,555.6,337.2
0,0,0,0,0,555.6,355.2
0,0,0,0,0,556.8,374.4
0,0,0,0,0,556.8,392.4
0,0,0,0,0,499.2,409.2
0,0,0,0,0,499.2,427.2
0,0,0,0,0,500.4,446.4
0,0,0,0,0,500.4,464.4
0,0,0,0,0,501.6,483.6
0,0,0,0,0,518.4,409.2
0,0,0,0,0,518.4,428.4
0,0,0,0,0,519.6,446.4
0,0,0,0,0,520.8,465.6
0,0,0,0,0,520.8,484.8
0,0,0,0,0,537.6,410.4
0,0,0,0,0,538.8,428.4
0,0,0,0,0,538.8,447.6
0,0,0,0,0,540,466.8
0,0,0,0,0,541.2,486
0,0,0,0,0,556.8,410.4
0,0,0,0,0,558,429.6
0,0,0,0,0,559.2,448.8
0,0,0,0,0,560.4,468
0,0,0,0,0,561.6,487.2
0,0,0,0,0,502.8,502.8
0,0,0,0,0,504,522
0,0,0,0,0,505.2,542.4
0,0,0,0,0,506.4,562.8
0,0,0,0,0,507.6,583.2
0,0,0,0,0,522,504
0,0,0,0,0,523.2,523.2
0,0,0,0,0,524.4,543.6
0,0,0,0,0,525.6,564
0,0,0,0,0,528,584.4
0,0,0,0,0,542.4,505.2
0,0,0,0,0,543.6,524.4
0,0,0,0,0,544.8,544.8
0,0,0,0,0,546,565.2
0,0,0,0,0,548.4,585.6
0,0,0,0,0,562.8,506.4
0,0,0,0,0,564,525.6
0,0,0,0,0,565.2,546
0,0,0,0,0,566.4,566.4
0,0,0,0,0,568.8,588
-1.2,-1.2,0,0,0,141.6,141.6
-1.2,-1.2,0,0,0,142.8,160.8
-1.2,-1.2,0,0,0,144,178.8
-1.2,-1.2,0,0,0,144,196.8
-1.2,-1.2,0,0,0,145.2,214.8
-1.2,-1.2,0,0,0,160.8,142.8
-1.2,-1.2,0,0,0,162,162
-1.2,-1.2,0,0,0,162,180
-1.2,-1.2,0,0,0,163.2,198
-1.2,-1.2,0,0,0,163.2,214.8
-1.2,-1.2,0,0,0,178.8,144
-1.2,-1.2,0,0,0,180,162
-1.2,-1.2,0,0,0,180,180
-1.2,-1.2,0,0,0,181.2,198
-1.2,-1.2,0,0,0,181.2,216
-1.2,-1.2,0,0,0,196.8,144
-1.2,-1.2,0,0,0,198,163.2
-1.2,-1.2,0,0,0,198,181.2
-1.2,-1.2,0,0,0,199.2,199.2
-1.2,-1.2,0,0,0,199.2,216
-1.2,-1.2,0,0,0,145.2,232.8
-1.2,-1.2,0,0,0,146.4,249.6
-1.2,-1.2,0,0,0,146.4,267.6
-1.2,-1.2,0,0,0,146.4,284.4
-1.2,-1.2,0,0,0,146.4,302.4
-1.2,-1.2,0,0,0,164.4,232.8
-1.2,-1.2,0,0,0,164.4,250.8
-1.2,-1.2,0,0,0,164.4,267.6
-1.2,-1.2,0,0,0,164.4,285.6
-1.2,-1.2,0,0,0,164.4,302.4
-1.2,-1.2,0,0,0,181.2,232.8
-1.2,-1.2,0,0,0,182.4,250.8
-1.2,-1.2,0,0,0,182.4,267.6
-1.2,-1.2,0,0,0,182.4,285.6
-1.2,-1.2,0,0,0,182.4,302.4
-1.2,-1.2,0,0,0,199.2,234
-1.2,-1.2,0,0,0,199.2,250.8
-1.2,-1.2,0,0,0,200.4,268.8
-1.2,-1.2,0,0,0,200.4,285.6
-1.2,-1.2,0,0,0,200.4,302.4
-1.2,0,0,0,0,146.4,319.2
-1.2,0,0,0,0,146.4,337.2
-1.2,0,0,0,0,146.4,354
-1.2,0,0,0,0,146.4,370.8
-1.2,0,0,0,0,146.4,388.8
-1.2,0,0,0,0,164.4,319.2
-1.2,0,0,0,0,164.4,336
-1.2,0,0,0,0,164.4,354
-1.2,0,0,0,0,164.4,370.8
-1.2,0,0,0,0,164.4,388.8
-1.2,0,0,0,0,182.4,319.2
-1.2,0,0,0,0,182.4,336
-1.2,0,0,0,0,182.4,354
-1.2,0,0,0,0,182.4,370.8
-1.2,0,0,0,0,182.4,387.6
-1.2,0,0,0,0,200.4,319.2
-1.2,0,0,0,0,200.4,336
-1.2,0,0,0,0,200.4,354
-1.2,0,0,0,0,200.4,370.8
-1.2,0,0,0,0,199.2,387.6
-1.2,0,0,0,0,145.2,406.8
-1.2,0,0,0,0,145.2,423.6
-1.2,0,0,0,0,144,441.6
-1.2,0,0,0,0,144,459.6
-1.2,0,0,0,0,142.8,477.6
-1.2,0,0,0,0,164.4,405.6
-1.2,0,0,0,0,163.2,423.6
-1.2,0,0,0,0,163.2,441.6
-1.2,0,0,0,0,162,459.6
-1.2,0,0,0,0,162,477.6
-1.2,0,0,0,0,181.2,405.6
-1.2,0,0,0,0,181.2,422.4
-1.2,0,0,0,0,181.2,440.4
-1.2,0,0,0,0,180,458.4
-1.2,0,0,0,0,180,476.4
-1.2,0,0,0,0,199.2,405.6
-1.2,0,0,0,0,199.2,422.4
-1.2,0,0,0,0,199.2,440.4
-1.2,0,0,0,0,198,458.4
-1.2,0,0,0,0,198,476.4
-1.2,0,0,0,0,141.6,496.8
-1.2,0,0,0,0,141.6,516
-1.2,0,0,0,0,140.4,534
-1.2,0,0,0,0,139.2,554.4
-1.2,0,0,0,0,138,573.6
-1.2,0,0,0,0,160.8,495.6
-1.2,0,0,0,0,159.6,514.8
-1.2,0,0,0,0,158.4,534
-1.2,0,0,0,0,158.4,553.2
-1.2,0,0,0,0,157.2,572.4
-1.2,0,0,0,0,178.8,494.4
-1.2,0,0,0,0,177.6,513.6
-1.2,0,0,0,0,177.6,532.8
-1.2,0,0,0,0,176.4,552
-1.2,0,0,0,0,175.2,571.2
-1.2,0,0,0,0,196.8,494.4
-1.2,0,0,0,0,196.8,512.4
-1.2,0,0,0,0,195.6,531.6
-1.2,0,0,0,0,194.4,550.8
-1.2,0,0,0,0,194.4,570
-1.2,-1.2,0,0,0,232.8,145.2
-1.2,-1.2,0,0,0,232.8,164.4
-1.2,-1.2,0,0,0,232.8,181.2
-1.2,-1.2,0,0,0,234,199.2
-1.2,-1.2,0,0,0,234,217.2
-1.2,-1.2,0,0,0,249.6,146.4
-1.2,-1.2,0,0,0,250.8,164.4
-1.2,-1.2,0,0,0,250.8,182.4
-1.2,-1.2,0,0,0,250.8,199.2
-1.2,-1.2,0,0,0,250.8,217.2
-1.2,-1.2,0,0,0,267.6,146.4
-1.2,-1.2,0,0,0,267.6,164.4
-1.2,-1.2,0,0,0,267.6,182.4
-1.2,-1.2,0,0,0,268.8,200.4
-1.2,-1.2,0,0,0,268.8,217.2
-1.2,-1.2,0,0,0,284.4,146.4
-1.2,-1.2,0,0,0,285.6,164.4
-1.2,-1.2,0,0,0,285.6,182.4
-1.2,-1.2,0,0,0,285.6,200.4
-1.2,-1.2,0,0,0,285.6,217.2
-1.2,-1.2,0,0,0,234,234
-1.2,-1.2,0,0,0,234,252
-1.2,-1.2,0,0,0,235.2,268.8
-1.2,-1.2,0,0,0,235.2,285.6
-1.2,-1.2,0,0,0,235.2,302.4
-1.2,-1.2,0,0,0,252,234
-1.2,-1.2,0,0,0,252,252
-1.2,-1.2,0,0,0,252,268.8
-1.2,-1.2,0,0,0,252,285.6
-1.2,-1.2,0,0,0,252,302.4
-1.2,-1.2,0,0,0,268.8,235.2
-1.2,-1.2,0,0,0,268.8,252
-1.2,-1.2,0,0,0,268.8,268.8
-1.2,-1.2,0,0,0,268.8,285.6
-1.2,-1.2,0,0,0,268.8,302.4
-1.2,-1.2,0,0,0,285.6,235.2
-1.2,-1.2,0,0,0,285.6,252
-1.2,-1.2,0,0,0,285.6,268.8
-1.2,-1.2,0,0,0,285.6,285.6
-1.2,-1.2,0,0,0,285.6,302.4
-1.2,0,0,0,0,235.2,319.2
-1.2,0,0,0,0,235.2,336
-1.2,0,0,0,0,235.2,352.8
-1.2,0,0,0,0,235.2,370.8
-1.2,0,0,0,0,234,387.6
-1.2,0,0,0,0,252,319.2
-1.2,0,0,0,0,252,336
-1.2,0,0,0,0,252,352.8
-1.2,0,0,0,0,252,369.6
-1.2,0,0,0,0,252,387.6
-1.2,0,0,0,0,268.8,319.2
-1.2,0,0,0,0,268.8,336
-1.2,0,0,0,0,268.8,352.8
-1.2,0,0,0,0,268.8,369.6
-1.2,0,0,0,0,268.8,387.6
-1.2,0,0,0,0,285.6,319.2
-1.2,0,0,0,0,285.6,336
-1.2,0,0,0,0,285.6,352.8
-1.2,0,0,0,0,285.6,369.6
-1.2,0,0,0,0,285.6,386.4
-1.2,0,0,0,0,234,404.4
-1.2,0,0,0,0,234,422.4
-1.2,0,0,0,0,234,439.2
-1.2,0,0,0,0,232.8,457.2
-1.2,0,0,0,0,232.8,475.2
-1.2,0,0,0,0,252,404.4
-1.2,0,0,0,0,250.8,421.2
-1.2,0,0,0,0,250.8,439.2
-1.2,0,0,0,0,250.8,457.2
-1.2,0,0,0,0,250.8,475.2
-1.2,0,0,0,0,268.8,404.4
-1.2,0,0,0,0,268.8,421.2
-1.2,0,0,0,0,268.8,439.2
-1.2,0,0,0,0,267.6,456
-1.2,0,0,0,0,267.6,474
-1.2,0,0,0,0,285.6,404.4
-1.2,0,0,0,0,285.6,421.2
-1.2,0,0,0,0,285.6,439.2
-1.2,0,0,0,0,285.6,456
-1.2,0,0,0,0,285.6,474
-1.2,0,0,0,0,232.8,493.2
-1.2,0,0,0,0,231.6,511.2
-1.2,0,0,0,0,231.6,530.4
-1.2,0,0,0,0,230.4,549.6
-1.2,0,0,0,0,230.4,568.8
-1.2,0,0,0,0,249.6,493.2
-1.2,0,0,0,0,249.6,511.2
-1.2,0,0,0,0,249.6,530.4
-1.2,0,0,0,0,248.4,548.4
-1.2,0,0,0,0,248.4,568.8
-1.2,0,0,0,0,267.6,492
-1.2,0,0,0,0,267.6,511.2
-1.2,0,0,0,0,266.4,529.2
-1.2,0,0,0,0,266.4,548.4
-1.2,0,0,0,0,266.4,567.6
-1.2,0,0,0,0,284.4,492
-1.2,0,0,0,0,284.4,510
-1.2,0,0,0,0,284.4,529.2
-1.2,0,0,0,0,284.4,548.4
-1.2,0,0,0,0,284.4,567.6
0,-1.2,0,0,0,319.2,146.4
0,-1.2,0,0,0,319.2,164.4
0,-1.2,0,0,0,319.2,182.4
0,-1.2,0,0,0,319.2,200.4
0,-1.2,0,0,0,319.2,217.2
0,-1.2,0,0,0,337.2,146.4
0,-1.2,0,0,0,336,164.4
0,-1.2,0,0,0,336,182.4
0,-1.2,0,0,0,336,200.4
0,-1.2,0,0,0,336,217.2
0,-1.2,0,0,0,354,146.4
0,-1.2,0,0,0,354,164.4
0,-1.2,0,0,0,354,182.4
0,-1.2,0,0,0,354,200.4
0,-1.2,0,0,0,352.8,217.2
0,-1.2,0,0,0,370.8,146.4
0,-1.2,0,0,0,370.8,164.4
0,-1.2,0,0,0,370.8,182.4
0,-1.2,0,0,0,370.8,200.4
0,-1.2,0,0,0,370.8,217.2
0,-1.2,0,0,0,319.2,235.2
0,-1.2,0,0,0,319.2,252
0,-1.2,0,0,0,319.2,268.8
0,-1.2,0,0,0,319.2,285.6
0,-1.2,0,0,0,319.2,302.4
0,-1.2,0,0,0,336,235.2
0,-1.2,0,0,0,336,252
0,-1.2,0,0,0,336,268.8
0,-1.2,0,0,0,336,285.6
0,-1.2,0,0,0,336,302.4
0,-1.2,0,0,0,352.8,235.2
0,-1.2,0,0,0,352.8,252
0,-1.2,0,0,0,352.8,268.8
0,-1.2,0,0,0,352.8,285.6
0,-1.2,0,0,0,352.8,302.4
0,-1.2,0,0,0,370.8,235.2
0,-1.2,0,0,0,369.6,252
0,-1.2,0,0,0,369.6,268.8
0,-1.2,0,0,0,369.6,285.6
0,-1.2,0,0,0,369.6,302.4
0,0,0,0,0,319.2,319.2
0,0,0,0,0,319.2,336
0,0,0,0,0,319.2,352.8
0,0,0,0,0,319.2,369.6
0,0,0,0,0,319.2,386.4
0,0,0,0,0,336,319.2
0,0,0,0,0,336,336
0,0,0,0,0,336,352.8
0,0,0,0,0,336,369.6
0,0,0,0,0,336,386.4
0,0,0,0,0,352.8,319.2
0,0,0,0,0,352.8,336
0,0,0,0,0,352.8,352.8
0,0,0,0,0,352.8,369.6
0,0,0,0,0,352.8,386.4
0,0,0,0,0,369.6,319.2
0,0,0,0,0,369.6,336
0,0,0,0,0,369.6,352.8
0,0,0,0,0,369.6,369.6
0,0,0,0,0,369.6,387.6
0,0,0,0,0,319.2,404.4
0,0,0,0,0,319.2,421.2
0,0,0,0,0,319.2,438
0,0,0,0,0,319.2,456
0,0,0,0,0,319.2,474
0,0,0,0,0,336,404.4
0,0,0,0,0,336,421.2
0,0,0,0,0,336,438
0,0,0,0,0,336,456
0,0,0,0,0,336,474
0,0,0,0,0,352.8,404.4
0,0,0,0,0,352.8,421.2
0,0,0,0,0,354,439.2
0,0,0,0,0,354,456
0,0,0,0,0,354,474
0,0,0,0,0,370.8,404.4
0,0,0,0,0,370.8,421.2
0,0,0,0,0,370.8,439.2
0,0,0,0,0,370.8,456
0,0,0,0,0,370.8,474
0,0,0,0,0,319.2,492
0,0,0,0,0,319.2,510
0,0,0,0,0,319.2,529.2
0,0,0,0,0,319.2,548.4
0,0,0,0,0,319.2,567.6
0,0,0,0,0,337.2,492
0,0,0,0,0,337.2,510
0,0,0,0,0,337.2,529.2
0,0,0,0,0,337.2,548.4
0,0,0,0,0,337.2,567.6
0,0,0,0,0,354,492
0,0,0,0,0,354,510
0,0,0,0,0,354,529.2
0,0,0,0,0,354,548.4
0,0,0,0,0,355.2,567.6
0,0,0,0,0,370.8,492
0,0,0,0,0,372,511.2
0,0,0,0,0,372,529.2
0,0,0,0,0,372,548.4
0,0,0,0,0,373.2,567.6
0,-1.2,0,0,0,406.8,145.2
0,-1.2,0,0,0,405.6,164.4
0,-1.2,0,0,0,405.6,181.2
0,-1.2,0,0,0,405.6,199.2
0,-1.2,0,0,0,404.4,217.2
0,-1.2,0,0,0,423.6,145.2
0,-1.2,0,0,0,423.6,163.2
0,-1.2,0,0,0,422.4,181.2
0,-1.2,0,0,0,422.4,199.2
0,-1.2,0,0,0,422.4,217.2
0,-1.2,0,0,0,441.6,144
0,-1.2,0,0,0,441.6,163.2
0,-1.2,0,0,0,440.4,181.2
0,-1.2,0,0,0,440.4,199.2
0,-1.2,0,0,0,439.2,216
0,-1.2,0,0,0,459.6,144
0,-1.2,0,0,0,459.6,162
0,-1.2,0,0,0,458.4,180
0,-1.2,0,0,0,458.4,198
0,-1.2,0,0,0,457.2,216
0,-1.2,0,0,0,404.4,234
0,-1.2,0,0,0,404.4,252
0,-1.2,0,0,0,404.4,268.8
0,-1.2,0,0,0,404.4,285.6
0,-1.2,0,0,0,404.4,302.4
0,-1.2,0,0,0,422.4,234
0,-1.2,0,0,0,421.2,250.8
0,-1.2,0,0,0,421.2,268.8
0,-1.2,0,0,0,421.2,285.6
0,-1.2,0,0,0,421.2,302.4
0,-1.2,0,0,0,439.2,234
0,-1.2,0,0,0,439.2,250.8
0,-1.2,0,0,0,439.2,268.8
0,-1.2,0,0,0,439.2,285.6
0,-1.2,0,0,0,438,302.4
0,-1.2,0,0,0,457.2,232.8
0,-1.2,0,0,0,457.2,250.8
0,-1.2,0,0,0,456,267.6
0,-1.2,0,0,0,456,285.6
0,-1.2,0,0,0,456,302.4
0,0,0,0,0,404.4,319.2
0,0,0,0,0,404.4,336
0,0,0,0,0,404.4,352.8
0,0,0,0,0,404.4,370.8
0,0,0,0,0,404.4,387.6
0,0,0,0,0,421.2,319.2
0,0,0,0,0,421.2,336
0,0,0,0,0,421.2,352.8
0,0,0,0,0,421.2,370.8
0,0,0,0,0,421.2,387.6
0,0,0,0,0,438,319.2
0,0,0,0,0,438,336
0,0,0,0,0,439.2,354
0,0,0,0,0,439.2,370.8
0,0,0,0,0,439.2,387.6
0,0,0,0,0,456,319.2
0,0,0,0,0,456,336
0,0,0,0,0,456,354
0,0,0,0,0,456,370.8
0,0,0,0,0,457.2,387.6
0,0,0,0,0,404.4,404.4
0,0,0,0,0,404.4,422.4
0,0,0,0,0,405.6,439.2
0,0,0,0,0,405.6,457.2
0,0,0,0,0,405.6,475.2
0,0,0,0,0,422.4,404.4
0,0,0,0,0,422.4,422.4
0,0,0,0,0,422.4,439.2
0,0,0,0,0,422.4,457.2
0,0,0,0,0,423.6,475.2
0,0,0,0,0,439.2,405.6
0,0,0,0,0,439.2,422.4
0,0,0,0,0,440.4,440.4
0,0,0,0,0,440.4,458.4
0,0,0,0,0,441.6,476.4
0,0,0,0,0,457.2,405.6
0,0,0,0,0,457.2,422.4
0,0,0,0,0,458.4,440.4
0,0,0,0,0,458.4,458.4
0,0,0,0,0,459.6,476.4
0,0,0,0,0,406.8,493.2
0,0,0,0,0,406.8,511.2
0,0,0,0,0,406.8,530.4
0,0,0,0,0,408,549.6
0,0,0,0,0,408,568.8
0,0,0,0,0,423.6,493.2
0,0,0,0,0,424.8,512.4
0,0,0,0,0,424.8,530.4
0,0,0,0,0,426,549.6
0,0,0,0,0,427.2,570
0,0,0,0,0,441.6,494.4
0,0,0,0,0,442.8,512.4
0,0,0,0,0,442.8,531.6
0,0,0,0,0,444,550.8
0,0,0,0,0,445.2,570
0,0,0,0,0,459.6,494.4
0,0,0,0,0,460.8,513.6
0,0,0,0,0,462,532.8
0,0,0,0,0,462,552
0,0,0,0,0,463.2,571.2
0,-1.2,0,0,0,496.8,141.6
0,-1.2,0,0,0,495.6,160.8
0,-1.2,0,0,0,494.4,178.8
0,-1.2,0,0,0,494.4,196.8
0,-1.2,0,0,0,493.2,214.8
0,-1.2,0,0,0,516,141.6
0,-1.2,0,0,0,514.8,159.6
0,-1.2,0,0,0,513.6,177.6
0,-1.2,0,0,0,512.4,196.8
0,-1.2,0,0,0,512.4,214.8
0,-1.2,0,0,0,534,140.4
0,-1.2,0,0,0,534,158.4
0,-1.2,0,0,0,532.8,177.6
0,-1.2,0,0,0,531.6,195.6
0,-1.2,0,0,0,530.4,213.6
0,-1.2,0,0,0,554.4,139.2
0,-1.2,0,0,0,553.2,158.4
0,-1.2,0,0,0,552,176.4
0,-1.2,0,0,0,550.8,194.4
0,-1.2,0,0,0,549.6,212.4
0,-1.2,0,0,0,493.2,232.8
0,-1.2,0,0,0,493.2,249.6
0,-1.2,0,0,0,492,267.6
0,-1.2,0,0,0,492,284.4
0,-1.2,0,0,0,492,302.4
0,-1.2,0,0,0,511.2,231.6
0,-1.2,0,0,0,511.2,249.6
0,-1.2,0,0,0,511.2,267.6
0,-1.2,0,0,0,510,284.4
0,-1.2,0,0,0,510,302.4
0,-1.2,0,0,0,530.4,231.6
0,-1.2,0,0,0,530.4,249.6
0,-1.2,0,0,0,529.2,266.4
0,-1.2,0,0,0,529.2,284.4
0,-1.2,0,0,0,529.2,302.4
0,-1.2,0,0,0,549.6,230.4
0,-1.2,0,0,0,548.4,248.4
0,-1.2,0,0,0,548.4,266.4
0,-1.2,0,0,0,548.4,284.4
0,-1.2,0,0,0,548.4,302.4
0,0,0,0,0,492,319.2
0,0,0,0,0,492,337.2
0,0,0,0,0,492,354
0,0,0,0,0,492,370.8
0,0,0,0,0,493.2,388.8
0,0,0,0,0,510,319.2
0,0,0,0,0,510,337.2
0,0,0,0,0,510,354
0,0,0,0,0,511.2,372
0,0,0,0,0,511.2,388.8
0,0,0,0,0,529.2,319.2
0,0,0,0,0,529.2,337.2
0,0,0,0,0,529.2,354
0,0,0,0,0,529.2,372
0,0,0,0,0,530.4,390
0,0,0,0,0,548.4,319.2
0,0,0,0,0,548.4,337.2
0,0,0,0,0,548.4,354
0,0,0,0,0,548.4,372
0,0,0,0,0,548.4,390
0,0,0,0,0,493.2,406.8
0,0,0,0,0,493.2,423.6
0,0,0,0,0,494.4,441.6
0,0,0,0,0,494.4,459.6
0,0,0,0,0,495.6,477.6
0,0,0,0,0,511.2,406.8
0,0,0,0,0,512.4,424.8
0,0,0,0,0,512.4,442.8
0,0,0,0,0,513.6,460.8
0,0,0,0,0,514.8,478.8
0,0,0,0,0,530.4,406.8
0,0,0,0,0,530.4,424.8
0,0,0,0,0,531.6,442.8
0,0,0,0,0,532.8,462
0,0,0,0,0,534,480
0,0,0,0,0,549.6,408
0,0,0,0,0,549.6,426
0,0,0,0,0,550.8,444
0,0,0,0,0,552,462
0,0,0,0,0,553.2,481.2
0,0,0,0,0,496.8,496.8
0,0,0,0,0,498,516
0,0,0,0,0,499.2,534
0,0,0,0,0,500.4,554.4
0,0,0,0,0,501.6,573.6
0,0,0,0,0,516,498
0,0,0,0,0,516,516
0,0,0,0,0,517.2,535.2
0,0,0,0,0,518.4,555.6
0,0,0,0,0,520.8,574.8
0,0,0,0,0,534,499.2
0,0,0,0,0,535.2,517.2
0,0,0,0,0,536.4,536.4
0,0,0,0,0,538.8,556.8
0,0,0,0,0,540,576
0,0,0,0,0,554.4,500.4
0,0,0,0,0,555.6,518.4
0,0,0,0,0,556.8,538.8
0,0,0,0,0,558,558
0,0,0,0,0,559.2,578.4
-1.2,-1.2,0,0,0,147.6,147.6
-1.2,-1.2,0,0,0,148.8,165.6
-1.2,-1.2,0,0,0,150,183.6
-1.2,-1.2,0,0,0,150,200.4
-1.2,-1.2,0,0,0,151.2,218.4
-1.2,-1.2,0,0,0,165.6,148.8
-1.2,-1.2,0,0,0,166.8,166.8
-1.2,-1.2,0,0,0,166.8,183.6
-1.2,-1.2,0,0,0,168,201.6
-1.2,-1.2,0,0,0,168,218.4
-1.2,-1.2,0,0,0,183.6,150
-1.2,-1.2,0,0,0,183.6,166.8
-1.2,-1.2,0,0,0,184.8,184.8
-1.2,-1.2,0,0,0,184.8,201.6
-1.2,-1.2,0,0,0,186,219.6
-1.2,-1.2,0,0,0,200.4,150
-1.2,-1.2,0,0,0,201.6,168
-1.2,-1.2,0,0,0,201.6,184.8
-1.2,-1.2,0,0,0,202.8,202.8
-1.2,-1.2,0,0,0,202.8,219.6
-1.2,-1.2,0,0,0,151.2,235.2
-1.2,-1.2,0,0,0,151.2,252
-1.2,-1.2,0,0,0,151.2,268.8
-1.2,-1.2,0,0,0,152.4,285.6
-1.2,-1.2,0,0,0,152.4,302.4
-1.2,-1.2,0,0,0,169.2,235.2
-1.2,-1.2,0,0,0,169.2,252
-1.2,-1.2,0,0,0,169.2,268.8
-1.2,-1.2,0,0,0,169.2,285.6
-1.2,-1.2,0,0,0,169.2,302.4
-1.2,-1.2,0,0,0,186,236.4
-1.2,-1.2,0,0,0,186,253.2
-1.2,-1.2,0,0,0,186,270
-1.2,-1.2,0,0,0,187.2,286.8
-1.2,-1.2,0,0,0,187.2,302.4
-1.2,-1.2,0,0,0,202.8,236.4
-1.2,-1.2,0,0,0,202.8,253.2
-1.2,-1.2,0,0,0,204,270
-1.2,-1.2,0,0,0,204,286.8
-1.2,-1.2,0,0,0,204,302.4
-1.2,0,0,0,0,152.4,319.2
-1.2,0,0,0,0,152.4,336
-1.2,0,0,0,0,152.4,352.8
-1.2,0,0,0,0,151.2,369.6
-1.2,0,0,0,0,151.2,386.4
-1.2,0,0,0,0,169.2,319.2
-1.2,0,0,0,0,169.2,336
-1.2,0,0,0,0,169.2,352.8
-1.2,0,0,0,0,169.2,369.6
-1.2,0,0,0,0,169.2,386.4
-1.2,0,0,0,0,187.2,319.2
-1.2,0,0,0,0,187.2,336
-1.2,0,0,0,0,187.2,352.8
-1.2,0,0,0,0,186,369.6
-1.2,0,0,0,0,186,386.4
-1.2,0,0,0,0,204,319.2
-1.2,0,0,0,0,204,336
-1.2,0,0,0,0,204,352.8
-1.2,0,0,0,0,204,369.6
-1.2,0,0,0,0,202.8,385.2
-1.2,0,0,0,0,151.2,403.2
-1.2,0,0,0,0,151.2,421.2
-1.2,0,0,0,0,150,438
-1.2,0,0,0,0,150,454.8
-1.2,0,0,0,0,148.8,472.8
-1.2,0,0,0,0,169.2,403.2
-1.2,0,0,0,0,168,420
-1.2,0,0,0,0,168,436.8
-1.2,0,0,0,0,166.8,454.8
-1.2,0,0,0,0,166.8,472.8
-1.2,0,0,0,0,186,403.2
-1.2,0,0,0,0,186,420
-1.2,0,0,0,0,184.8,436.8
-1.2,0,0,0,0,184.8,453.6
-1.2,0,0,0,0,183.6,471.6
-1.2,0,0,0,0,202.8,402
-1.2,0,0,0,0,202.8,418.8
-1.2,0,0,0,0,202.8,436.8
-1.2,0,0,0,0,201.6,453.6
-1.2,0,0,0,0,201.6,471.6
-1.2,0,0,0,0,147.6,490.8
-1.2,0,0,0,0,147.6,508.8
-1.2,0,0,0,0,146.4,528
-1.2,0,0,0,0,145.2,546
-1.2,0,0,0,0,144,565.2
-1.2,0,0,0,0,165.6,489.6
-1.2,0,0,0,0,164.4,507.6
-1.2,0,0,0,0,164.4,526.8
-1.2,0,0,0,0,163.2,544.8
-1.2,0,0,0,0,162,564
-1.2,0,0,0,0,183.6,489.6
-1.2,0,0,0,0,182.4,507.6
-1.2,0,0,0,0,182.4,525.6
-1.2,0,0,0,0,181.2,543.6
-1.2,0,0,0,0,180,562.8
-1.2,0,0,0,0,200.4,488.4
-1.2,0,0,0,0,200.4,506.4
-1.2,0,0,0,0,199.2,524.4
-1.2,0,0,0,0,199.2,543.6
-1.2,0,0,0,0,198,561.6
-1.2,-1.2,0,0,0,235.2,151.2
-1.2,-1.2,0,0,0,235.2,169.2
-1.2,-1.2,0,0,0,236.4,186
-1.2,-1.2,0,0,0,236.4,202.8
-1.2,-1.2,0,0,0,236.4,219.6
-1.2,-1.2,0,0,0,252,151.2
-1.2,-1.2,0,0,0,252,169.2
-1.2,-1.2,0,0,0,253.2,186
-1.2,-1.2,0,0,0,253.2,202.8
-1.2,-1.2,0,0,0,253.2,220.8
-1.2,-1.2,0,0,0,268.8,151.2
-1.2,-1.2,0,0,0,268.8,169.2
-1.2,-1.2,0,0,0,270,186
-1.2,-1.2,0,0,0,270,204
-1.2,-1.2,0,0,0,270,220.8
-1.2,-1.2,0,0,0,285.6,152.4
-1.2,-1.2,0,0,0,285.6,169.2
-1.2,-1.2,0,0,0,286.8,187.2
-1.2,-1.2,0,0,0,286.8,204
-1.2,-1.2,0,0,0,286.8,220.8
-1.2,-1.2,0,0,0,236.4,236.4
-1.2,-1.2,0,0,0,237.6,253.2
-1.2,-1.2,0,0,0,237.6,270
-1.2,-1.2,0,0,0,237.6,286.8
-1.2,-1.2,0,0,0,237.6,302.4
-1.2,-1.2,0,0,0,253.2,237.6
-1.2,-1.2,0,0,0,253.2,253.2
-1.2,-1.2,0,0,0,253.2,270
-1.2,-1.2,0,0,0,254.4,286.8
-1.2,-1.2,0,0,0,254.4,303.6
-1.2,-1.2,0,0,0,270,237.6
-1.2,-1.2,0,0,0,270,253.2
-1.2,-1.2,0,0,0,270,270
-1.2,-1.2,0,0,0,270,286.8
-1.2,-1.2,0,0,0,270,303.6
-1.2,-1.2,0,0,0,286.8,237.6
-1.2,-1.2,0,0,0,286.8,254.4
-1.2,-1.2,0,0,0,286.8,270
-1.2,-1.2,0,0,0,286.8,286.8
-1.2,-1.2,0,0,0,286.8,303.6
-1.2,0,0,0,0,237.6,319.2
-1.2,0,0,0,0,237.6,336
-1.2,0,0,0,0,237.6,352.8
-1.2,0,0,0,0,237.6,368.4
-1.2,0,0,0,0,237.6,385.2
-1.2,0,0,0,0,254.4,319.2
-1.2,0,0,0,0,254.4,336
-1.2,0,0,0,0,254.4,351.6
-1.2,0,0,0,0,253.2,368.4
-1.2,0,0,0,0,253.2,385.2
-1.2,0,0,0,0,270,319.2
-1.2,0,0,0,0,270,336
-1.2,0,0,0,0,270,351.6
-1.2,0,0,0,0,270,368.4
-1.2,0,0,0,0,270,385.2
-1.2,0,0,0,0,286.8,319.2
-1.2,0,0,0,0,286.8,336
-1.2,0,0,0,0,286.8,351.6
-1.2,0,0,0,0,286.8,368.4
-1.2,0,0,0,0,286.8,385.2
-1.2,0,0,0,0,236.4,402
-1.2,0,0,0,0,236.4,418.8
-1.2,0,0,0,0,236.4,435.6
-1.2,0,0,0,0,236.4,452.4
-1.2,0,0,0,0,235.2,470.4
-1.2,0,0,0,0,253.2,402
-1.2,0,0,0,0,253.2,418.8
-1.2,0,0,0,0,253.2,435.6
-1.2,0,0,0,0,253.2,452.4
-1.2,0,0,0,0,252,470.4
-1.2,0,0,0,0,270,402
-1.2,0,0,0,0,270,418.8
-1.2,0,0,0,0,270,435.6
-1.2,0,0,0,0,270,452.4
-1.2,0,0,0,0,268.8,469.2
-1.2,0,0,0,0,286.8,402
-1.2,0,0,0,0,286.8,418.8
-1.2,0,0,0,0,286.8,435.6
-1.2,0,0,0,0,286.8,452.4
-1.2,0,0,0,0,285.6,469.2
-1.2,0,0,0,0,235.2,487.2
-1.2,0,0,0,0,235.2,505.2
-1.2,0,0,0,0,234,523.2
-1.2,0,0,0,0,234,542.4
-1.2,0,0,0,0,232.8,560.4
-1.2,0,0,0,0,252,487.2
-1.2,0,0,0,0,252,505.2
-1.2,0,0,0,0,252,523.2
-1.2,0,0,0,0,250.8,541.2
-1.2,0,0,0,0,250.8,560.4
-1.2,0,0,0,0,268.8,487.2
-1.2,0,0,0,0,268.8,505.2
-1.2,0,0,0,0,268.8,523.2
-1.2,0,0,0,0,268.8,541.2
-1.2,0,0,0,0,267.6,559.2
-1.2,0,0,0,0,285.6,487.2
-1.2,0,0,0,0,285.6,504
-1.2,0,0,0,0,285.6,522
-1.2,0,0,0,0,285.6,541.2
-1.2,0,0,0,0,285.6,559.2
0,-1.2,0,0,0,319.2,152.4
0,-1.2,0,0,0,319.2,169.2
0,-1.2,0,0,0,319.2,187.2
0,-1.2,0,0,0,319.2,204
0,-1.2,0,0,0,319.2,220.8
0,-1.2,0,0,0,336,152.4
0,-1.2,0,0,0,336,169.2
0,-1.2,0,0,0,336,187.2
0,-1.2,0,0,0,336,204
0,-1.2,0,0,0,336,220.8
0,-1.2,0,0,0,352.8,152.4
0,-1.2,0,0,0,352.8,169.2
0,-1.2,0,0,0,352.8,187.2
0,-1.2,0,0,0,352.8,204
0,-1.2,0,0,0,352.8,220.8
0,-1.2,0,0,0,369.6,151.2
0,-1.2,0,0,0,369.6,169.2
0,-1.2,0,0,0,369.6,186
0,-1.2,0,0,0,369.6,204
0,-1.2,0,0,0,368.4,220.8
0,-1.2,0,0,0,319.2,237.6
0,-1.2,0,0,0,319.2,254.4
0,-1.2,0,0,0,319.2,270
0,-1.2,0,0,0,319.2,286.8
0,-1.2,0,0,0,319.2,303.6
0,-1.2,0,0,0,336,237.6
0,-1.2,0,0,0,336,254.4
0,-1.2,0,0,0,336,270
0,-1.2,0,0,0,336,286.8
0,-1.2,0,0,0,336,303.6
0,-1.2,0,0,0,352.8,237.6
0,-1.2,0,0,0,351.6,254.4
0,-1.2,0,0,0,351.6,270
0,-1.2,0,0,0,351.6,286.8
0,-1.2,0,0,0,351.6,303.6
0,-1.2,0,0,0,368.4,237.6
0,-1.2,0,0,0,368.4,253.2
0,-1.2,0,0,0,368.4,270
0,-1.2,0,0,0,368.4,286.8
0,-1.2,0,0,0,368.4,303.6
0,0,0,0,0,319.2,319.2
0,0,0,0,0,319.2,336
0,0,0,0,0,319.2,351.6
0,0,0,0,0,319.2,368.4
0,0,0,0,0,319.2,385.2
0,0,0,0,0,336,319.2
0,0,0,0,0,336,336
0,0,0,0,0,336,351.6
0,0,0,0,0,336,368.4
0,0,0,0,0,336,385.2
0,0,0,0,0,351.6,319.2
0,0,0,0,0,351.6,336
0,0,0,0,0,351.6,351.6
0,0,0,0,0,351.6,368.4
0,0,0,0,0,351.6,385.2
0,0,0,0,0,368.4,319.2
0,0,0,0,0,368.4,336
0,0,0,0,0,368.4,351.6
0,0,0,0,0,368.4,368.4
0,0,0,0,0,368.4,385.2
0,0,0,0,0,319.2,402
0,0,0,0,0,319.2,417.6
0,0,0,0,0,319.2,434.4
0,0,0,0,0,319.2,452.4
0,0,0,0,0,319.2,469.2
0,0,0,0,0,336,402
0,0,0,0,0,336,417.6
0,0,0,0,0,336,434.4
0,0,0,0,0,336,452.4
0,0,0,0,0,336,469.2
0,0,0,0,0,352.8,402
0,0,0,0,0,352.8,418.8
0,0,0,0,0,352.8,435.6
0,0,0,0,0,352.8,452.4
0,0,0,0,0,352.8,469.2
0,0,0,0,0,368.4,402
0,0,0,0,0,368.4,418.8
0,0,0,0,0,369.6,435.6
0,0,0,0,0,369.6,452.4
0,0,0,0,0,369.6,469.2
0,0,0,0,0,319.2,487.2
0,0,0,0,0,319.2,504
0,0,0,0,0,319.2,522
0,0,0,0,0,319.2,541.2
0,0,0,0,0,319.2,559.2
0,0,0,0,0,336,487.2
0,0,0,0,0,336,504
0,0,0,0,0,336,522
0,0,0,0,0,336,541.2
0,0,0,0,0,336,559.2
0,0,0,0,0,352.8,487.2
0,0,0,0,0,352.8,504
0,0,0,0,0,352.8,522
0,0,0,0,0,354,541.2
0,0,0,0,0,354,559.2
0,0,0,0,0,369.6,487.2
0,0,0,0,0,369.6,505.2
0,0,0,0,0,370.8,523.2
0,0,0,0,0,370.8,541.2
0,0,0,0,0,370.8,559.2
0,-1.2,0,0,0,403.2,151.2
0,-1.2,0,0,0,403.2,169.2
0,-1.2,0,0,0,403.2,186
0,-1.2,0,0,0,402,202.8
0,-1.2,0,0,0,402,219.6
0,-1.2,0,0,0,421.2,151.2
0,-1.2,0,0,0,420,168
0,-1.2,0,0,0,420,186
0,-1.2,0,0,0,418.8,202.8
0,-1.2,0,0,0,418.8,219.6
0,-1.2,0,0,0,438,150
0,-1.2,0,0,0,436.8,168
0,-1.2,0,0,0,436.8,184.8
0,-1.2,0,0,0,436.8,202.8
0,-1.2,0,0,0,435.6,219.6
0,-1.2,0,0,0,454.8,150
0,-1.2,0,0,0,454.8,166.8
0,-1.2,0,0,0,453.6,184.8
0,-1.2,0,0,0,453.6,201.6
0,-1.2,0,0,0,453.6,219.6
0,-1.2,0,0,0,402,236.4
0,-1.2,0,0,0,402,253.2
0,-1.2,0,0,0,402,270
0,-1.2,0,0,0,402,286.8
0,-1.2,0,0,0,402,302.4
0,-1.2,0,0,0,418.8,236.4
0,-1.2,0,0,0,418.8,253.2
0,-1.2,0,0,0,418.8,270
0,-1.2,0,0,0,418.8,286.8
0,-1.2,0,0,0,417.6,302.4
0,-1.2,0,0,0,435.6,236.4
0,-1.2,0,0,0,435.6,253.2
0,-1.2,0,0,0,435.6,270
0,-1.2,0,0,0,435.6,286.8
0,-1.2,0,0,0,434.4,302.4
0,-1.2,0,0,0,452.4,236.4
0,-1.2,0,0,0,452.4,253.2
0,-1.2,0,0,0,452.4,270
0,-1.2,0,0,0,452.4,286.8
0,-1.2,0,0,0,452.4,302.4
0,0,0,0,0,402,319.2
0,0,0,0,0,402,336
0,0,0,0,0,402,352.8
0,0,0,0,0,402,368.4
0,0,0,0,0,402,385.2
0,0,0,0,0,417.6,319.2
0,0,0,0,0,417.6,336
0,0,0,0,0,418.8,352.8
0,0,0,0,0,418.8,368.4
0,0,0,0,0,418.8,385.2
0,0,0,0,0,434.4,319.2
0,0,0,0,0,434.4,336
0,0,0,0,0,435.6,352.8
0,0,0,0,0,435.6,369.6
0,0,0,0,0,435.6,385.2
0,0,0,0,0,452.4,319.2
0,0,0,0,0,452.4,336
0,0,0,0,0,452.4,352.8
0,0,0,0,0,452.4,369.6
0,0,0,0,0,452.4,386.4
0,0,0,0,0,402,402
0,0,0,0,0,402,418.8
0,0,0,0,0,402,435.6
0,0,0,0,0,403.2,452.4
0,0,0,0,0,403.2,470.4
0,0,0,0,0,418.8,402
0,0,0,0,0,418.8,418.8
0,0,0,0,0,418.8,435.6
0,0,0,0,0,420,453.6
0,0,0,0,0,420,470.4
0,0,0,0,0,435.6,402
0,0,0,0,0,435.6,418.8
0,0,0,0,0,436.8,436.8
0,0,0,0,0,436.8,453.6
0,0,0,0,0,436.8,471.6
0,0,0,0,0,452.4,403.2
0,0,0,0,0,453.6,420
0,0,0,0,0,453.6,436.8
0,0,0,0,0,453.6,453.6
0,0,0,0,0,454.8,471.6
0,0,0,0,0,403.2,487.2
0,0,0,0,0,404.4,505.2
0,0,0,0,0,404.4,523.2
0,0,0,0,0,405.6,542.4
0,0,0,0,0,405.6,560.4
0,0,0,0,0,421.2,488.4
0,0,0,0,0,421.2,506.4
0,0,0,0,0,421.2,524.4
0,0,0,0,0,422.4,542.4
0,0,0,0,0,423.6,561.6
0,0,0,0,0,438,488.4
0,0,0,0,0,438,506.4
0,0,0,0,0,439.2,524.4
0,0,0,0,0,440.4,543.6
0,0,0,0,0,440.4,561.6
0,0,0,0,0,454.8,489.6
0,0,0,0,0,456,507.6
0,0,0,0,0,457.2,525.6
0,0,0,0,0,457.2,543.6
0,0,0,0,0,458.4,562.8
0,-1.2,0,0,0,490.8,147.6
0,-1.2,0,0,0,489.6,165.6
0,-1.2,0,0,0,489.6,183.6
0,-1.2,0,0,0,488.4,200.4
0,-1.2,0,0,0,488.4,218.4
0,-1.2,0,0,0,508.8,147.6
0,-1.2,0,0,0,507.6,164.4
0,-1.2,0,0,0,507.6,182.4
0,-1.2,0,0,0,506.4,200.4
0,-1.2,0,0,0,506.4,217.2
0,-1.2,0,0,0,528,146.4
0,-1.2,0,0,0,526.8,164.4
0,-1.2,0,0,0,525.6,182.4
0,-1.2,0,0,0,524.4,199.2
0,-1.2,0,0,0,524.4,217.2
0,-1.2,0,0,0,546,145.2
0,-1.2,0,0,0,544.8,163.2
0,-1.2,0,0,0,543.6,181.2
0,-1.2,0,0,0,543.6,199.2
0,-1.2,0,0,0,542.4,216
0,-1.2,0,0,0,487.2,235.2
0,-1.2,0,0,0,487.2,252
0,-1.2,0,0,0,487.2,268.8
0,-1.2,0,0,0,487.2,285.6
0,-1.2,0,0,0,487.2,302.4
0,-1.2,0,0,0,505.2,235.2
0,-1.2,0,0,0,505.2,252
0,-1.2,0,0,0,505.2,268.8
0,-1.2,0,0,0,504,285.6
0,-1.2,0,0,0,504,302.4
0,-1.2,0,0,0,523.2,234
0,-1.2,0,0,0,523.2,252
0,-1.2,0,0,0,523.2,268.8
0,-1.2,0,0,0,522,285.6
0,-1.2,0,0,0,522,302.4
0,-1.2,0,0,0,542.4,234
0,-1.2,0,0,0,541.2,250.8
0,-1.2,0,0,0,541.2,268.8
0,-1.2,0,0,0,541.2,285.6
0,-1.2,0,0,0,541.2,302.4
0,0,0,0,0,487.2,319.2
0,0,0,0,0,487.2,336
0,0,0,0,0,487.2,352.8
0,0,0,0,0,487.2,369.6
0,0,0,0,0,487.2,386.4
0,0,0,0,0,504,319.2
0,0,0,0,0,504,336
0,0,0,0,0,504,352.8
0,0,0,0,0,505.2,369.6
0,0,0,0,0,505.2,386.4
0,0,0,0,0,522,319.2
0,0,0,0,0,522,336
0,0,0,0,0,522,352.8
0,0,0,0,0,523.2,370.8
0,0,0,0,0,523.2,387.6
0,0,0,0,0,541.2,319.2
0,0,0,0,0,541.2,336
0,0,0,0,0,541.2,354
0,0,0,0,0,541.2,370.8
0,0,0,0,0,541.2,387.6
0,0,0,0,0,487.2,403.2
0,0,0,0,0,488.4,421.2
0,0,0,0,0,488.4,438
0,0,0,0,0,489.6,454.8
0,0,0,0,0,489.6,472.8
0,0,0,0,0,505.2,404.4
0,0,0,0,0,506.4,421.2
0,0,0,0,0,506.4,438
0,0,0,0,0,507.6,456
0,0,0,0,0,507.6,474
0,0,0,0,0,523.2,404.4
0,0,0,0,0,524.4,421.2
0,0,0,0,0,524.4,439.2
0,0,0,0,0,525.6,457.2
0,0,0,0,0,526.8,475.2
0,0,0,0,0,542.4,405.6
0,0,0,0,0,542.4,422.4
0,0,0,0,0,543.6,440.4
0,0,0,0,0,543.6,457.2
0,0,0,0,0,544.8,475.2
0,0,0,0,0,490.8,490.8
0,0,0,0,0,492,508.8
0,0,0,0,0,493.2,528
0,0,0,0,0,493.2,546
0,0,0,0,0,494.4,565.2
0,0,0,0,0,508.8,492
0,0,0,0,0,510,510
0,0,0,0,0,511.2,528
0,0,0,0,0,512.4,547.2
0,0,0,0,0,513.6,566.4
0,0,0,0,0,528,493.2
0,0,0,0,0,528,511.2
0,0,0,0,0,529.2,529.2
0,0,0,0,0,530.4,548.4
0,0,0,0,0,532.8,567.6
0,0,0,0,0,546,493.2
0,0,0,0,0,547.2,512.4
0,0,0,0,0,548.4,530.4
0,0,0,0,0,549.6,549.6
0,0,0,0,0,550.8,568.8
-1.2,-1.2,0,0,0,153.6,153.6
-1.2,-1.2,0,0,0,153.6,170.4
-1.2,-1.2,0,0,0,154.8,187.2
-1.2,-1.2,0,0,0,154.8,204
-1.2,-1.2,0,0,0,156,220.8
-1.2,-1.2,0,0,0,170.4,153.6
-1.2,-1.2,0,0,0,171.6,171.6
-1.2,-1.2,0,0,0,171.6,188.4
-1.2,-1.2,0,0,0,172.8,205.2
-1.2,-1.2,0,0,0,172.8,222
-1.2,-1.2,0,0,0,187.2,154.8
-1.2,-1.2,0,0,0,188.4,171.6
-1.2,-1.2,0,0,0,188.4,188.4
-1.2,-1.2,0,0,0,189.6,205.2
-1.2,-1.2,0,0,0,189.6,222
-1.2,-1.2,0,0,0,204,154.8
-1.2,-1.2,0,0,0,205.2,172.8
-1.2,-1.2,0,0,0,205.2,189.6
-1.2,-1.2,0,0,0,206.4,206.4
-1.2,-1.2,0,0,0,206.4,222
-1.2,-1.2,0,0,0,156,237.6
-1.2,-1.2,0,0,0,156,254.4
-1.2,-1.2,0,0,0,157.2,271.2
-1.2,-1.2,0,0,0,157.2,286.8
-1.2,-1.2,0,0,0,157.2,303.6
-1.2,-1.2,0,0,0,172.8,237.6
-1.2,-1.2,0,0,0,174,254.4
-1.2,-1.2,0,0,0,174,271.2
-1.2,-1.2,0,0,0,174,286.8
-1.2,-1.2,0,0,0,174,303.6
-1.2,-1.2,0,0,0,189.6,238.8
-1.2,-1.2,0,0,0,190.8,254.4
-1.2,-1.2,0,0,0,190.8,271.2
-1.2,-1.2,0,0,0,190.8,286.8
-1.2,-1.2,0,0,0,190.8,303.6
-1.2,-1.2,0,0,0,206.4,238.8
-1.2,-1.2,0,0,0,206.4,255.6
-1.2,-1.2,0,0,0,206.4,271.2
-1.2,-1.2,0,0,0,207.6,286.8
-1.2,-1.2,0,0,0,207.6,303.6
-1.2,0,0,0,0,157.2,319.2
-1.2,0,0,0,0,157.2,336
-1.2,0,0,0,0,157.2,351.6
-1.2,0,0,0,0,157.2,368.4
-1.2,0,0,0,0,156,384
-1.2,0,0,0,0,174,319.2
-1.2,0,0,0,0,174,336
-1.2,0,0,0,0,174,351.6
-1.2,0,0,0,0,174,368.4
-1.2,0,0,0,0,174,384
-1.2,0,0,0,0,190.8,319.2
-1.2,0,0,0,0,190.8,336
-1.2,0,0,0,0,190.8,351.6
-1.2,0,0,0,0,190.8,367.2
-1.2,0,0,0,0,190.8,384
-1.2,0,0,0,0,207.6,319.2
-1.2,0,0,0,0,207.6,336
-1.2,0,0,0,0,207.6,351.6
-1.2,0,0,0,0,206.4,367.2
-1.2,0,0,0,0,206.4,384
-1.2,0,0,0,0,156,400.8
-1.2,0,0,0,0,156,417.6
-1.2,0,0,0,0,154.8,434.4
-1.2,0,0,0,0,154.8,451.2
-1.2,0,0,0,0,153.6,468
-1.2,0,0,0,0,172.8,400.8
-1.2,0,0,0,0,172.8,417.6
-1.2,0,0,0,0,172.8,433.2
-1.2,0,0,0,0,171.6,450
-1.2,0,0,0,0,171.6,468
-1.2,0,0,0,0,189.6,400.8
-1.2,0,0,0,0,189.6,416.4
-1.2,0,0,0,0,189.6,433.2
-1.2,0,0,0,0,188.4,450
-1.2,0,0,0,0,188.4,466.8
-1.2,0,0,0,0,206.4,399.6
-1.2,0,0,0,0,206.4,416.4
-1.2,0,0,0,0,206.4,433.2
-1.2,0,0,0,0,205.2,450
-1.2,0,0,0,0,205.2,466.8
-1.2,0,0,0,0,153.6,486
-1.2,0,0,0,0,152.4,502.8
-1.2,0,0,0,0,151.2,520.8
-1.2,0,0,0,0,151.2,538.8
-1.2,0,0,0,0,150,556.8
-1.2,0,0,0,0,170.4,484.8
-1.2,0,0,0,0,170.4,502.8
-1.2,0,0,0,0,169.2,519.6
-1.2,0,0,0,0,168,537.6
-1.2,0,0,0,0,166.8,555.6
-1.2,0,0,0,0,187.2,483.6
-1.2,0,0,0,0,187.2,501.6
-1.2,0,0,0,0,186,519.6
-1.2,0,0,0,0,186,537.6
-1.2,0,0,0,0,184.8,555.6
-1.2,0,0,0,0,204,483.6
-1.2,0,0,0,0,204,500.4
-1.2,0,0,0,0,202.8,518.4
-1.2,0,0,0,0,202.8,536.4
-1.2,0,0,0,0,201.6,554.4
-1.2,-1.2,0,0,0,237.6,156
-1.2,-1.2,0,0,0,237.6,172.8
-1.2,-1.2,0,0,0,238.8,189.6
-1.2,-1.2,0,0,0,238.8,206.4
-1.2,-1.2,0,0,0,238.8,223.2
-1.2,-1.2,0,0,0,254.4,156
-1.2,-1.2,0,0,0,254.4,174
-1.2,-1.2,0,0,0,254.4,190.8
-1.2,-1.2,0,0,0,255.6,206.4
-1.2,-1.2,0,0,0,255.6,223.2
-1.2,-1.2,0,0,0,271.2,157.2
-1.2,-1.2,0,0,0,271.2,174
-1.2,-1.2,0,0,0,271.2,190.8
-1.2,-1.2,0,0,0,271.2,206.4
-1.2,-1.2,0,0,0,271.2,223.2
-1.2,-1.2,0,0,0,286.8,157.2
-1.2,-1.2,0,0,0,286.8,174
-1.2,-1.2,0,0,0,286.8,190.8
-1.2,-1.2,0,0,0,286.8,207.6
-1.2,-1.2,0,0,0,288,223.2
-1.2,-1.2,0,0,0,238.8,238.8
-1.2,-1.2,0,0,0,240,255.6
-1.2,-1.2,0,0,0,240,271.2
-1.2,-1.2,0,0,0,240,288
-1.2,-1.2,0,0,0,240,303.6
-1.2,-1.2,0,0,0,255.6,240
-1.2,-1.2,0,0,0,255.6,255.6
-1.2,-1.2,0,0,0,255.6,271.2
-1.2,-1.2,0,0,0,255.6,288
-1.2,-1.2,0,0,0,255.6,303.6
-1.2,-1.2,0,0,0,271.2,240
-1.2,-1.2,0,0,0,271.2,255.6
-1.2,-1.2,0,0,0,271.2,271.2
-1.2,-1.2,0,0,0,271.2,288
-1.2,-1.2,0,0,0,271.2,303.6
-1.2,-1.2,0,0,0,288,240
-1.2,-1.2,0,0,0,288,255.6
-1.2,-1.2,0,0,0,288,271.2
-1.2,-1.2,0,0,0,288,288
-1.2,-1.2,0,0,0,288,303.6
-1.2,0,0,0,0,240,319.2
-1.2,0,0,0,0,240,334.8
-1.2,0,0,0,0,240,351.6
-1.2,0,0,0,0,240,367.2
-1.2,0,0,0,0,240,382.8
-1.2,0,0,0,0,255.6,319.2
-1.2,0,0,0,0,255.6,334.8
-1.2,0,0,0,0,255.6,351.6
-1.2,0,0,0,0,255.6,367.2
-1.2,0,0,0,0,255.6,382.8
-1.2,0,0,0,0,271.2,319.2
-1.2,0,0,0,0,271.2,334.8
-1.2,0,0,0,0,271.2,351.6
-1.2,0,0,0,0,271.2,367.2
-1.2,0,0,0,0,271.2,382.8
-1.2,0,0,0,0,288,319.2
-1.2,0,0,0,0,288,334.8
-1.2,0,0,0,0,288,351.6
-1.2,0,0,0,0,288,367.2
-1.2,0,0,0,0,288,382.8
-1.2,0,0,0,0,238.8,399.6
-1.2,0,0,0,0,238.8,416.4
-1.2,0,0,0,0,238.8,432
-1.2,0,0,0,0,238.8,448.8
-1.2,0,0,0,0,237.6,465.6
-1.2,0,0,0,0,255.6,399.6
-1.2,0,0,0,0,255.6,415.2
-1.2,0,0,0,0,255.6,432
-1.2,0,0,0,0,254.4,448.8
-1.2,0,0,0,0,254.4,465.6
-1.2,0,0,0,0,271.2,399.6
-1.2,0,0,0,0,271.2,415.2
-1.2,0,0,0,0,271.2,432
-1.2,0,0,0,0,271.2,448.8
-1.2,0,0,0,0,271.2,465.6
-1.2,0,0,0,0,288,399.6
-1.2,0,0,0,0,288,415.2
-1.2,0,0,0,0,286.8,432
-1.2,0,0,0,0,286.8,447.6
-1.2,0,0,0,0,286.8,464.4
-1.2,0,0,0,0,237.6,482.4
-1.2,0,0,0,0,237.6,500.4
-1.2,0,0,0,0,236.4,517.2
-1.2,0,0,0,0,236.4,535.2
-1.2,0,0,0,0,236.4,553.2
-1.2,0,0,0,0,254.4,482.4
-1.2,0,0,0,0,254.4,499.2
-1.2,0,0,0,0,253.2,517.2
-1.2,0,0,0,0,253.2,534
-1.2,0,0,0,0,253.2,553.2
-1.2,0,0,0,0,271.2,482.4
-1.2,0,0,0,0,270,499.2
-1.2,0,0,0,0,270,516
-1.2,0,0,0,0,270,534
-1.2,0,0,0,0,270,552
-1.2,0,0,0,0,286.8,481.2
-1.2,0,0,0,0,286.8,499.2
-1.2,0,0,0,0,286.8,516
-1.2,0,0,0,0,286.8,534
-1.2,0,0,0,0,285.6,552
0,-1.2,0,0,0,319.2,157.2
0,-1.2,0,0,0,319.2,174
0,-1.2,0,0,0,319.2,190.8
0,-1.2,0,0,0,319.2,207.6
0,-1.2,0,0,0,319.2,223.2
0,-1.2,0,0,0,336,157.2
0,-1.2,0,0,0,336,174
0,-1.2,0,0,0,336,190.8
0,-1.2,0,0,0,336,207.6
0,-1.2,0,0,0,334.8,223.2
0,-1.2,0,0,0,351.6,157.2
0,-1.2,0,0,0,351.6,174
0,-1.2,0,0,0,351.6,190.8
0,-1.2,0,0,0,351.6,207.6
0,-1.2,0,0,0,351.6,223.2
0,-1.2,0,0,0,368.4,157.2
0,-1.2,0,0,0,368.4,174
0,-1.2,0,0,0,367.2,190.8
0,-1.2,0,0,0,367.2,206.4
0,-1.2,0,0,0,367.2,223.2
0,-1.2,0,0,0,319.2,240
0,-1.2,0,0,0,319.2,255.6
0,-1.2,0,0,0,319.2,271.2
0,-1.2,0,0,0,319.2,288
0,-1.2,0,0,0,319.2,303.6
0,-1.2,0,0,0,334.8,240
0,-1.2,0,0,0,334.8,255.6
0,-1.2,0,0,0,334.8,271.2
0,-1.2,0,0,0,334.8,288
0,-1.2,0,0,0,334.8,303.6
0,-1.2,0,0,0,351.6,240
0,-1.2,0,0,0,351.6,255.6
0,-1.2,0,0,0,351.6,271.2
0,-1.2,0,0,0,351.6,288
0,-1.2,0,0,0,351.6,303.6
0,-1.2,0,0,0,367.2,240
0,-1.2,0,0,0,367.2,255.6
0,-1.2,0,0,0,367.2,271.2
0,-1.2,0,0,0,367.2,288
0,-1.2,0,0,0,367.2,303.6
0,0,0,0,0,319.2,319.2
0,0,0,0,0,319.2,334.8
0,0,0,0,0,319.2,351.6
0,0,0,0,0,319.2,367.2
0,0,0,0,0,319.2,382.8
0,0,0,0,0,334.8,319.2
0,0,0,0,0,334.8,334.8
0,0,0,0,0,334.8,351.6
0,0,0,0,0,334.8,367.2
0,0,0,0,0,334.8,382.8
0,0,0,0,0,351.6,319.2
0,0,0,0,0,351.6,334.8
0,0,0,0,0,351.6,351.6
0,0,0,0,0,351.6,367.2
0,0,0,0,0,351.6,382.8
0,0,0,0,0,367.2,319.2
0,0,0,0,0,367.2,334.8
0,0,0,0,0,367.2,351.6
0,0,0,0,0,367.2,367.2
0,0,0,0,0,367.2,382.8
0,0,0,0,0,319.2,399.6
0,0,0,0,0,319.2,415.2
0,0,0,0,0,319.2,432
0,0,0,0,0,319.2,447.6
0,0,0,0,0,319.2,464.4
0,0,0,0,0,334.8,399.6
0,0,0,0,0,334.8,415.2
0,0,0,0,0,336,432
0,0,0,0,0,336,447.6
0,0,0,0,0,336,464.4
0,0,0,0,0,351.6,399.6
0,0,0,0,0,351.6,415.2
0,0,0,0,0,351.6,432
0,0,0,0,0,351.6,447.6
0,0,0,0,0,351.6,464.4
0,0,0,0,0,367.2,399.6
0,0,0,0,0,367.2,415.2
0,0,0,0,0,367.2,432
0,0,0,0,0,367.2,448.8
0,0,0,0,0,368.4,465.6
0,0,0,0,0,319.2,481.2
0,0,0,0,0,319.2,499.2
0,0,0,0,0,319.2,516
0,0,0,0,0,319.2,534
0,0,0,0,0,319.2,552
0,0,0,0,0,336,481.2
0,0,0,0,0,336,499.2
0,0,0,0,0,336,516
0,0,0,0,0,336,534
0,0,0,0,0,336,552
0,0,0,0,0,351.6,481.2
0,0,0,0,0,351.6,499.2
0,0,0,0,0,352.8,516
0,0,0,0,0,352.8,534
0,0,0,0,0,352.8,552
0,0,0,0,0,368.4,482.4
0,0,0,0,0,368.4,499.2
0,0,0,0,0,368.4,516
0,0,0,0,0,368.4,534
0,0,0,0,0,369.6,552
0,-1.2,0,0,0,400.8,156
0,-1.2,0,0,0,400.8,172.8
0,-1.2,0,0,0,400.8,189.6
0,-1.2,0,0,0,399.6,206.4
0,-1.2,0,0,0,399.6,223.2
0,-1.2,0,0,0,417.6,156
0,-1.2,0,0,0,417.6,172.8
0,-1.2,0,0,0,416.4,189.6
0,-1.2,0,0,0,416.4,206.4
0,-1.2,0,0,0,416.4,223.2
0,-1.2,0,0,0,434.4,154.8
0,-1.2,0,0,0,433.2,172.8
0,-1.2,0,0,0,433.2,189.6
0,-1.2,0,0,0,433.2,206.4
0,-1.2,0,0,0,432,222
0,-1.2,0,0,0,451.2,154.8
0,-1.2,0,0,0,450,171.6
0,-1.2,0,0,0,450,188.4
0,-1.2,0,0,0,450,205.2
0,-1.2,0,0,0,448.8,222
0,-1.2,0,0,0,399.6,238.8
0,-1.2,0,0,0,399.6,255.6
0,-1.2,0,0,0,399.6,271.2
0,-1.2,0,0,0,399.6,288
0,-1.2,0,0,0,399.6,303.6
0,-1.2,0,0,0,416.4,238.8
0,-1.2,0,0,0,415.2,255.6
0,-1.2,0,0,0,415.2,271.2
0,-1.2,0,0,0,415.2,288
0,-1.2,0,0,0,415.2,303.6
0,-1.2,0,0,0,432,238.8
0,-1.2,0,0,0,432,255.6
0,-1.2,0,0,0,432,271.2
0,-1.2,0,0,0,432,286.8
0,-1.2,0,0,0,432,303.6
0,-1.2,0,0,0,448.8,238.8
0,-1.2,0,0,0,448.8,254.4
0,-1.2,0,0,0,448.8,271.2
0,-1.2,0,0,0,447.6,286.8
0,-1.2,0,0,0,447.6,303.6
0,0,0,0,0,399.6,319.2
0,0,0,0,0,399.6,334.8
0,0,0,0,0,399.6,351.6
0,0,0,0,0,399.6,367.2
0,0,0,0,0,399.6,382.8
0,0,0,0,0,415.2,319.2
0,0,0,0,0,415.2,334.8
0,0,0,0,0,415.2,351.6
0,0,0,0,0,415.2,367.2
0,0,0,0,0,415.2,384
0,0,0,0,0,432,319.2
0,0,0,0,0,432,336
0,0,0,0,0,432,351.6
0,0,0,0,0,432,367.2
0,0,0,0,0,432,384
0,0,0,0,0,447.6,319.2
0,0,0,0,0,447.6,336
0,0,0,0,0,447.6,351.6
0,0,0,0,0,448.8,367.2
0,0,0,0,0,448.8,384
0,0,0,0,0,399.6,399.6
0,0,0,0,0,399.6,416.4
0,0,0,0,0,399.6,432
0,0,0,0,0,400.8,448.8
0,0,0,0,0,400.8,465.6
0,0,0,0,0,416.4,399.6
0,0,0,0,0,416.4,416.4
0,0,0,0,0,416.4,432
0,0,0,0,0,416.4,448.8
0,0,0,0,0,417.6,465.6
0,0,0,0,0,432,399.6
0,0,0,0,0,432,416.4
0,0,0,0,0,433.2,433.2
0,0,0,0,0,433.2,450
0,0,0,0,0,433.2,466.8
0,0,0,0,0,448.8,400.8
0,0,0,0,0,448.8,416.4
0,0,0,0,0,450,433.2
0,0,0,0,0,450,450
0,0,0,0,0,450,466.8
0,0,0,0,0,400.8,482.4
0,0,0,0,0,402,500.4
0,0,0,0,0,402,517.2
0,0,0,0,0,402,535.2
0,0,0,0,0,403.2,553.2
0,0,0,0,0,417.6,483.6
0,0,0,0,0,417.6,500.4
0,0,0,0,0,418.8,518.4
0,0,0,0,0,418.8,535.2
0,0,0,0,0,420,553.2
0,0,0,0,0,434.4,483.6
0,0,0,0,0,434.4,500.4
0,0,0,0,0,435.6,518.4
0,0,0,0,0,435.6,536.4
0,0,0,0,0,436.8,554.4
0,0,0,0,0,451.2,483.6
0,0,0,0,0,452.4,501.6
0,0,0,0,0,452.4,519.6
0,0,0,0,0,453.6,537.6
0,0,0,0,0,453.6,555.6
0,-1.2,0,0,0,486,153.6
0,-1.2,0,0,0,484.8,170.4
0,-1.2,0,0,0,483.6,187.2
0,-1.2,0,0,0,483.6,204
0,-1.2,0,0,0,483.6,220.8
0,-1.2,0,0,0,502.8,152.4
0,-1.2,0,0,0,502.8,170.4
0,-1.2,0,0,0,501.6,187.2
0,-1.2,0,0,0,500.4,204
0,-1.2,0,0,0,500.4,220.8
0,-1.2,0,0,0,520.8,151.2
0,-1.2,0,0,0,519.6,169.2
0,-1.2,0,0,0,519.6,186
0,-1.2,0,0,0,518.4,202.8
0,-1.2,0,0,0,518.4,219.6
0,-1.2,0,0,0,538.8,151.2
0,-1.2,0,0,0,537.6,168
0,-1.2,0,0,0,537.6,186
0,-1.2,0,0,0,536.4,202.8
0,-1.2,0,0,0,535.2,219.6
0,-1.2,0,0,0,482.4,237.6
0,-1.2,0,0,0,482.4,254.4
0,-1.2,0,0,0,482.4,271.2
0,-1.2,0,0,0,481.2,286.8
0,-1.2,0,0,0,481.2,303.6
0,-1.2,0,0,0,500.4,237.6
0,-1.2,0,0,0,499.2,254.4
0,-1.2,0,0,0,499.2,270
0,-1.2,0,0,0,499.2,286.8
0,-1.2,0,0,0,499.2,303.6
0,-1.2,0,0,0,517.2,236.4
0,-1.2,0,0,0,517.2,253.2
0,-1.2,0,0,0,516,270
0,-1.2,0,0,0,516,286.8
0,-1.2,0,0,0,516,303.6
0,-1.2,0,0,0,535.2,236.4
0,-1.2,0,0,0,534,253.2
0,-1.2,0,0,0,534,270
0,-1.2,0,0,0,534,286.8
0,-1.2,0,0,0,534,302.4
0,0,0,0,0,481.2,319.2
0,0,0,0,0,481.2,336
0,0,0,0,0,481.2,351.6
0,0,0,0,0,482.4,368.4
0,0,0,0,0,482.4,384
0,0,0,0,0,499.2,319.2
0,0,0,0,0,499.2,336
0,0,0,0,0,499.2,351.6
0,0,0,0,0,499.2,368.4
0,0,0,0,0,499.2,385.2
0,0,0,0,0,516,319.2
0,0,0,0,0,516,336
0,0,0,0,0,516,352.8
0,0,0,0,0,516,368.4
0,0,0,0,0,517.2,385.2
0,0,0,0,0,534,319.2
0,0,0,0,0,534,336
0,0,0,0,0,534,352.8
0,0,0,0,0,534,368.4
0,0,0,0,0,534,385.2
0,0,0,0,0,482.4,400.8
0,0,0,0,0,483.6,417.6
0,0,0,0,0,483.6,434.4
0,0,0,0,0,483.6,451.2
0,0,0,0,0,484.8,468
0,0,0,0,0,500.4,402
0,0,0,0,0,500.4,417.6
0,0,0,0,0,500.4,434.4
0,0,0,0,0,501.6,452.4
0,0,0,0,0,502.8,469.2
0,0,0,0,0,517.2,402
0,0,0,0,0,518.4,418.8
0,0,0,0,0,518.4,435.6
0,0,0,0,0,519.6,452.4
0,0,0,0,0,519.6,469.2
0,0,0,0,0,535.2,402
0,0,0,0,0,535.2,418.8
0,0,0,0,0,536.4,435.6
0,0,0,0,0,537.6,453.6
0,0,0,0,0,537.6,470.4
0,0,0,0,0,486,486
0,0,0,0,0,486,502.8
0,0,0,0,0,487.2,520.8
0,0,0,0,0,488.4,538.8
0,0,0,0,0,489.6,556.8
0,0,0,0,0,502.8,486
0,0,0,0,0,504,504
0,0,0,0,0,505.2,522
0,0,0,0,0,506.4,540
0,0,0,0,0,507.6,558
0,0,0,0,0,520.8,487.2
0,0,0,0,0,522,505.2
0,0,0,0,0,523.2,523.2
0,0,0,0,0,524.4,541.2
0,0,0,0,0,525.6,559.2
0,0,0,0,0,538.8,488.4
0,0,0,0,0,540,506.4
0,0,0,0,0,541.2,524.4
0,0,0,0,0,542.4,542.4
0,0,0,0,0,543.6,560.4
-1.2,-1.2,0,0,0,158.4,158.4
-1.2,-1.2,0,0,0,158.4,175.2
-1.2,-1.2,0,0,0,159.6,192
-1.2,-1.2,0,0,0,159.6,207.6
-1.2,-1.2,0,0,0,160.8,224.4
-1.2,-1.2,0,0,0,175.2,158.4
-1.2,-1.2,0,0,0,175.2,175.2
-1.2,-1.2,0,0,0,176.4,192
-1.2,-1.2,0,0,0,176.4,208.8
-1.2,-1.2,0,0,0,177.6,224.4
-1.2,-1.2,0,0,0,192,159.6
-1.2,-1.2,0,0,0,192,176.4
-1.2,-1.2,0,0,0,192,192
-1.2,-1.2,0,0,0,193.2,208.8
-1.2,-1.2,0,0,0,193.2,224.4
-1.2,-1.2,0,0,0,207.6,159.6
-1.2,-1.2,0,0,0,208.8,176.4
-1.2,-1.2,0,0,0,208.8,193.2
-1.2,-1.2,0,0,0,208.8,208.8
-1.2,-1.2,0,0,0,210,225.6
-1.2,-1.2,0,0,0,160.8,240
-1.2,-1.2,0,0,0,160.8,255.6
-1.2,-1.2,0,0,0,162,272.4
-1.2,-1.2,0,0,0,162,288
-1.2,-1.2,0,0,0,162,303.6
-1.2,-1.2,0,0,0,177.6,240
-1.2,-1.2,0,0,0,177.6,256.8
-1.2,-1.2,0,0,0,177.6,272.4
-1.2,-1.2,0,0,0,177.6,288
-1.2,-1.2,0,0,0,178.8,303.6
-1.2,-1.2,0,0,0,193.2,241.2
-1.2,-1.2,0,0,0,194.4,256.8
-1.2,-1.2,0,0,0,194.4,272.4
-1.2,-1.2,0,0,0,194.4,288
-1.2,-1.2,0,0,0,194.4,303.6
-1.2,-1.2,0,0,0,210,241.2
-1.2,-1.2,0,0,0,210,256.8
-1.2,-1.2,0,0,0,210,272.4
-1.2,-1.2,0,0,0,210,288
-1.2,-1.2,0,0,0,210,303.6
-1.2,0,0,0,0,162,319.2
-1.2,0,0,0,0,162,334.8
-1.2,0,0,0,0,162,350.4
-1.2,0,0,0,0,162,367.2
-1.2,0,0,0,0,160.8,382.8
-1.2,0,0,0,0,178.8,319.2
-1.2,0,0,0,0,178.8,334.8
-1.2,0,0,0,0,177.6,350.4
-1.2,0,0,0,0,177.6,366
-1.2,0,0,0,0,177.6,382.8
-1.2,0,0,0,0,194.4,319.2
-1.2,0,0,0,0,194.4,334.8
-1.2,0,0,0,0,194.4,350.4
-1.2,0,0,0,0,194.4,366
-1.2,0,0,0,0,194.4,381.6
-1.2,0,0,0,0,210,319.2
-1.2,0,0,0,0,210,334.8
-1.2,0,0,0,0,210,350.4
-1.2,0,0,0,0,210,366
-1.2,0,0,0,0,210,381.6
-1.2,0,0,0,0,160.8,398.4
-1.2,0,0,0,0,160.8,415.2
-1.2,0,0,0,0,159.6,430.8
-1.2,0,0,0,0,159.6,447.6
-1.2,0,0,0,0,158.4,463.2
-1.2,0,0,0,0,177.6,398.4
-1.2,0,0,0,0,177.6,414
-1.2,0,0,0,0,176.4,430.8
-1.2,0,0,0,0,176.4,446.4
-1.2,0,0,0,0,175.2,463.2
-1.2,0,0,0,0,193.2,398.4
-1.2,0,0,0,0,193.2,414
-1.2,0,0,0,0,193.2,429.6
-1.2,0,0,0,0,192,446.4
-1.2,0,0,0,0,192,463.2
-1.2,0,0,0,0,210,397.2
-1.2,0,0,0,0,210,414
-1.2,0,0,0,0,208.8,429.6
-1.2,0,0,0,0,208.8,445.2
-1.2,0,0,0,0,208.8,462
-1.2,0,0,0,0,158.4,480
-1.2,0,0,0,0,157.2,498
-1.2,0,0,0,0,157.2,514.8
-1.2,0,0,0,0,156,531.6
-1.2,0,0,0,0,154.8,549.6
-1.2,0,0,0,0,175.2,480
-1.2,0,0,0,0,174,496.8
-1.2,0,0,0,0,174,513.6
-1.2,0,0,0,0,172.8,531.6
-1.2,0,0,0,0,171.6,548.4
-1.2,0,0,0,0,192,478.8
-1.2,0,0,0,0,190.8,495.6
-1.2,0,0,0,0,190.8,513.6
-1.2,0,0,0,0,189.6,530.4
-1.2,0,0,0,0,188.4,548.4
-1.2,0,0,0,0,207.6,478.8
-1.2,0,0,0,0,207.6,495.6
-1.2,0,0,0,0,206.4,512.4
-1.2,0,0,0,0,206.4,529.2
-1.2,0,0,0,0,205.2,547.2
-1.2,-1.2,0,0,0,240,160.8
-1.2,-1.2,0,0,0,240,177.6
-1.2,-1.2,0,0,0,241.2,193.2
-1.2,-1.2,0,0,0,241.2,210
-1.2,-1.2,0,0,0,241.2,225.6
-1.2,-1.2,0,0,0,255.6,160.8
-1.2,-1.2,0,0,0,256.8,177.6
-1.2,-1.2,0,0,0,256.8,194.4
-1.2,-1.2,0,0,0,256.8,210
-1.2,-1.2,0,0,0,256.8,225.6
-1.2,-1.2,0,0,0,272.4,162
-1.2,-1.2,0,0,0,272.4,177.6
-1.2,-1.2,0,0,0,272.4,194.4
-1.2,-1.2,0,0,0,272.4,210
-1.2,-1.2,0,0,0,272.4,225.6
-1.2,-1.2,0,0,0,288,162
-1.2,-1.2,0,0,0,288,177.6
-1.2,-1.2,0,0,0,288,194.4
-1.2,-1.2,0,0,0,288,210
-1.2,-1.2,0,0,0,288,225.6
-1.2,-1.2,0,0,0,241.2,241.2
-1.2,-1.2,0,0,0,241.2,256.8
-1.2,-1.2,0,0,0,242.4,272.4
-1.2,-1.2,0,0,0,242.4,288
-1.2,-1.2,0,0,0,242.4,303.6
-1.2,-1.2,0,0,0,256.8,241.2
-1.2,-1.2,0,0,0,256.8,256.8
-1.2,-1.2,0,0,0,258,272.4
-1.2,-1.2,0,0,0,258,288
-1.2,-1.2,0,0,0,258,303.6
-1.2,-1.2,0,0,0,272.4,242.4
-1.2,-1.2,0,0,0,272.4,258
-1.2,-1.2,0,0,0,273.6,273.6
-1.2,-1.2,0,0,0,273.6,288
-1.2,-1.2,0,0,0,273.6,303.6
-1.2,-1.2,0,0,0,288,242.4
-1.2,-1.2,0,0,0,288,258
-1.2,-1.2,0,0,0,288,273.6
-1.2,-1.2,0,0,0,288,288
-1.2,-1.2,0,0,0,288,303.6
-1.2,0,0,0,0,242.4,319.2
-1.2,0,0,0,0,242.4,334.8
-1.2,0,0,0,0,242.4,350.4
-1.2,0,0,0,0,242.4,366
-1.2,0,0,0,0,241.2,381.6
-1.2,0,0,0,0,258,319.2
-1.2,0,0,0,0,258,334.8
-1.2,0,0,0,0,258,350.4
-1.2,0,0,0,0,258,366
-1.2,0,0,0,0,256.8,381.6
-1.2,0,0,0,0,273.6,319.2
-1.2,0,0,0,0,273.6,334.8
-1.2,0,0,0,0,273.6,350.4
-1.2,0,0,0,0,273.6,366
-1.2,0,0,0,0,272.4,381.6
-1.2,0,0,0,0,288,319.2
-1.2,0,0,0,0,288,334.8
-1.2,0,0,0,0,288,350.4
-1.2,0,0,0,0,288,366
-1.2,0,0,0,0,288,381.6
-1.2,0,0,0,0,241.2,397.2
-1.2,0,0,0,0,241.2,412.8
-1.2,0,0,0,0,241.2,429.6
-1.2,0,0,0,0,241.2,445.2
-1.2,0,0,0,0,240,460.8
-1.2,0,0,0,0,256.8,397.2
-1.2,0,0,0,0,256.8,412.8
-1.2,0,0,0,0,256.8,428.4
-1.2,0,0,0,0,256.8,445.2
-1.2,0,0,0,0,256.8,460.8
-1.2,0,0,0,0,272.4,397.2
-1.2,0,0,0,0,272.4,412.8
-1.2,0,0,0,0,272.4,428.4
-1.2,0,0,0,0,272.4,445.2
-1.2,0,0,0,0,272.4,460.8
-1.2,0,0,0,0,288,397.2
-1.2,0,0,0,0,288,412.8
-1.2,0,0,0,0,288,428.4
-1.2,0,0,0,0,288,444
-1.2,0,0,0,0,288,460.8
-1.2,0,0,0,0,240,477.6
-1.2,0,0,0,0,240,494.4
-1.2,0,0,0,0,240,511.2
-1.2,0,0,0,0,238.8,528
-1.2,0,0,0,0,238.8,546
-1.2,0,0,0,0,255.6,477.6
-1.2,0,0,0,0,255.6,494.4
-1.2,0,0,0,0,255.6,511.2
-1.2,0,0,0,0,255.6,528
-1.2,0,0,0,0,254.4,546
-1.2,0,0,0,0,272.4,477.6
-1.2,0,0,0,0,272.4,494.4
-1.2,0,0,0,0,271.2,511.2
-1.2,0,0,0,0,271.2,528
-1.2,0,0,0,0,271.2,544.8
-1.2,0,0,0,0,288,477.6
-1.2,0,0,0,0,288,493.2
-1.2,0,0,0,0,288,510
-1.2,0,0,0,0,286.8,528
-1.2,0,0,0,0,286.8,544.8
0,-1.2,0,0,0,319.2,162
0,-1.2,0,0,0,319.2,178.8
0,-1.2,0,0,0,319.2,194.4
0,-1.2,0,0,0,319.2,210
0,-1.2,0,0,0,319.2,226.8
0,-1.2,0,0,0,334.8,162
0,-1.2,0,0,0,334.8,178.8
0,-1.2,0,0,0,334.8,194.4
0,-1.2,0,0,0,334.8,210
0,-1.2,0,0,0,334.8,226.8
0,-1.2,0,0,0,350.4,162
0,-1.2,0,0,0,350.4,177.6
0,-1.2,0,0,0,350.4,194.4
0,-1.2,0,0,0,350.4,210
0,-1.2,0,0,0,350.4,225.6
0,-1.2,0,0,0,367.2,162
0,-1.2,0,0,0,366,177.6
0,-1.2,0,0,0,366,194.4
0,-1.2,0,0,0,366,210
0,-1.2,0,0,0,366,225.6
0,-1.2,0,0,0,319.2,242.4
0,-1.2,0,0,0,319.2,258
0,-1.2,0,0,0,319.2,273.6
0,-1.2,0,0,0,319.2,288
0,-1.2,0,0,0,319.2,303.6
0,-1.2,0,0,0,334.8,242.4
0,-1.2,0,0,0,334.8,258
0,-1.2,0,0,0,334.8,273.6
0,-1.2,0,0,0,334.8,288
0,-1.2,0,0,0,334.8,303.6
0,-1.2,0,0,0,350.4,242.4
0,-1.2,0,0,0,350.4,258
0,-1.2,0,0,0,350.4,273.6
0,-1.2,0,0,0,350.4,288
0,-1.2,0,0,0,350.4,303.6
0,-1.2,0,0,0,366,242.4
0,-1.2,0,0,0,366,258
0,-1.2,0,0,0,366,273.6
0,-1.2,0,0,0,366,288
0,-1.2,0,0,0,366,303.6
0,0,0,0,0,319.2,319.2
0,0,0,0,0,319.2,334.8
0,0,0,0,0,319.2,350.4
0,0,0,0,0,319.2,366
0,0,0,0,0,319.2,381.6
0,0,0,0,0,334.8,319.2
0,0,0,0,0,334.8,334.8
0,0,0,0,0,334.8,350.4
0,0,0,0,0,334.8,366
0,0,0,0,0,334.8,381.6
0,0,0,0,0,350.4,319.2
0,0,0,0,0,350.4,334.8
0,0,0,0,0,350.4,350.4
0,0,0,0,0,350.4,366
0,0,0,0,0,350.4,381.6
0,0,0,0,0,366,319.2
0,0,0,0,0,366,334.8
0,0,0,0,0,366,350.4
0,0,0,0,0,366,366
0,0,0,0,0,366,381.6
0,0,0,0,0,319.2,397.2
0,0,0,0,0,319.2,412.8
0,0,0,0,0,319.2,428.4
0,0,0,0,0,319.2,444
0,0,0,0,0,319.2,460.8
0,0,0,0,0,334.8,397.2
0,0,0,0,0,334.8,412.8
0,0,0,0,0,334.8,428.4
0,0,0,0,0,334.8,444
0,0,0,0,0,334.8,460.8
0,0,0,0,0,350.4,397.2
0,0,0,0,0,350.4,412.8
0,0,0,0,0,350.4,428.4
0,0,0,0,0,350.4,444
0,0,0,0,0,350.4,460.8
0,0,0,0,0,366,397.2
0,0,0,0,0,366,412.8
0,0,0,0,0,366,428.4
0,0,0,0,0,366,445.2
0,0,0,0,0,366,460.8
0,0,0,0,0,319.2,476.4
0,0,0,0,0,319.2,493.2
0,0,0,0,0,319.2,510
0,0,0,0,0,319.2,526.8
0,0,0,0,0,319.2,544.8
0,0,0,0,0,334.8,476.4
0,0,0,0,0,334.8,493.2
0,0,0,0,0,334.8,510
0,0,0,0,0,336,528
0,0,0,0,0,336,544.8
0,0,0,0,0,350.4,477.6
0,0,0,0,0,351.6,493.2
0,0,0,0,0,351.6,510
0,0,0,0,0,351.6,528
0,0,0,0,0,351.6,544.8
0,0,0,0,0,367.2,477.6
0,0,0,0,0,367.2,494.4
0,0,0,0,0,367.2,511.2
0,0,0,0,0,367.2,528
0,0,0,0,0,367.2,544.8
0,-1.2,0,0,0,398.4,160.8
0,-1.2,0,0,0,398.4,177.6
0,-1.2,0,0,0,398.4,193.2
0,-1.2,0,0,0,397.2,210
0,-1.2,0,0,0,397.2,225.6
0,-1.2,0,0,0,415.2,160.8
0,-1.2,0,0,0,414,177.6
0,-1.2,0,0,0,414,193.2
0,-1.2,0,0,0,414,210
0,-1.2,0,0,0,412.8,225.6
0,-1.2,0,0,0,430.8,159.6
0,-1.2,0,0,0,430.8,176.4
0,-1.2,0,0,0,429.6,193.2
0,-1.2,0,0,0,429.6,208.8
0,-1.2,0,0,0,429.6,225.6
0,-1.2,0,0,0,447.6,159.6
0,-1.2,0,0,0,446.4,176.4
0,-1.2,0,0,0,446.4,192
0,-1.2,0,0,0,445.2,208.8
0,-1.2,0,0,0,445.2,224.4
0,-1.2,0,0,0,397.2,241.2
0,-1.2,0,0,0,397.2,256.8
0,-1.2,0,0,0,397.2,272.4
0,-1.2,0,0,0,397.2,288
0,-1.2,0,0,0,397.2,303.6
0,-1.2,0,0,0,412.8,241.2
0,-1.2,0,0,0,412.8,256.8
0,-1.2,0,0,0,412.8,272.4
0,-1.2,0,0,0,412.8,288
0,-1.2,0,0,0,412.8,303.6
0,-1.2,0,0,0,429.6,241.2
0,-1.2,0,0,0,428.4,256.8
0,-1.2,0,0,0,428.4,272.4
0,-1.2,0,0,0,428.4,288
0,-1.2,0,0,0,428.4,303.6
0,-1.2,0,0,0,445.2,241.2
0,-1.2,0,0,0,445.2,256.8
0,-1.2,0,0,0,445.2,272.4
0,-1.2,0,0,0,444,288
0,-1.2,0,0,0,444,303.6
0,0,0,0,0,397.2,319.2
0,0,0,0,0,397.2,334.8
0,0,0,0,0,397.2,350.4
0,0,0,0,0,397.2,366
0,0,0,0,0,397.2,381.6
0,0,0,0,0,412.8,319.2
0,0,0,0,0,412.8,334.8
0,0,0,0,0,412.8,350.4
0,0,0,0,0,412.8,366
0,0,0,0,0,412.8,381.6
0,0,0,0,0,428.4,319.2
0,0,0,0,0,428.4,334.8
0,0,0,0,0,428.4,350.4
0,0,0,0,0,428.4,366
0,0,0,0,0,428.4,381.6
0,0,0,0,0,444,319.2
0,0,0,0,0,444,334.8
0,0,0,0,0,444,350.4
0,0,0,0,0,445.2,366
0,0,0,0,0,445.2,381.6
0,0,0,0,0,397.2,397.2
0,0,0,0,0,397.2,412.8
0,0,0,0,0,397.2,429.6
0,0,0,0,0,398.4,445.2
0,0,0,0,0,398.4,460.8
0,0,0,0,0,412.8,397.2
0,0,0,0,0,412.8,412.8
0,0,0,0,0,414,429.6
0,0,0,0,0,414,445.2
0,0,0,0,0,414,462
0,0,0,0,0,429.6,397.2
0,0,0,0,0,429.6,414
0,0,0,0,0,429.6,429.6
0,0,0,0,0,429.6,445.2
0,0,0,0,0,430.8,462
0,0,0,0,0,445.2,398.4
0,0,0,0,0,445.2,414
0,0,0,0,0,445.2,429.6
0,0,0,0,0,446.4,446.4
0,0,0,0,0,446.4,463.2
0,0,0,0,0,398.4,477.6
0,0,0,0,0,398.4,494.4
0,0,0,0,0,399.6,511.2
0,0,0,0,0,399.6,528
0,0,0,0,0,400.8,546
0,0,0,0,0,415.2,478.8
0,0,0,0,0,415.2,494.4
0,0,0,0,0,415.2,512.4
0,0,0,0,0,416.4,529.2
0,0,0,0,0,416.4,546
0,0,0,0,0,430.8,478.8
0,0,0,0,0,432,495.6
0,0,0,0,0,432,512.4
0,0,0,0,0,433.2,529.2
0,0,0,0,0,433.2,547.2
0,0,0,0,0,447.6,478.8
0,0,0,0,0,447.6,495.6
0,0,0,0,0,448.8,513.6
0,0,0,0,0,448.8,530.4
0,0,0,0,0,450,548.4
0,-1.2,0,0,0,480,158.4
0,-1.2,0,0,0,480,175.2
0,-1.2,0,0,0,478.8,192
0,-1.2,0,0,0,478.8,207.6
0,-1.2,0,0,0,478.8,224.4
0,-1.2,0,0,0,498,157.2
0,-1.2,0,0,0,496.8,174
0,-1.2,0,0,0,495.6,190.8
0,-1.2,0,0,0,495.6,207.6
0,-1.2,0,0,0,494.4,223.2
0,-1.2,0,0,0,514.8,157.2
0,-1.2,0,0,0,513.6,174
0,-1.2,0,0,0,513.6,190.8
0,-1.2,0,0,0,512.4,206.4
0,-1.2,0,0,0,512.4,223.2
0,-1.2,0,0,0,531.6,156
0,-1.2,0,0,0,531.6,172.8
0,-1.2,0,0,0,530.4,189.6
0,-1.2,0,0,0,529.2,206.4
0,-1.2,0,0,0,529.2,223.2
0,-1.2,0,0,0,477.6,240
0,-1.2,0,0,0,477.6,255.6
0,-1.2,0,0,0,477.6,272.4
0,-1.2,0,0,0,477.6,288
0,-1.2,0,0,0,476.4,303.6
0,-1.2,0,0,0,494.4,240
0,-1.2,0,0,0,494.4,255.6
0,-1.2,0,0,0,494.4,272.4
0,-1.2,0,0,0,493.2,288
0,-1.2,0,0,0,493.2,303.6
0,-1.2,0,0,0,511.2,240
0,-1.2,0,0,0,511.2,255.6
0,-1.2,0,0,0,511.2,271.2
0,-1.2,0,0,0,510,288
0,-1.2,0,0,0,510,303.6
0,-1.2,0,0,0,528,238.8
0,-1.2,0,0,0,528,255.6
0,-1.2,0,0,0,528,271.2
0,-1.2,0,0,0,528,286.8
0,-1.2,0,0,0,528,303.6
0,0,0,0,0,476.4,319.2
0,0,0,0,0,476.4,334.8
0,0,0,0,0,477.6,350.4
0,0,0,0,0,477.6,367.2
0,0,0,0,0,477.6,382.8
0,0,0,0,0,493.2,319.2
0,0,0,0,0,493.2,334.8
0,0,0,0,0,493.2,351.6
0,0,0,0,0,494.4,367.2
0,0,0,0,0,494.4,382.8
0,0,0,0,0,510,319.2
0,0,0,0,0,510,334.8
0,0,0,0,0,510,351.6
0,0,0,0,0,511.2,367.2
0,0,0,0,0,511.2,382.8
0,0,0,0,0,526.8,319.2
0,0,0,0,0,528,336
0,0,0,0,0,528,351.6
0,0,0,0,0,528,367.2
0,0,0,0,0,528,384
0,0,0,0,0,477.6,398.4
0,0,0,0,0,478.8,415.2
0,0,0,0,0,478.8,430.8
0,0,0,0,0,478.8,447.6
0,0,0,0,0,480,463.2
0,0,0,0,0,494.4,398.4
0,0,0,0,0,494.4,415.2
0,0,0,0,0,495.6,432
0,0,0,0,0,495.6,447.6
0,0,0,0,0,496.8,464.4
0,0,0,0,0,511.2,399.6
0,0,0,0,0,512.4,415.2
0,0,0,0,0,512.4,432
0,0,0,0,0,513.6,448.8
0,0,0,0,0,513.6,465.6
0,0,0,0,0,528,399.6
0,0,0,0,0,529.2,416.4
0,0,0,0,0,529.2,433.2
0,0,0,0,0,530.4,448.8
0,0,0,0,0,531.6,465.6
0,0,0,0,0,480,480
0,0,0,0,0,481.2,498
0,0,0,0,0,482.4,514.8
0,0,0,0,0,482.4,531.6
0,0,0,0,0,483.6,549.6
0,0,0,0,0,498,481.2
0,0,0,0,0,498,498
0,0,0,0,0,499.2,516
0,0,0,0,0,500.4,532.8
0,0,0,0,0,501.6,550.8
0,0,0,0,0,514.8,482.4
0,0,0,0,0,516,499.2
0,0,0,0,0,516,516
0,0,0,0,0,517.2,534
0,0,0,0,0,518.4,552
0,0,0,0,0,531.6,482.4
0,0,0,0,0,532.8,500.4
0,0,0,0,0,534,517.2
0,0,0,0,0,535.2,535.2
0,0,0,0,0,536.4,553.2
-1.2,-1.2,0,0,0,163.2,163.2
-1.2,-1.2,0,0,0,163.2,178.8
-1.2,-1.2,0,0,0,164.4,195.6
-1.2,-1.2,0,0,0,164.4,211.2
-1.2,-1.2,0,0,0,165.6,226.8
-1.2,-1.2,0,0,0,178.8,163.2
-1.2,-1.2,0,0,0,180,180
-1.2,-1.2,0,0,0,180,195.6
-1.2,-1.2,0,0,0,181.2,211.2
-1.2,-1.2,0,0,0,181.2,226.8
-1.2,-1.2,0,0,0,195.6,164.4
-1.2,-1.2,0,0,0,195.6,180
-1.2,-1.2,0,0,0,195.6,195.6
-1.2,-1.2,0,0,0,196.8,212.4
-1.2,-1.2,0,0,0,196.8,228
-1.2,-1.2,0,0,0,211.2,164.4
-1.2,-1.2,0,0,0,211.2,181.2
-1.2,-1.2,0,0,0,212.4,196.8
-1.2,-1.2,0,0,0,212.4,212.4
-1.2,-1.2,0,0,0,212.4,228
-1.2,-1.2,0,0,0,165.6,242.4
-1.2,-1.2,0,0,0,165.6,258
-1.2,-1.2,0,0,0,165.6,273.6
-1.2,-1.2,0,0,0,165.6,289.2
-1.2,-1.2,0,0,0,166.8,303.6
-1.2,-1.2,0,0,0,181.2,242.4
-1.2,-1.2,0,0,0,181.2,258
-1.2,-1.2,0,0,0,182.4,273.6
-1.2,-1.2,0,0,0,182.4,289.2
-1.2,-1.2,0,0,0,182.4,303.6
-1.2,-1.2,0,0,0,196.8,243.6
-1.2,-1.2,0,0,0,198,258
-1.2,-1.2,0,0,0,198,273.6
-1.2,-1.2,0,0,0,198,289.2
-1.2,-1.2,0,0,0,198,304.8
-1.2,-1.2,0,0,0,212.4,243.6
-1.2,-1.2,0,0,0,213.6,259.2
-1.2,-1.2,0,0,0,213.6,273.6
-1.2,-1.2,0,0,0,213.6,289.2
-1.2,-1.2,0,0,0,213.6,304.8
-1.2,0,0,0,0,166.8,319.2
-1.2,0,0,0,0,166.8,334.8
-1.2,0,0,0,0,165.6,350.4
-1.2,0,0,0,0,165.6,366
-1.2,0,0,0,0,165.6,380.4
-1.2,0,0,0,0,182.4,319.2
-1.2,0,0,0,0,182.4,334.8
-1.2,0,0,0,0,182.4,350.4
-1.2,0,0,0,0,182.4,364.8
-1.2,0,0,0,0,181.2,380.4
-1.2,0,0,0,0,198,319.2
-1.2,0,0,0,0,198,334.8
-1.2,0,0,0,0,198,350.4
-1.2,0,0,0,0,198,364.8
-1.2,0,0,0,0,198,380.4
-1.2,0,0,0,0,213.6,319.2
-1.2,0,0,0,0,213.6,334.8
-1.2,0,0,0,0,213.6,349.2
-1.2,0,0,0,0,213.6,364.8
-1.2,0,0,0,0,213.6,380.4
-1.2,0,0,0,0,165.6,396
-1.2,0,0,0,0,165.6,411.6
-1.2,0,0,0,0,164.4,427.2
-1.2,0,0,0,0,164.4,444
-1.2,0,0,0,0,163.2,459.6
-1.2,0,0,0,0,181.2,396
-1.2,0,0,0,0,181.2,411.6
-1.2,0,0,0,0,181.2,427.2
-1.2,0,0,0,0,180,442.8
-1.2,0,0,0,0,180,459.6
-1.2,0,0,0,0,196.8,396
-1.2,0,0,0,0,196.8,411.6
-1.2,0,0,0,0,196.8,427.2
-1.2,0,0,0,0,195.6,442.8
-1.2,0,0,0,0,195.6,458.4
-1.2,0,0,0,0,212.4,396
-1.2,0,0,0,0,212.4,410.4
-1.2,0,0,0,0,212.4,426
-1.2,0,0,0,0,212.4,442.8
-1.2,0,0,0,0,211.2,458.4
-1.2,0,0,0,0,163.2,475.2
-1.2,0,0,0,0,162,492
-1.2,0,0,0,0,162,508.8
-1.2,0,0,0,0,160.8,525.6
-1.2,0,0,0,0,159.6,542.4
-1.2,0,0,0,0,178.8,475.2
-1.2,0,0,0,0,178.8,492
-1.2,0,0,0,0,177.6,507.6
-1.2,0,0,0,0,177.6,524.4
-1.2,0,0,0,0,176.4,542.4
-1.2,0,0,0,0,195.6,474
-1.2,0,0,0,0,194.4,490.8
-1.2,0,0,0,0,194.4,507.6
-1.2,0,0,0,0,193.2,524.4
-1.2,0,0,0,0,193.2,541.2
-1.2,0,0,0,0,211.2,474
-1.2,0,0,0,0,211.2,490.8
-1.2,0,0,0,0,210,506.4
-1.2,0,0,0,0,210,523.2
-1.2,0,0,0,0,208.8,540
-1.2,-1.2,0,0,0,242.4,165.6
-1.2,-1.2,0,0,0,242.4,181.2
-1.2,-1.2,0,0,0,243.6,196.8
-1.2,-1.2,0,0,0,243.6,212.4
-1.2,-1.2,0,0,0,243.6,228
-1.2,-1.2,0,0,0,258,165.6
-1.2,-1.2,0,0,0,258,181.2
-1.2,-1.2,0,0,0,258,198
-1.2,-1.2,0,0,0,259.2,213.6
-1.2,-1.2,0,0,0,259.2,228
-1.2,-1.2,0,0,0,273.6,165.6
-1.2,-1.2,0,0,0,273.6,182.4
-1.2,-1.2,0,0,0,273.6,198
-1.2,-1.2,0,0,0,273.6,213.6
-1.2,-1.2,0,0,0,273.6,229.2
-1.2,-1.2,0,0,0,289.2,165.6
-1.2,-1.2,0,0,0,289.2,182.4
-1.2,-1.2,0,0,0,289.2,198
-1.2,-1.2,0,0,0,289.2,213.6
-1.2,-1.2,0,0,0,289.2,229.2
-1.2,-1.2,0,0,0,243.6,243.6
-1.2,-1.2,0,0,0,243.6,259.2
-1.2,-1.2,0,0,0,243.6,273.6
-1.2,-1.2,0,0,0,243.6,289.2
-1.2,-1.2,0,0,0,243.6,304.8
-1.2,-1.2,0,0,0,259.2,243.6
-1.2,-1.2,0,0,0,259.2,259.2
-1.2,-1.2,0,0,0,259.2,274.8
-1.2,-1.2,0,0,0,259.2,289.2
-1.2,-1.2,0,0,0,259.2,304.8
-1.2,-1.2,0,0,0,273.6,243.6
-1.2,-1.2,0,0,0,274.8,259.2
-1.2,-1.2,0,0,0,274.8,274.8
-1.2,-1.2,0,0,0,274.8,289.2
-1.2,-1.2,0,0,0,274.8,304.8
-1.2,-1.2,0,0,0,289.2,243.6
-1.2,-1.2,0,0,0,289.2,259.2
-1.2,-1.2,0,0,0,289.2,274.8
-1.2,-1.2,0,0,0,289.2,289.2
-1.2,-1.2,0,0,0,289.2,304.8
-1.2,0,0,0,0,243.6,319.2
-1.2,0,0,0,0,243.6,334.8
-1.2,0,0,0,0,243.6,349.2
-1.2,0,0,0,0,243.6,364.8
-1.2,0,0,0,0,243.6,380.4
-1.2,0,0,0,0,259.2,319.2
-1.2,0,0,0,0,259.2,334.8
-1.2,0,0,0,0,259.2,349.2
-1.2,0,0,0,0,259.2,364.8
-1.2,0,0,0,0,259.2,379.2
-1.2,0,0,0,0,274.8,319.2
-1.2,0,0,0,0,274.8,334.8
-1.2,0,0,0,0,274.8,349.2
-1.2,0,0,0,0,274.8,364.8
-1.2,0,0,0,0,274.8,379.2
-1.2,0,0,0,0,289.2,319.2
-1.2,0,0,0,0,289.2,334.8
-1.2,0,0,0,0,289.2,349.2
-1.2,0,0,0,0,289.2,364.8
-1.2,0,0,0,0,289.2,379.2
-1.2,0,0,0,0,243.6,394.8
-1.2,0,0,0,0,243.6,410.4
-1.2,0,0,0,0,243.6,426
-1.2,0,0,0,0,243.6,441.6
-1.2,0,0,0,0,242.4,457.2
-1.2,0,0,0,0,259.2,394.8
-1.2,0,0,0,0,259.2,410.4
-1.2,0,0,0,0,259.2,426
-1.2,0,0,0,0,258,441.6
-1.2,0,0,0,0,258,457.2
-1.2,0,0,0,0,273.6,394.8
-1.2,0,0,0,0,273.6,410.4
-1.2,0,0,0,0,273.6,426
-1.2,0,0,0,0,273.6,441.6
-1.2,0,0,0,0,273.6,457.2
-1.2,0,0,0,0,289.2,394.8
-1.2,0,0,0,0,289.2,410.4
-1.2,0,0,0,0,289.2,426
-1.2,0,0,0,0,289.2,441.6
-1.2,0,0,0,0,289.2,457.2
-1.2,0,0,0,0,242.4,472.8
-1.2,0,0,0,0,242.4,489.6
-1.2,0,0,0,0,241.2,506.4
-1.2,0,0,0,0,241.2,522
-1.2,0,0,0,0,241.2,538.8
-1.2,0,0,0,0,258,472.8
-1.2,0,0,0,0,258,489.6
-1.2,0,0,0,0,256.8,505.2
-1.2,0,0,0,0,256.8,522
-1.2,0,0,0,0,256.8,538.8
-1.2,0,0,0,0,273.6,472.8
-1.2,0,0,0,0,273.6,488.4
-1.2,0,0,0,0,272.4,505.2
-1.2,0,0,0,0,272.4,522
-1.2,0,0,0,0,272.4,538.8
-1.2,0,0,0,0,289.2,472.8
-1.2,0,0,0,0,289.2,488.4
-1.2,0,0,0,0,288,505.2
-1.2,0,0,0,0,288,522
-1.2,0,0,0,0,288,538.8
0,-1.2,0,0,0,319.2,166.8
0,-1.2,0,0,0,319.2,182.4
0,-1.2,0,0,0,319.2,198
0,-1.2,0,0,0,319.2,213.6
0,-1.2,0,0,0,319.2,229.2
0,-1.2,0,0,0,334.8,166.8
0,-1.2,0,0,0,334.8,182.4
0,-1.2,0,0,0,334.8,198
0,-1.2,0,0,0,334.8,213.6
0,-1.2,0,0,0,334.8,229.2
0,-1.2,0,0,0,350.4,165.6
0,-1.2,0,0,0,350.4,182.4
0,-1.2,0,0,0,350.4,198
0,-1.2,0,0,0,349.2,213.6
0,-1.2,0,0,0,349.2,229.2
0,-1.2,0,0,0,366,165.6
0,-1.2,0,0,0,364.8,182.4
0,-1.2,0,0,0,364.8,198
0,-1.2,0,0,0,364.8,213.6
0,-1.2,0,0,0,364.8,229.2
0,-1.2,0,0,0,319.2,243.6
0,-1.2,0,0,0,319.2,259.2
0,-1.2,0,0,0,319.2,274.8
0,-1.2,0,0,0,319.2,289.2
0,-1.2,0,0,0,319.2,304.8
0,-1.2,0,0,0,334.8,243.6
0,-1.2,0,0,0,334.8,259.2
0,-1.2,0,0,0,334.8,274.8
0,-1.2,0,0,0,334.8,289.2
0,-1.2,0,0,0,334.8,304.8
0,-1.2,0,0,0,349.2,243.6
0,-1.2,0,0,0,349.2,259.2
0,-1.2,0,0,0,349.2,274.8
0,-1.2,0,0,0,349.2,289.2
0,-1.2,0,0,0,349.2,304.8
0,-1.2,0,0,0,364.8,243.6
0,-1.2,0,0,0,364.8,259.2
0,-1.2,0,0,0,364.8,274.8
0,-1.2,0,0,0,364.8,289.2
0,-1.2,0,0,0,364.8,304.8
0,0,0,0,0,319.2,319.2
0,0,0,0,0,319.2,334.8
0,0,0,0,0,319.2,349.2
0,0,0,0,0,319.2,364.8
0,0,0,0,0,319.2,379.2
0,0,0,0,0,334.8,319.2
0,0,0,0,0,334.8,334.8
0,0,0,0,0,334.8,349.2
0,0,0,0,0,334.8,364.8
0,0,0,0,0,334.8,379.2
0,0,0,0,0,349.2,319.2
0,0,0,0,0,349.2,334.8
0,0,0,0,0,349.2,349.2
0,0,0,0,0,349.2,364.8
0,0,0,0,0,349.2,379.2
0,0,0,0,0,364.8,319.2
0,0,0,0,0,364.8,334.8
0,0,0,0,0,364.8,349.2
0,0,0,0,0,364.8,364.8
0,0,0,0,0,364.8,379.2
0,0,0,0,0,319.2,394.8
0,0,0,0,0,319.2,410.4
0,0,0,0,0,319.2,424.8
0,0,0,0,0,319.2,440.4
0,0,0,0,0,319.2,457.2
0,0,0,0,0,334.8,394.8
0,0,0,0,0,334.8,410.4
0,0,0,0,0,334.8,426
0,0,0,0,0,334.8,440.4
0,0,0,0,0,334.8,457.2
0,0,0,0,0,349.2,394.8
0,0,0,0,0,349.2,410.4
0,0,0,0,0,349.2,426
0,0,0,0,0,350.4,441.6
0,0,0,0,0,350.4,457.2
0,0,0,0,0,364.8,394.8
0,0,0,0,0,364.8,410.4
0,0,0,0,0,364.8,426
0,0,0,0,0,364.8,441.6
0,0,0,0,0,364.8,457.2
0,0,0,0,0,319.2,472.8
0,0,0,0,0,319.2,488.4
0,0,0,0,0,319.2,505.2
0,0,0,0,0,319.2,520.8
0,0,0,0,0,319.2,537.6
0,0,0,0,0,334.8,472.8
0,0,0,0,0,334.8,488.4
0,0,0,0,0,334.8,505.2
0,0,0,0,0,334.8,520.8
0,0,0,0,0,334.8,537.6
0,0,0,0,0,350.4,472.8
0,0,0,0,0,350.4,488.4
0,0,0,0,0,350.4,505.2
0,0,0,0,0,350.4,522
0,0,0,0,0,350.4,538.8
0,0,0,0,0,366,472.8
0,0,0,0,0,366,488.4
0,0,0,0,0,366,505.2
0,0,0,0,0,366,522
0,0,0,0,0,366,538.8
0,-1.2,0,0,0,396,165.6
0,-1.2,0,0,0,396,181.2
0,-1.2,0,0,0,396,196.8
0,-1.2,0,0,0,396,212.4
0,-1.2,0,0,0,394.8,228
0,-1.2,0,0,0,411.6,165.6
0,-1.2,0,0,0,411.6,181.2
0,-1.2,0,0,0,411.6,196.8
0,-1.2,0,0,0,410.4,212.4
0,-1.2,0,0,0,410.4,228
0,-1.2,0,0,0,427.2,164.4
0,-1.2,0,0,0,427.2,181.2
0,-1.2,0,0,0,427.2,196.8
0,-1.2,0,0,0,426,212.4
0,-1.2,0,0,0,426,228
0,-1.2,0,0,0,444,164.4
0,-1.2,0,0,0,442.8,180
0,-1.2,0,0,0,442.8,195.6
0,-1.2,0,0,0,442.8,212.4
0,-1.2,0,0,0,441.6,228
0,-1.2,0,0,0,394.8,243.6
0,-1.2,0,0,0,394.8,259.2
0,-1.2,0,0,0,394.8,273.6
0,-1.2,0,0,0,394.8,289.2
0,-1.2,0,0,0,394.8,304.8
0,-1.2,0,0,0,410.4,243.6
0,-1.2,0,0,0,410.4,259.2
0,-1.2,0,0,0,410.4,273.6
0,-1.2,0,0,0,410.4,289.2
0,-1.2,0,0,0,410.4,304.8
0,-1.2,0,0,0,426,243.6
0,-1.2,0,0,0,426,259.2
0,-1.2,0,0,0,426,273.6
0,-1.2,0,0,0,426,289.2
0,-1.2,0,0,0,426,304.8
0,-1.2,0,0,0,441.6,243.6
0,-1.2,0,0,0,441.6,258
0,-1.2,0,0,0,441.6,273.6
0,-1.2,0,0,0,441.6,289.2
0,-1.2,0,0,0,440.4,304.8
0,0,0,0,0,394.8,319.2
0,0,0,0,0,394.8,334.8
0,0,0,0,0,394.8,349.2
0,0,0,0,0,394.8,364.8
0,0,0,0,0,394.8,380.4
0,0,0,0,0,410.4,319.2
0,0,0,0,0,410.4,334.8
0,0,0,0,0,410.4,349.2
0,0,0,0,0,410.4,364.8
0,0,0,0,0,410.4,380.4
0,0,0,0,0,424.8,319.2
0,0,0,0,0,426,334.8
0,0,0,0,0,426,349.2
0,0,0,0,0,426,364.8
0,0,0,0,0,426,380.4
0,0,0,0,0,440.4,319.2
0,0,0,0,0,440.4,334.8
0,0,0,0,0,441.6,350.4
0,0,0,0,0,441.6,364.8
0,0,0,0,0,441.6,380.4
0,0,0,0,0,394.8,394.8
0,0,0,0,0,394.8,410.4
0,0,0,0,0,396,426
0,0,0,0,0,396,441.6
0,0,0,0,0,396,457.2
0,0,0,0,0,410.4,394.8
0,0,0,0,0,410.4,410.4
0,0,0,0,0,410.4,426
0,0,0,0,0,411.6,441.6
0,0,0,0,0,411.6,457.2
0,0,0,0,0,426,396
0,0,0,0,0,426,410.4
0,0,0,0,0,426,426
0,0,0,0,0,427.2,442.8
0,0,0,0,0,427.2,458.4
0,0,0,0,0,441.6,396
0,0,0,0,0,441.6,411.6
0,0,0,0,0,442.8,427.2
0,0,0,0,0,442.8,442.8
0,0,0,0,0,442.8,458.4
0,0,0,0,0,396,472.8
0,0,0,0,0,397.2,489.6
0,0,0,0,0,397.2,506.4
0,0,0,0,0,397.2,522
0,0,0,0,0,398.4,538.8
0,0,0,0,0,411.6,474
0,0,0,0,0,412.8,489.6
0,0,0,0,0,412.8,506.4
0,0,0,0,0,412.8,523.2
0,0,0,0,0,414,540
0,0,0,0,0,427.2,474
0,0,0,0,0,428.4,490.8
0,0,0,0,0,428.4,506.4
0,0,0,0,0,429.6,523.2
0,0,0,0,0,429.6,540
0,0,0,0,0,444,474
0,0,0,0,0,444,490.8
0,0,0,0,0,445.2,507.6
0,0,0,0,0,445.2,524.4
0,0,0,0,0,446.4,541.2
0,-1.2,0,0,0,475.2,163.2
0,-1.2,0,0,0,475.2,178.8
0,-1.2,0,0,0,474,195.6
0,-1.2,0,0,0,474,211.2
0,-1.2,0,0,0,474,226.8
0,-1.2,0,0,0,492,162
0,-1.2,0,0,0,492,178.8
0,-1.2,0,0,0,490.8,194.4
0,-1.2,0,0,0,490.8,211.2
0,-1.2,0,0,0,489.6,226.8
0,-1.2,0,0,0,508.8,162
0,-1.2,0,0,0,507.6,177.6
0,-1.2,0,0,0,507.6,194.4
0,-1.2,0,0,0,506.4,210
0,-1.2,0,0,0,506.4,225.6
0,-1.2,0,0,0,525.6,160.8
0,-1.2,0,0,0,524.4,177.6
0,-1.2,0,0,0,524.4,193.2
0,-1.2,0,0,0,523.2,210
0,-1.2,0,0,0,523.2,225.6
0,-1.2,0,0,0,472.8,242.4
0,-1.2,0,0,0,472.8,258
0,-1.2,0,0,0,472.8,273.6
0,-1.2,0,0,0,472.8,289.2
0,-1.2,0,0,0,472.8,303.6
0,-1.2,0,0,0,489.6,242.4
0,-1.2,0,0,0,489.6,258
0,-1.2,0,0,0,488.4,273.6
0,-1.2,0,0,0,488.4,289.2
0,-1.2,0,0,0,488.4,303.6
0,-1.2,0,0,0,506.4,241.2
0,-1.2,0,0,0,505.2,256.8
0,-1.2,0,0,0,505.2,272.4
0,-1.2,0,0,0,505.2,288
0,-1.2,0,0,0,505.2,303.6
0,-1.2,0,0,0,522,241.2
0,-1.2,0,0,0,522,256.8
0,-1.2,0,0,0,522,272.4
0,-1.2,0,0,0,522,288
0,-1.2,0,0,0,520.8,303.6
0,0,0,0,0,472.8,319.2
0,0,0,0,0,472.8,334.8
0,0,0,0,0,472.8,350.4
0,0,0,0,0,472.8,366
0,0,0,0,0,472.8,380.4
0,0,0,0,0,488.4,319.2
0,0,0,0,0,488.4,334.8
0,0,0,0,0,488.4,350.4
0,0,0,0,0,488.4,366
0,0,0,0,0,489.6,381.6
0,0,0,0,0,505.2,319.2
0,0,0,0,0,505.2,334.8
0,0,0,0,0,505.2,350.4
0,0,0,0,0,505.2,366
0,0,0,0,0,505.2,381.6
0,0,0,0,0,520.8,319.2
0,0,0,0,0,520.8,334.8
0,0,0,0,0,522,350.4
0,0,0,0,0,522,366
0,0,0,0,0,522,381.6
0,0,0,0,0,472.8,396
0,0,0,0,0,474,411.6
0,0,0,0,0,474,427.2
0,0,0,0,0,474,444
0,0,0,0,0,475.2,459.6
0,0,0,0,0,489.6,397.2
0,0,0,0,0,489.6,412.8
0,0,0,0,0,490.8,428.4
0,0,0,0,0,490.8,444
0,0,0,0,0,492,459.6
0,0,0,0,0,506.4,397.2
0,0,0,0,0,506.4,412.8
0,0,0,0,0,506.4,428.4
0,0,0,0,0,507.6,445.2
0,0,0,0,0,507.6,460.8
0,0,0,0,0,522,397.2
0,0,0,0,0,523.2,412.8
0,0,0,0,0,523.2,429.6
0,0,0,0,0,524.4,445.2
0,0,0,0,0,524.4,462
0,0,0,0,0,475.2,475.2
0,0,0,0,0,476.4,492
0,0,0,0,0,477.6,508.8
0,0,0,0,0,477.6,525.6
0,0,0,0,0,478.8,542.4
0,0,0,0,0,492,476.4
0,0,0,0,0,493.2,493.2
0,0,0,0,0,493.2,510
0,0,0,0,0,494.4,526.8
0,0,0,0,0,495.6,543.6
0,0,0,0,0,508.8,477.6
0,0,0,0,0,510,493.2
0,0,0,0,0,510,510
0,0,0,0,0,511.2,528
0,0,0,0,0,512.4,544.8
0,0,0,0,0,525.6,477.6
0,0,0,0,0,526.8,494.4
0,0,0,0,0,528,511.2
0,0,0,0,0,528,528
0,0,0,0,0,529.2,546
-1.2,-1.2,0,0,0,168,168
-1.2,-1.2,0,0,0,168,183.6
-1.2,-1.2,0,0,0,168,199.2
-1.2,-1.2,0,0,0,169.2,213.6
-1.2,-1.2,0,0,0,169.2,229.2
-1.2,-1.2,0,0,0,183.6,168
-1.2,-1.2,0,0,0,183.6,183.6
-1.2,-1.2,0,0,0,183.6,199.2
-1.2,-1.2,0,0,0,184.8,214.8
-1.2,-1.2,0,0,0,184.8,229.2
-1.2,-1.2,0,0,0,199.2,168
-1.2,-1.2,0,0,0,199.2,183.6
-1.2,-1.2,0,0,0,199.2,199.2
-1.2,-1.2,0,0,0,200.4,214.8
-1.2,-1.2,0,0,0,200.4,230.4
-1.2,-1.2,0,0,0,213.6,169.2
-1.2,-1.2,0,0,0,214.8,184.8
-1.2,-1.2,0,0,0,214.8,200.4
-1.2,-1.2,0,0,0,214.8,214.8
-1.2,-1.2,0,0,0,216,230.4
-1.2,-1.2,0,0,0,169.2,244.8
-1.2,-1.2,0,0,0,170.4,259.2
-1.2,-1.2,0,0,0,170.4,274.8
-1.2,-1.2,0,0,0,170.4,289.2
-1.2,-1.2,0,0,0,170.4,304.8
-1.2,-1.2,0,0,0,184.8,244.8
-1.2,-1.2,0,0,0,186,260.4
-1.2,-1.2,0,0,0,186,274.8
-1.2,-1.2,0,0,0,186,289.2
-1.2,-1.2,0,0,0,186,304.8
-1.2,-1.2,0,0,0,200.4,244.8
-1.2,-1.2,0,0,0,200.4,260.4
-1.2,-1.2,0,0,0,200.4,274.8
-1.2,-1.2,0,0,0,201.6,290.4
-1.2,-1.2,0,0,0,201.6,304.8
-1.2,-1.2,0,0,0,216,244.8
-1.2,-1.2,0,0,0,216,260.4
-1.2,-1.2,0,0,0,216,274.8
-1.2,-1.2,0,0,0,216,290.4
-1.2,-1.2,0,0,0,216,304.8
-1.2,0,0,0,0,170.4,319.2
-1.2,0,0,0,0,170.4,334.8
-1.2,0,0,0,0,170.4,349.2
-1.2,0,0,0,0,170.4,363.6
-1.2,0,0,0,0,170.4,379.2
-1.2,0,0,0,0,186,319.2
-1.2,0,0,0,0,186,334.8
-1.2,0,0,0,0,186,349.2
-1.2,0,0,0,0,186,363.6
-1.2,0,0,0,0,186,379.2
-1.2,0,0,0,0,201.6,319.2
-1.2,0,0,0,0,201.6,333.6
-1.2,0,0,0,0,201.6,349.2
-1.2,0,0,0,0,200.4,363.6
-1.2,0,0,0,0,200.4,379.2
-1.2,0,0,0,0,216,319.2
-1.2,0,0,0,0,216,333.6
-1.2,0,0,0,0,216,349.2
-1.2,0,0,0,0,216,363.6
-1.2,0,0,0,0,216,378
-1.2,0,0,0,0,169.2,394.8
-1.2,0,0,0,0,169.2,409.2
-1.2,0,0,0,0,169.2,424.8
-1.2,0,0,0,0,168,440.4
-1.2,0,0,0,0,168,456
-1.2,0,0,0,0,184.8,393.6
-1.2,0,0,0,0,184.8,409.2
-1.2,0,0,0,0,184.8,424.8
-1.2,0,0,0,0,183.6,439.2
-1.2,0,0,0,0,183.6,454.8
-1.2,0,0,0,0,200.4,393.6
-1.2,0,0,0,0,200.4,409.2
-1.2,0,0,0,0,200.4,423.6
-1.2,0,0,0,0,199.2,439.2
-1.2,0,0,0,0,199.2,454.8
-1.2,0,0,0,0,216,393.6
-1.2,0,0,0,0,216,408
-1.2,0,0,0,0,214.8,423.6
-1.2,0,0,0,0,214.8,439.2
-1.2,0,0,0,0,214.8,454.8
-1.2,0,0,0,0,168,471.6
-1.2,0,0,0,0,166.8,487.2
-1.2,0,0,0,0,165.6,502.8
-1.2,0,0,0,0,165.6,519.6
-1.2,0,0,0,0,164.4,536.4
-1.2,0,0,0,0,183.6,470.4
-1.2,0,0,0,0,182.4,486
-1.2,0,0,0,0,182.4,502.8
-1.2,0,0,0,0,181.2,518.4
-1.2,0,0,0,0,180,535.2
-1.2,0,0,0,0,199.2,470.4
-1.2,0,0,0,0,198,486
-1.2,0,0,0,0,198,501.6
-1.2,0,0,0,0,196.8,518.4
-1.2,0,0,0,0,196.8,535.2
-1.2,0,0,0,0,213.6,469.2
-1.2,0,0,0,0,213.6,486
-1.2,0,0,0,0,213.6,501.6
-1.2,0,0,0,0,212.4,517.2
-1.2,0,0,0,0,212.4,534
-1.2,-1.2,0,0,0,244.8,169.2
-1.2,-1.2,0,0,0,244.8,184.8
-1.2,-1.2,0,0,0,244.8,200.4
-1.2,-1.2,0,0,0,244.8,216
-1.2,-1.2,0,0,0,246,230.4
-1.2,-1.2,0,0,0,259.2,170.4
-1.2,-1.2,0,0,0,260.4,186
-1.2,-1.2,0,0,0,260.4,200.4
-1.2,-1.2,0,0,0,260.4,216
-1.2,-1.2,0,0,0,260.4,230.4
-1.2,-1.2,0,0,0,274.8,170.4
-1.2,-1.2,0,0,0,274.8,186
-1.2,-1.2,0,0,0,274.8,200.4
-1.2,-1.2,0,0,0,274.8,216
-1.2,-1.2,0,0,0,274.8,231.6
-1.2,-1.2,0,0,0,289.2,170.4
-1.2,-1.2,0,0,0,289.2,186
-1.2,-1.2,0,0,0,290.4,201.6
-1.2,-1.2,0,0,0,290.4,216
-1.2,-1.2,0,0,0,290.4,231.6
-1.2,-1.2,0,0,0,246,246
-1.2,-1.2,0,0,0,246,260.4
-1.2,-1.2,0,0,0,246,274.8
-1.2,-1.2,0,0,0,246,290.4
-1.2,-1.2,0,0,0,246,304.8
-1.2,-1.2,0,0,0,260.4,246
-1.2,-1.2,0,0,0,260.4,260.4
-1.2,-1.2,0,0,0,260.4,276
-1.2,-1.2,0,0,0,260.4,290.4
-1.2,-1.2,0,0,0,260.4,304.8
-1.2,-1.2,0,0,0,274.8,246
-1.2,-1.2,0,0,0,276,260.4
-1.2,-1.2,0,0,0,276,276
-1.2,-1.2,0,0,0,276,290.4
-1.2,-1.2,0,0,0,276,304.8
-1.2,-1.2,0,0,0,290.4,246
-1.2,-1.2,0,0,0,290.4,260.4
-1.2,-1.2,0,0,0,290.4,276
-1.2,-1.2,0,0,0,290.4,290.4
-1.2,-1.2,0,0,0,290.4,304.8
-1.2,0,0,0,0,246,319.2
-1.2,0,0,0,0,246,333.6
-1.2,0,0,0,0,246,349.2
-1.2,0,0,0,0,246,363.6
-1.2,0,0,0,0,246,378
-1.2,0,0,0,0,260.4,319.2
-1.2,0,0,0,0,260.4,333.6
-1.2,0,0,0,0,260.4,349.2
-1.2,0,0,0,0,260.4,363.6
-1.2,0,0,0,0,260.4,378
-1.2,0,0,0,0,276,319.2
-1.2,0,0,0,0,276,333.6
-1.2,0,0,0,0,276,349.2
-1.2,0,0,0,0,276,363.6
-1.2,0,0,0,0,276,378
-1.2,0,0,0,0,290.4,319.2
-1.2,0,0,0,0,290.4,333.6
-1.2,0,0,0,0,290.4,349.2
-1.2,0,0,0,0,290.4,363.6
-1.2,0,0,0,0,290.4,378
-1.2,0,0,0,0,246,393.6
-1.2,0,0,0,0,246,408
-1.2,0,0,0,0,244.8,423.6
-1.2,0,0,0,0,244.8,438
-1.2,0,0,0,0,244.8,453.6
-1.2,0,0,0,0,260.4,392.4
-1.2,0,0,0,0,260.4,408
-1.2,0,0,0,0,260.4,422.4
-1.2,0,0,0,0,260.4,438
-1.2,0,0,0,0,260.4,453.6
-1.2,0,0,0,0,274.8,392.4
-1.2,0,0,0,0,274.8,408
-1.2,0,0,0,0,274.8,422.4
-1.2,0,0,0,0,274.8,438
-1.2,0,0,0,0,274.8,453.6
-1.2,0,0,0,0,290.4,392.4
-1.2,0,0,0,0,290.4,408
-1.2,0,0,0,0,290.4,422.4
-1.2,0,0,0,0,290.4,438
-1.2,0,0,0,0,289.2,452.4
-1.2,0,0,0,0,244.8,469.2
-1.2,0,0,0,0,244.8,484.8
-1.2,0,0,0,0,243.6,500.4
-1.2,0,0,0,0,243.6,517.2
-1.2,0,0,0,0,243.6,532.8
-1.2,0,0,0,0,259.2,469.2
-1.2,0,0,0,0,259.2,484.8
-1.2,0,0,0,0,259.2,500.4
-1.2,0,0,0,0,259.2,516
-1.2,0,0,0,0,258,532.8
-1.2,0,0,0,0,274.8,468
-1.2,0,0,0,0,274.8,483.6
-1.2,0,0,0,0,274.8,500.4
-1.2,0,0,0,0,273.6,516
-1.2,0,0,0,0,273.6,532.8
-1.2,0,0,0,0,289.2,468
-1.2,0,0,0,0,289.2,483.6
-1.2,0,0,0,0,289.2,500.4
-1.2,0,0,0,0,289.2,516
-1.2,0,0,0,0,289.2,531.6
0,-1.2,0,0,0,319.2,170.4
0,-1.2,0,0,0,319.2,186
0,-1.2,0,0,0,319.2,201.6
0,-1.2,0,0,0,319.2,216
0,-1.2,0,0,0,319.2,231.6
0,-1.2,0,0,0,334.8,170.4
0,-1.2,0,0,0,334.8,186
0,-1.2,0,0,0,333.6,201.6
0,-1.2,0,0,0,333.6,216
0,-1.2,0,0,0,333.6,231.6
0,-1.2,0,0,0,349.2,170.4
0,-1.2,0,0,0,349.2,186
0,-1.2,0,0,0,349.2,201.6
0,-1.2,0,0,0,349.2,216
0,-1.2,0,0,0,349.2,231.6
0,-1.2,0,0,0,363.6,170.4
0,-1.2,0,0,0,363.6,186
0,-1.2,0,0,0,363.6,200.4
0,-1.2,0,0,0,363.6,216
0,-1.2,0,0,0,363.6,231.6
0,-1.2,0,0,0,319.2,246
0,-1.2,0,0,0,319.2,260.4
0,-1.2,0,0,0,319.2,276
0,-1.2,0,0,0,319.2,290.4
0,-1.2,0,0,0,319.2,304.8
0,-1.2,0,0,0,333.6,246
0,-1.2,0,0,0,333.6,260.4
0,-1.2,0,0,0,333.6,276
0,-1.2,0,0,0,333.6,290.4
0,-1.2,0,0,0,333.6,304.8
0,-1.2,0,0,0,349.2,246
0,-1.2,0,0,0,349.2,260.4
0,-1.2,0,0,0,349.2,276
0,-1.2,0,0,0,349.2,290.4
0,-1.2,0,0,0,349.2,304.8
0,-1.2,0,0,0,363.6,246
0,-1.2,0,0,0,363.6,260.4
0,-1.2,0,0,0,363.6,276
0,-1.2,0,0,0,363.6,290.4
0,-1.2,0,0,0,363.6,304.8
0,0,0,0,0,319.2,319.2
0,0,0,0,0,319.2,333.6
0,0,0,0,0,319.2,348
0,0,0,0,0,319.2,363.6
0,0,0,0,0,319.2,378
0,0,0,0,0,333.6,319.2
0,0,0,0,0,333.6,333.6
0,0,0,0,0,333.6,349.2
0,0,0,0,0,333.6,363.6
0,0,0,0,0,333.6,378
0,0,0,0,0,348,319.2
0,0,0,0,0,349.2,333.6
0,0,0,0,0,349.2,349.2
0,0,0,0,0,349.2,363.6
0,0,0,0,0,349.2,378
0,0,0,0,0,363.6,319.2
0,0,0,0,0,363.6,333.6
0,0,0,0,0,363.6,349.2
0,0,0,0,0,363.6,363.6
0,0,0,0,0,363.6,378
0,0,0,0,0,319.2,392.4
0,0,0,0,0,319.2,408
0,0,0,0,0,319.2,422.4
0,0,0,0,0,319.2,438
0,0,0,0,0,319.2,452.4
0,0,0,0,0,333.6,392.4
0,0,0,0,0,333.6,408
0,0,0,0,0,333.6,422.4
0,0,0,0,0,333.6,438
0,0,0,0,0,334.8,452.4
0,0,0,0,0,349.2,392.4
0,0,0,0,0,349.2,408
0,0,0,0,0,349.2,422.4
0,0,0,0,0,349.2,438
0,0,0,0,0,349.2,452.4
0,0,0,0,0,363.6,392.4
0,0,0,0,0,363.6,408
0,0,0,0,0,363.6,422.4
0,0,0,0,0,363.6,438
0,0,0,0,0,363.6,453.6
0,0,0,0,0,319.2,468
0,0,0,0,0,319.2,483.6
0,0,0,0,0,319.2,499.2
0,0,0,0,0,319.2,516
0,0,0,0,0,319.2,531.6
0,0,0,0,0,334.8,468
0,0,0,0,0,334.8,483.6
0,0,0,0,0,334.8,499.2
0,0,0,0,0,334.8,516
0,0,0,0,0,334.8,531.6
0,0,0,0,0,349.2,468
0,0,0,0,0,349.2,483.6
0,0,0,0,0,349.2,500.4
0,0,0,0,0,349.2,516
0,0,0,0,0,349.2,531.6
0,0,0,0,0,363.6,468
0,0,0,0,0,364.8,483.6
0,0,0,0,0,364.8,500.4
0,0,0,0,0,364.8,516
0,0,0,0,0,364.8,532.8
0,-1.2,0,0,0,394.8,169.2
0,-1.2,0,0,0,393.6,184.8
0,-1.2,0,0,0,393.6,200.4
0,-1.2,0,0,0,393.6,216
0,-1.2,0,0,0,393.6,230.4
0,-1.2,0,0,0,409.2,169.2
0,-1.2,0,0,0,409.2,184.8
0,-1.2,0,0,0,409.2,200.4
0,-1.2,0,0,0,408,216
0,-1.2,0,0,0,408,230.4
0,-1.2,0,0,0,424.8,169.2
0,-1.2,0,0,0,424.8,184.8
0,-1.2,0,0,0,423.6,200.4
0,-1.2,0,0,0,423.6,214.8
0,-1.2,0,0,0,423.6,230.4
0,-1.2,0,0,0,440.4,168
0,-1.2,0,0,0,439.2,183.6
0,-1.2,0,0,0,439.2,199.2
0,-1.2,0,0,0,439.2,214.8
0,-1.2,0,0,0,438,230.4
0,-1.2,0,0,0,393.6,246
0,-1.2,0,0,0,392.4,260.4
0,-1.2,0,0,0,392.4,274.8
0,-1.2,0,0,0,392.4,290.4
0,-1.2,0,0,0,392.4,304.8
0,-1.2,0,0,0,408,246
0,-1.2,0,0,0,408,260.4
0,-1.2,0,0,0,408,274.8
0,-1.2,0,0,0,408,290.4
0,-1.2,0,0,0,408,304.8
0,-1.2,0,0,0,423.6,244.8
0,-1.2,0,0,0,422.4,260.4
0,-1.2,0,0,0,422.4,274.8
0,-1.2,0,0,0,422.4,290.4
0,-1.2,0,0,0,422.4,304.8
0,-1.2,0,0,0,438,244.8
0,-1.2,0,0,0,438,260.4
0,-1.2,0,0,0,438,274.8
0,-1.2,0,0,0,438,290.4
0,-1.2,0,0,0,438,304.8
0,0,0,0,0,392.4,319.2
0,0,0,0,0,392.4,333.6
0,0,0,0,0,392.4,349.2
0,0,0,0,0,392.4,363.6
0,0,0,0,0,392.4,378
0,0,0,0,0,408,319.2
0,0,0,0,0,408,333.6
0,0,0,0,0,408,349.2
0,0,0,0,0,408,363.6
0,0,0,0,0,408,378
0,0,0,0,0,422.4,319.2
0,0,0,0,0,422.4,333.6
0,0,0,0,0,422.4,349.2
0,0,0,0,0,422.4,363.6
0,0,0,0,0,422.4,378
0,0,0,0,0,438,319.2
0,0,0,0,0,438,333.6
0,0,0,0,0,438,349.2
0,0,0,0,0,438,363.6
0,0,0,0,0,438,379.2
0,0,0,0,0,393.6,393.6
0,0,0,0,0,393.6,408
0,0,0,0,0,393.6,423.6
0,0,0,0,0,393.6,438
0,0,0,0,0,393.6,453.6
0,0,0,0,0,408,393.6
0,0,0,0,0,408,408
0,0,0,0,0,408,423.6
0,0,0,0,0,409.2,438
0,0,0,0,0,409.2,453.6
0,0,0,0,0,423.6,393.6
0,0,0,0,0,423.6,408
0,0,0,0,0,423.6,423.6
0,0,0,0,0,423.6,439.2
0,0,0,0,0,424.8,454.8
0,0,0,0,0,438,393.6
0,0,0,0,0,438,409.2
0,0,0,0,0,439.2,423.6
0,0,0,0,0,439.2,439.2
0,0,0,0,0,439.2,454.8
0,0,0,0,0,394.8,469.2
0,0,0,0,0,394.8,484.8
0,0,0,0,0,394.8,500.4
0,0,0,0,0,394.8,517.2
0,0,0,0,0,396,532.8
0,0,0,0,0,409.2,469.2
0,0,0,0,0,409.2,484.8
0,0,0,0,0,410.4,500.4
0,0,0,0,0,410.4,517.2
0,0,0,0,0,411.6,534
0,0,0,0,0,424.8,469.2
0,0,0,0,0,424.8,486
0,0,0,0,0,426,501.6
0,0,0,0,0,426,517.2
0,0,0,0,0,427.2,534
0,0,0,0,0,440.4,470.4
0,0,0,0,0,440.4,486
0,0,0,0,0,441.6,501.6
0,0,0,0,0,441.6,518.4
0,0,0,0,0,442.8,535.2
0,-1.2,0,0,0,471.6,168
0,-1.2,0,0,0,470.4,183.6
0,-1.2,0,0,0,470.4,199.2
0,-1.2,0,0,0,469.2,213.6
0,-1.2,0,0,0,469.2,229.2
0,-1.2,0,0,0,487.2,166.8
0,-1.2,0,0,0,486,182.4
0,-1.2,0,0,0,486,198
0,-1.2,0,0,0,486,213.6
0,-1.2,0,0,0,484.8,229.2
0,-1.2,0,0,0,502.8,165.6
0,-1.2,0,0,0,502.8,182.4
0,-1.2,0,0,0,501.6,198
0,-1.2,0,0,0,501.6,213.6
0,-1.2,0,0,0,500.4,229.2
0,-1.2,0,0,0,519.6,165.6
0,-1.2,0,0,0,518.4,181.2
0,-1.2,0,0,0,518.4,196.8
0,-1.2,0,0,0,517.2,212.4
0,-1.2,0,0,0,517.2,228
0,-1.2,0,0,0,469.2,244.8
0,-1.2,0,0,0,469.2,259.2
0,-1.2,0,0,0,468,274.8
0,-1.2,0,0,0,468,289.2
0,-1.2,0,0,0,468,304.8
0,-1.2,0,0,0,484.8,244.8
0,-1.2,0,0,0,484.8,259.2
0,-1.2,0,0,0,483.6,274.8
0,-1.2,0,0,0,483.6,289.2
0,-1.2,0,0,0,483.6,304.8
0,-1.2,0,0,0,500.4,243.6
0,-1.2,0,0,0,500.4,259.2
0,-1.2,0,0,0,500.4,274.8
0,-1.2,0,0,0,500.4,289.2
0,-1.2,0,0,0,499.2,304.8
0,-1.2,0,0,0,517.2,243.6
0,-1.2,0,0,0,516,259.2
0,-1.2,0,0,0,516,273.6
0,-1.2,0,0,0,516,289.2
0,-1.2,0,0,0,516,304.8
0,0,0,0,0,468,319.2
0,0,0,0,0,468,334.8
0,0,0,0,0,468,349.2
0,0,0,0,0,468,363.6
0,0,0,0,0,469.2,379.2
0,0,0,0,0,483.6,319.2
0,0,0,0,0,483.6,334.8
0,0,0,0,0,483.6,349.2
0,0,0,0,0,483.6,364.8
0,0,0,0,0,484.8,379.2
0,0,0,0,0,499.2,319.2
0,0,0,0,0,499.2,334.8
0,0,0,0,0,500.4,349.2
0,0,0,0,0,500.4,364.8
0,0,0,0,0,500.4,379.2
0,0,0,0,0,516,319.2
0,0,0,0,0,516,334.8
0,0,0,0,0,516,349.2
0,0,0,0,0,516,364.8
0,0,0,0,0,516,380.4
0,0,0,0,0,469.2,394.8
0,0,0,0,0,469.2,409.2
0,0,0,0,0,469.2,424.8
0,0,0,0,0,470.4,440.4
0,0,0,0,0,470.4,456
0,0,0,0,0,484.8,394.8
0,0,0,0,0,484.8,409.2
0,0,0,0,0,486,424.8
0,0,0,0,0,486,440.4
0,0,0,0,0,486,456
0,0,0,0,0,500.4,394.8
0,0,0,0,0,500.4,410.4
0,0,0,0,0,501.6,426
0,0,0,0,0,501.6,441.6
0,0,0,0,0,502.8,457.2
0,0,0,0,0,517.2,394.8
0,0,0,0,0,517.2,410.4
0,0,0,0,0,517.2,426
0,0,0,0,0,518.4,441.6
0,0,0,0,0,518.4,457.2
0,0,0,0,0,471.6,471.6
0,0,0,0,0,471.6,487.2
0,0,0,0,0,472.8,502.8
0,0,0,0,0,474,519.6
0,0,0,0,0,474,536.4
0,0,0,0,0,487.2,471.6
0,0,0,0,0,488.4,488.4
0,0,0,0,0,488.4,504
0,0,0,0,0,489.6,520.8
0,0,0,0,0,490.8,537.6
0,0,0,0,0,502.8,472.8
0,0,0,0,0,504,488.4
0,0,0,0,0,505.2,505.2
0,0,0,0,0,506.4,520.8
0,0,0,0,0,506.4,537.6
0,0,0,0,0,519.6,474
0,0,0,0,0,520.8,489.6
0,0,0,0,0,520.8,506.4
0,0,0,0,0,522,522
0,0,0,0,0,523.2,538.8
-1.2,-1.2,0,0,0,171.6,171.6
-1.2,-1.2,0,0,0,172.8,187.2
-1.2,-1.2,0,0,0,172.8,201.6
-1.2,-1.2,0,0,0,172.8,217.2
-1.2,-1.2,0,0,0,174,231.6
-1.2,-1.2,0,0,0,187.2,172.8
-1.2,-1.2,0,0,0,187.2,187.2
-1.2,-1.2,0,0,0,188.4,202.8
-1.2,-1.2,0,0,0,188.4,217.2
-1.2,-1.2,0,0,0,188.4,231.6
-1.2,-1.2,0,0,0,201.6,172.8
-1.2,-1.2,0,0,0,202.8,188.4
-1.2,-1.2,0,0,0,202.8,202.8
-1.2,-1.2,0,0,0,202.8,217.2
-1.2,-1.2,0,0,0,204,232.8
-1.2,-1.2,0,0,0,217.2,172.8
-1.2,-1.2,0,0,0,217.2,188.4
-1.2,-1.2,0,0,0,217.2,202.8
-1.2,-1.2,0,0,0,218.4,218.4
-1.2,-1.2,0,0,0,218.4,232.8
-1.2,-1.2,0,0,0,174,246
-1.2,-1.2,0,0,0,174,261.6
-1.2,-1.2,0,0,0,174,276
-1.2,-1.2,0,0,0,174,290.4
-1.2,-1.2,0,0,0,174,304.8
-1.2,-1.2,0,0,0,188.4,247.2
-1.2,-1.2,0,0,0,189.6,261.6
-1.2,-1.2,0,0,0,189.6,276
-1.2,-1.2,0,0,0,189.6,290.4
-1.2,-1.2,0,0,0,189.6,304.8
-1.2,-1.2,0,0,0,204,247.2
-1.2,-1.2,0,0,0,204,261.6
-1.2,-1.2,0,0,0,204,276
-1.2,-1.2,0,0,0,204,290.4
-1.2,-1.2,0,0,0,204,304.8
-1.2,-1.2,0,0,0,218.4,247.2
-1.2,-1.2,0,0,0,218.4,261.6
-1.2,-1.2,0,0,0,218.4,276
-1.2,-1.2,0,0,0,218.4,290.4
-1.2,-1.2,0,0,0,218.4,304.8
-1.2,0,0,0,0,174,319.2
-1.2,0,0,0,0,174,333.6
-1.2,0,0,0,0,174,348
-1.2,0,0,0,0,174,362.4
-1.2,0,0,0,0,174,378
-1.2,0,0,0,0,189.6,319.2
-1.2,0,0,0,0,189.6,333.6
-1.2,0,0,0,0,189.6,348
-1.2,0,0,0,0,189.6,362.4
-1.2,0,0,0,0,189.6,376.8
-1.2,0,0,0,0,204,319.2
-1.2,0,0,0,0,204,333.6
-1.2,0,0,0,0,204,348
-1.2,0,0,0,0,204,362.4
-1.2,0,0,0,0,204,376.8
-1.2,0,0,0,0,218.4,319.2
-1.2,0,0,0,0,218.4,333.6
-1.2,0,0,0,0,218.4,348
-1.2,0,0,0,0,218.4,362.4
-1.2,0,0,0,0,218.4,376.8
-1.2,0,0,0,0,174,392.4
-1.2,0,0,0,0,174,406.8
-1.2,0,0,0,0,172.8,422.4
-1.2,0,0,0,0,172.8,436.8
-1.2,0,0,0,0,172.8,452.4
-1.2,0,0,0,0,188.4,392.4
-1.2,0,0,0,0,188.4,406.8
-1.2,0,0,0,0,188.4,421.2
-1.2,0,0,0,0,188.4,436.8
-1.2,0,0,0,0,187.2,451.2
-1.2,0,0,0,0,204,391.2
-1.2,0,0,0,0,204,406.8
-1.2,0,0,0,0,202.8,421.2
-1.2,0,0,0,0,202.8,435.6
-1.2,0,0,0,0,202.8,451.2
-1.2,0,0,0,0,218.4,391.2
-1.2,0,0,0,0,218.4,405.6
-1.2,0,0,0,0,218.4,421.2
-1.2,0,0,0,0,217.2,435.6
-1.2,0,0,0,0,217.2,450
-1.2,0,0,0,0,171.6,466.8
-1.2,0,0,0,0,171.6,482.4
-1.2,0,0,0,0,170.4,498
-1.2,0,0,0,0,169.2,513.6
-1.2,0,0,0,0,169.2,530.4
-1.2,0,0,0,0,187.2,466.8
-1.2,0,0,0,0,186,482.4
-1.2,0,0,0,0,186,498
-1.2,0,0,0,0,184.8,513.6
-1.2,0,0,0,0,184.8,529.2
-1.2,0,0,0,0,201.6,465.6
-1.2,0,0,0,0,201.6,481.2
-1.2,0,0,0,0,201.6,496.8
-1.2,0,0,0,0,200.4,512.4
-1.2,0,0,0,0,200.4,528
-1.2,0,0,0,0,217.2,465.6
-1.2,0,0,0,0,216,481.2
-1.2,0,0,0,0,216,496.8
-1.2,0,0,0,0,216,512.4
-1.2,0,0,0,0,214.8,528
-1.2,-1.2,0,0,0,246,174
-1.2,-1.2,0,0,0,247.2,188.4
-1.2,-1.2,0,0,0,247.2,204
-1.2,-1.2,0,0,0,247.2,218.4
-1.2,-1.2,0,0,0,247.2,232.8
-1.2,-1.2,0,0,0,261.6,174
-1.2,-1.2,0,0,0,261.6,189.6
-1.2,-1.2,0,0,0,261.6,204
-1.2,-1.2,0,0,0,261.6,218.4
-1.2,-1.2,0,0,0,261.6,232.8
-1.2,-1.2,0,0,0,276,174
-1.2,-1.2,0,0,0,276,189.6
-1.2,-1.2,0,0,0,276,204
-1.2,-1.2,0,0,0,276,218.4
-1.2,-1.2,0,0,0,276,232.8
-1.2,-1.2,0,0,0,290.4,174
-1.2,-1.2,0,0,0,290.4,189.6
-1.2,-1.2,0,0,0,290.4,204
-1.2,-1.2,0,0,0,290.4,218.4
-1.2,-1.2,0,0,0,290.4,234
-1.2,-1.2,0,0,0,247.2,247.2
-1.2,-1.2,0,0,0,247.2,261.6
-1.2,-1.2,0,0,0,248.4,276
-1.2,-1.2,0,0,0,248.4,290.4
-1.2,-1.2,0,0,0,248.4,304.8
-1.2,-1.2,0,0,0,261.6,247.2
-1.2,-1.2,0,0,0,261.6,261.6
-1.2,-1.2,0,0,0,262.8,276
-1.2,-1.2,0,0,0,262.8,290.4
-1.2,-1.2,0,0,0,262.8,304.8
-1.2,-1.2,0,0,0,276,248.4
-1.2,-1.2,0,0,0,276,262.8
-1.2,-1.2,0,0,0,277.2,277.2
-1.2,-1.2,0,0,0,277.2,290.4
-1.2,-1.2,0,0,0,277.2,304.8
-1.2,-1.2,0,0,0,290.4,248.4
-1.2,-1.2,0,0,0,290.4,262.8
-1.2,-1.2,0,0,0,290.4,277.2
-1.2,-1.2,0,0,0,290.4,290.4
-1.2,-1.2,0,0,0,290.4,304.8
-1.2,0,0,0,0,248.4,319.2
-1.2,0,0,0,0,248.4,333.6
-1.2,0,0,0,0,248.4,348
-1.2,0,0,0,0,248.4,362.4
-1.2,0,0,0,0,247.2,376.8
-1.2,0,0,0,0,262.8,319.2
-1.2,0,0,0,0,262.8,333.6
-1.2,0,0,0,0,262.8,348
-1.2,0,0,0,0,262.8,362.4
-1.2,0,0,0,0,261.6,376.8
-1.2,0,0,0,0,277.2,319.2
-1.2,0,0,0,0,277.2,333.6
-1.2,0,0,0,0,277.2,348
-1.2,0,0,0,0,277.2,362.4
-1.2,0,0,0,0,276,376.8
-1.2,0,0,0,0,290.4,319.2
-1.2,0,0,0,0,290.4,333.6
-1.2,0,0,0,0,290.4,348
-1.2,0,0,0,0,290.4,362.4
-1.2,0,0,0,0,290.4,376.8
-1.2,0,0,0,0,247.2,391.2
-1.2,0,0,0,0,247.2,405.6
-1.2,0,0,0,0,247.2,420
-1.2,0,0,0,0,247.2,435.6
-1.2,0,0,0,0,247.2,450
-1.2,0,0,0,0,261.6,391.2
-1.2,0,0,0,0,261.6,405.6
-1.2,0,0,0,0,261.6,420
-1.2,0,0,0,0,261.6,434.4
-1.2,0,0,0,0,261.6,450
-1.2,0,0,0,0,276,391.2
-1.2,0,0,0,0,276,405.6
-1.2,0,0,0,0,276,420
-1.2,0,0,0,0,276,434.4
-1.2,0,0,0,0,276,450
-1.2,0,0,0,0,290.4,391.2
-1.2,0,0,0,0,290.4,405.6
-1.2,0,0,0,0,290.4,420
-1.2,0,0,0,0,290.4,434.4
-1.2,0,0,0,0,290.4,450
-1.2,0,0,0,0,246,465.6
-1.2,0,0,0,0,246,480
-1.2,0,0,0,0,246,495.6
-1.2,0,0,0,0,246,511.2
-1.2,0,0,0,0,244.8,526.8
-1.2,0,0,0,0,261.6,464.4
-1.2,0,0,0,0,261.6,480
-1.2,0,0,0,0,260.4,495.6
-1.2,0,0,0,0,260.4,511.2
-1.2,0,0,0,0,260.4,526.8
-1.2,0,0,0,0,276,464.4
-1.2,0,0,0,0,276,480
-1.2,0,0,0,0,276,495.6
-1.2,0,0,0,0,274.8,511.2
-1.2,0,0,0,0,274.8,526.8
-1.2,0,0,0,0,290.4,464.4
-1.2,0,0,0,0,290.4,480
-1.2,0,0,0,0,290.4,494.4
-1.2,0,0,0,0,290.4,510
-1.2,0,0,0,0,290.4,526.8
0,-1.2,0,0,0,319.2,174
0,-1.2,0,0,0,319.2,189.6
0,-1.2,0,0,0,319.2,204
0,-1.2,0,0,0,319.2,218.4
0,-1.2,0,0,0,319.2,234
0,-1.2,0,0,0,333.6,174
0,-1.2,0,0,0,333.6,189.6
0,-1.2,0,0,0,333.6,204
0,-1.2,0,0,0,333.6,218.4
0,-1.2,0,0,0,333.6,234
0,-1.2,0,0,0,348,174
0,-1.2,0,0,0,348,189.6
0,-1.2,0,0,0,348,204
0,-1.2,0,0,0,348,218.4
0,-1.2,0,0,0,348,234
0,-1.2,0,0,0,362.4,174
0,-1.2,0,0,0,362.4,189.6
0,-1.2,0,0,0,362.4,204
0,-1.2,0,0,0,362.4,218.4
0,-1.2,0,0,0,362.4,232.8
0,-1.2,0,0,0,319.2,248.4
0,-1.2,0,0,0,319.2,262.8
0,-1.2,0,0,0,319.2,277.2
0,-1.2,0,0,0,319.2,290.4
0,-1.2,0,0,0,319.2,304.8
0,-1.2,0,0,0,333.6,248.4
0,-1.2,0,0,0,333.6,262.8
0,-1.2,0,0,0,333.6,277.2
0,-1.2,0,0,0,333.6,290.4
0,-1.2,0,0,0,333.6,304.8
0,-1.2,0,0,0,348,248.4
0,-1.2,0,0,0,348,262.8
0,-1.2,0,0,0,348,277.2
0,-1.2,0,0,0,348,290.4
0,-1.2,0,0,0,348,304.8
0,-1.2,0,0,0,362.4,248.4
0,-1.2,0,0,0,362.4,262.8
0,-1.2,0,0,0,362.4,277.2
0,-1.2,0,0,0,362.4,290.4
0,-1.2,0,0,0,362.4,304.8
0,0,0,0,0,319.2,319.2
0,0,0,0,0,319.2,333.6
0,0,0,0,0,319.2,348
0,0,0,0,0,319.2,362.4
0,0,0,0,0,319.2,376.8
0,0,0,0,0,333.6,319.2
0,0,0,0,0,333.6,333.6
0,0,0,0,0,333.6,348
0,0,0,0,0,333.6,362.4
0,0,0,0,0,333.6,376.8
0,0,0,0,0,348,319.2
0,0,0,0,0,348,333.6
0,0,0,0,0,348,348
0,0,0,0,0,348,362.4
0,0,0,0,0,348,376.8
0,0,0,0,0,362.4,319.2
0,0,0,0,0,362.4,333.6
0,0,0,0,0,362.4,348
0,0,0,0,0,362.4,362.4
0,0,0,0,0,362.4,376.8
0,0,0,0,0,319.2,391.2
0,0,0,0,0,319.2,405.6
0,0,0,0,0,319.2,420
0,0,0,0,0,319.2,434.4
0,0,0,0,0,319.2,448.8
0,0,0,0,0,333.6,391.2
0,0,0,0,0,333.6,405.6
0,0,0,0,0,333.6,420
0,0,0,0,0,333.6,434.4
0,0,0,0,0,333.6,448.8
0,0,0,0,0,348,391.2
0,0,0,0,0,348,405.6
0,0,0,0,0,348,420
0,0,0,0,0,348,434.4
0,0,0,0,0,348,450
0,0,0,0,0,362.4,391.2
0,0,0,0,0,362.4,405.6
0,0,0,0,0,362.4,420
0,0,0,0,0,362.4,434.4
0,0,0,0,0,362.4,450
0,0,0,0,0,319.2,464.4
0,0,0,0,0,319.2,480
0,0,0,0,0,319.2,494.4
0,0,0,0,0,319.2,510
0,0,0,0,0,319.2,525.6
0,0,0,0,0,333.6,464.4
0,0,0,0,0,333.6,480
0,0,0,0,0,333.6,494.4
0,0,0,0,0,333.6,510
0,0,0,0,0,333.6,525.6
0,0,0,0,0,348,464.4
0,0,0,0,0,348,480
0,0,0,0,0,349.2,494.4
0,0,0,0,0,349.2,510
0,0,0,0,0,349.2,526.8
0,0,0,0,0,362.4,464.4
0,0,0,0,0,363.6,480
0,0,0,0,0,363.6,495.6
0,0,0,0,0,363.6,511.2
0,0,0,0,0,363.6,526.8
0,-1.2,0,0,0,392.4,174
0,-1.2,0,0,0,392.4,188.4
0,-1.2,0,0,0,391.2,204
0,-1.2,0,0,0,391.2,218.4
0,-1.2,0,0,0,391.2,232.8
0,-1.2,0,0,0,406.8,174
0,-1.2,0,0,0,406.8,188.4
0,-1.2,0,0,0,406.8,204
0,-1.2,0,0,0,405.6,218.4
0,-1.2,0,0,0,405.6,232.8
0,-1.2,0,0,0,422.4,172.8
0,-1.2,0,0,0,421.2,188.4
0,-1.2,0,0,0,421.2,202.8
0,-1.2,0,0,0,421.2,218.4
0,-1.2,0,0,0,420,232.8
0,-1.2,0,0,0,436.8,172.8
0,-1.2,0,0,0,436.8,188.4
0,-1.2,0,0,0,435.6,202.8
0,-1.2,0,0,0,435.6,217.2
0,-1.2,0,0,0,435.6,232.8
0,-1.2,0,0,0,391.2,247.2
0,-1.2,0,0,0,391.2,261.6
0,-1.2,0,0,0,391.2,276
0,-1.2,0,0,0,391.2,290.4
0,-1.2,0,0,0,391.2,304.8
0,-1.2,0,0,0,405.6,247.2
0,-1.2,0,0,0,405.6,261.6
0,-1.2,0,0,0,405.6,276
0,-1.2,0,0,0,405.6,290.4
0,-1.2,0,0,0,405.6,304.8
0,-1.2,0,0,0,420,247.2
0,-1.2,0,0,0,420,261.6
0,-1.2,0,0,0,420,276
0,-1.2,0,0,0,420,290.4
0,-1.2,0,0,0,420,304.8
0,-1.2,0,0,0,435.6,247.2
0,-1.2,0,0,0,434.4,261.6
0,-1.2,0,0,0,434.4,276
0,-1.2,0,0,0,434.4,290.4
0,-1.2,0,0,0,434.4,304.8
0,0,0,0,0,391.2,319.2
0,0,0,0,0,391.2,333.6
0,0,0,0,0,391.2,348
0,0,0,0,0,391.2,362.4
0,0,0,0,0,391.2,376.8
0,0,0,0,0,405.6,319.2
0,0,0,0,0,405.6,333.6
0,0,0,0,0,405.6,348
0,0,0,0,0,405.6,362.4
0,0,0,0,0,405.6,376.8
0,0,0,0,0,420,319.2
0,0,0,0,0,420,333.6
0,0,0,0,0,420,348
0,0,0,0,0,420,362.4
0,0,0,0,0,420,376.8
0,0,0,0,0,434.4,319.2
0,0,0,0,0,434.4,333.6
0,0,0,0,0,434.4,348
0,0,0,0,0,434.4,362.4
0,0,0,0,0,434.4,376.8
0,0,0,0,0,391.2,391.2
0,0,0,0,0,391.2,405.6
0,0,0,0,0,391.2,420
0,0,0,0,0,391.2,435.6
0,0,0,0,0,392.4,450
0,0,0,0,0,405.6,391.2
0,0,0,0,0,405.6,405.6
0,0,0,0,0,405.6,420
0,0,0,0,0,406.8,435.6
0,0,0,0,0,406.8,450
0,0,0,0,0,420,391.2
0,0,0,0,0,420,405.6
0,0,0,0,0,421.2,421.2
0,0,0,0,0,421.2,435.6
0,0,0,0,0,421.2,450
0,0,0,0,0,435.6,391.2
0,0,0,0,0,435.6,406.8
0,0,0,0,0,435.6,421.2
0,0,0,0,0,435.6,435.6
0,0,0,0,0,436.8,451.2
0,0,0,0,0,392.4,465.6
0,0,0,0,0,392.4,480
0,0,0,0,0,392.4,495.6
0,0,0,0,0,393.6,511.2
0,0,0,0,0,393.6,526.8
0,0,0,0,0,406.8,465.6
0,0,0,0,0,406.8,480
0,0,0,0,0,408,495.6
0,0,0,0,0,408,511.2
0,0,0,0,0,408,528
0,0,0,0,0,422.4,465.6
0,0,0,0,0,422.4,481.2
0,0,0,0,0,422.4,496.8
0,0,0,0,0,423.6,512.4
0,0,0,0,0,423.6,528
0,0,0,0,0,436.8,465.6
0,0,0,0,0,436.8,481.2
0,0,0,0,0,438,496.8
0,0,0,0,0,438,512.4
0,0,0,0,0,439.2,528
0,-1.2,0,0,0,466.8,171.6
0,-1.2,0,0,0,466.8,187.2
0,-1.2,0,0,0,465.6,201.6
0,-1.2,0,0,0,465.6,217.2
0,-1.2,0,0,0,465.6,231.6
0,-1.2,0,0,0,482.4,171.6
0,-1.2,0,0,0,482.4,186
0,-1.2,0,0,0,481.2,201.6
0,-1.2,0,0,0,481.2,216
0,-1.2,0,0,0,480,231.6
0,-1.2,0,0,0,498,170.4
0,-1.2,0,0,0,498,186
0,-1.2,0,0,0,496.8,201.6
0,-1.2,0,0,0,496.8,216
0,-1.2,0,0,0,495.6,231.6
0,-1.2,0,0,0,513.6,169.2
0,-1.2,0,0,0,513.6,184.8
0,-1.2,0,0,0,512.4,200.4
0,-1.2,0,0,0,512.4,216
0,-1.2,0,0,0,511.2,230.4
0,-1.2,0,0,0,465.6,246
0,-1.2,0,0,0,464.4,261.6
0,-1.2,0,0,0,464.4,276
0,-1.2,0,0,0,464.4,290.4
0,-1.2,0,0,0,464.4,304.8
0,-1.2,0,0,0,480,246
0,-1.2,0,0,0,480,261.6
0,-1.2,0,0,0,480,276
0,-1.2,0,0,0,480,290.4
0,-1.2,0,0,0,480,304.8
0,-1.2,0,0,0,495.6,246
0,-1.2,0,0,0,495.6,260.4
0,-1.2,0,0,0,495.6,276
0,-1.2,0,0,0,494.4,290.4
0,-1.2,0,0,0,494.4,304.8
0,-1.2,0,0,0,511.2,246
0,-1.2,0,0,0,511.2,260.4
0,-1.2,0,0,0,511.2,274.8
0,-1.2,0,0,0,510,290.4
0,-1.2,0,0,0,510,304.8
0,0,0,0,0,464.4,319.2
0,0,0,0,0,464.4,333.6
0,0,0,0,0,464.4,348
0,0,0,0,0,464.4,362.4
0,0,0,0,0,464.4,378
0,0,0,0,0,480,319.2
0,0,0,0,0,480,333.6
0,0,0,0,0,480,348
0,0,0,0,0,480,363.6
0,0,0,0,0,480,378
0,0,0,0,0,494.4,319.2
0,0,0,0,0,494.4,333.6
0,0,0,0,0,494.4,349.2
0,0,0,0,0,495.6,363.6
0,0,0,0,0,495.6,378
0,0,0,0,0,510,319.2
0,0,0,0,0,510,333.6
0,0,0,0,0,510,349.2
0,0,0,0,0,511.2,363.6
0,0,0,0,0,511.2,378
0,0,0,0,0,465.6,392.4
0,0,0,0,0,465.6,406.8
0,0,0,0,0,465.6,422.4
0,0,0,0,0,465.6,436.8
0,0,0,0,0,466.8,452.4
0,0,0,0,0,480,392.4
0,0,0,0,0,480,406.8
0,0,0,0,0,481.2,422.4
0,0,0,0,0,481.2,436.8
0,0,0,0,0,482.4,452.4
0,0,0,0,0,495.6,392.4
0,0,0,0,0,495.6,408
0,0,0,0,0,496.8,422.4
0,0,0,0,0,496.8,438
0,0,0,0,0,498,452.4
0,0,0,0,0,511.2,393.6
0,0,0,0,0,511.2,408
0,0,0,0,0,512.4,423.6
0,0,0,0,0,512.4,438
0,0,0,0,0,513.6,453.6
0,0,0,0,0,466.8,466.8
0,0,0,0,0,468,482.4
0,0,0,0,0,468,498
0,0,0,0,0,469.2,513.6
0,0,0,0,0,470.4,530.4
0,0,0,0,0,482.4,468
0,0,0,0,0,483.6,483.6
0,0,0,0,0,483.6,499.2
0,0,0,0,0,484.8,514.8
0,0,0,0,0,486,530.4
0,0,0,0,0,498,468
0,0,0,0,0,499.2,483.6
0,0,0,0,0,499.2,499.2
0,0,0,0,0,500.4,516
0,0,0,0,0,501.6,531.6
0,0,0,0,0,513.6,469.2
0,0,0,0,0,514.8,484.8
0,0,0,0,0,516,500.4
0,0,0,0,0,516,516
0,0,0,0,0,517.2,532.8
-1.2,-1.2,0,0,0,175.2,175.2
-1.2,-1.2,0,0,0,176.4,190.8
-1.2,-1.2,0,0,0,176.4,205.2
-1.2,-1.2,0,0,0,176.4,219.6
-1.2,-1.2,0,0,0,177.6,234
-1.2,-1.2,0,0,0,190.8,176.4
-1.2,-1.2,0,0,0,190.8,190.8
-1.2,-1.2,0,0,0,190.8,205.2
-1.2,-1.2,0,0,0,192,219.6
-1.2,-1.2,0,0,0,192,234
-1.2,-1.2,0,0,0,205.2,176.4
-1.2,-1.2,0,0,0,205.2,190.8
-1.2,-1.2,0,0,0,206.4,206.4
-1.2,-1.2,0,0,0,206.4,220.8
-1.2,-1.2,0,0,0,206.4,235.2
-1.2,-1.2,0,0,0,219.6,176.4
-1.2,-1.2,0,0,0,219.6,192
-1.2,-1.2,0,0,0,220.8,206.4
-1.2,-1.2,0,0,0,220.8,220.8
-1.2,-1.2,0,0,0,220.8,235.2
-1.2,-1.2,0,0,0,177.6,248.4
-1.2,-1.2,0,0,0,177.6,262.8
-1.2,-1.2,0,0,0,177.6,277.2
-1.2,-1.2,0,0,0,177.6,291.6
-1.2,-1.2,0,0,0,178.8,304.8
-1.2,-1.2,0,0,0,192,248.4
-1.2,-1.2,0,0,0,192,262.8
-1.2,-1.2,0,0,0,192,277.2
-1.2,-1.2,0,0,0,193.2,291.6
-1.2,-1.2,0,0,0,193.2,304.8
-1.2,-1.2,0,0,0,206.4,248.4
-1.2,-1.2,0,0,0,206.4,262.8
-1.2,-1.2,0,0,0,207.6,277.2
-1.2,-1.2,0,0,0,207.6,291.6
-1.2,-1.2,0,0,0,207.6,304.8
-1.2,-1.2,0,0,0,220.8,249.6
-1.2,-1.2,0,0,0,220.8,262.8
-1.2,-1.2,0,0,0,220.8,277.2
-1.2,-1.2,0,0,0,222,291.6
-1.2,-1.2,0,0,0,222,306
-1.2,0,0,0,0,178.8,319.2
-1.2,0,0,0,0,178.8,333.6
-1.2,0,0,0,0,177.6,348
-1.2,0,0,0,0,177.6,362.4
-1.2,0,0,0,0,177.6,375.6
-1.2,0,0,0,0,193.2,319.2
-1.2,0,0,0,0,193.2,333.6
-1.2,0,0,0,0,193.2,348
-1.2,0,0,0,0,192,361.2
-1.2,0,0,0,0,192,375.6
-1.2,0,0,0,0,207.6,319.2
-1.2,0,0,0,0,207.6,333.6
-1.2,0,0,0,0,207.6,348
-1.2,0,0,0,0,207.6,361.2
-1.2,0,0,0,0,206.4,375.6
-1.2,0,0,0,0,222,319.2
-1.2,0,0,0,0,222,333.6
-1.2,0,0,0,0,222,346.8
-1.2,0,0,0,0,220.8,361.2
-1.2,0,0,0,0,220.8,375.6
-1.2,0,0,0,0,177.6,390
-1.2,0,0,0,0,177.6,404.4
-1.2,0,0,0,0,176.4,418.8
-1.2,0,0,0,0,176.4,433.2
-1.2,0,0,0,0,176.4,448.8
-1.2,0,0,0,0,192,390
-1.2,0,0,0,0,192,404.4
-1.2,0,0,0,0,192,418.8
-1.2,0,0,0,0,190.8,433.2
-1.2,0,0,0,0,190.8,447.6
-1.2,0,0,0,0,206.4,390
-1.2,0,0,0,0,206.4,404.4
-1.2,0,0,0,0,206.4,418.8
-1.2,0,0,0,0,206.4,433.2
-1.2,0,0,0,0,205.2,447.6
-1.2,0,0,0,0,220.8,390
-1.2,0,0,0,0,220.8,404.4
-1.2,0,0,0,0,220.8,417.6
-1.2,0,0,0,0,220.8,432
-1.2,0,0,0,0,219.6,447.6
-1.2,0,0,0,0,175.2,463.2
-1.2,0,0,0,0,175.2,477.6
-1.2,0,0,0,0,174,493.2
-1.2,0,0,0,0,174,508.8
-1.2,0,0,0,0,172.8,524.4
-1.2,0,0,0,0,190.8,463.2
-1.2,0,0,0,0,189.6,477.6
-1.2,0,0,0,0,189.6,493.2
-1.2,0,0,0,0,188.4,507.6
-1.2,0,0,0,0,188.4,523.2
-1.2,0,0,0,0,205.2,462
-1.2,0,0,0,0,205.2,477.6
-1.2,0,0,0,0,204,492
-1.2,0,0,0,0,204,507.6
-1.2,0,0,0,0,202.8,523.2
-1.2,0,0,0,0,219.6,462
-1.2,0,0,0,0,219.6,476.4
-1.2,0,0,0,0,218.4,492
-1.2,0,0,0,0,218.4,506.4
-1.2,0,0,0,0,218.4,522
-1.2,-1.2,0,0,0,248.4,177.6
-1.2,-1.2,0,0,0,248.4,192
-1.2,-1.2,0,0,0,248.4,206.4
-1.2,-1.2,0,0,0,249.6,220.8
-1.2,-1.2,0,0,0,249.6,235.2
-1.2,-1.2,0,0,0,262.8,177.6
-1.2,-1.2,0,0,0,262.8,192
-1.2,-1.2,0,0,0,262.8,206.4
-1.2,-1.2,0,0,0,262.8,220.8
-1.2,-1.2,0,0,0,264,235.2
-1.2,-1.2,0,0,0,277.2,177.6
-1.2,-1.2,0,0,0,277.2,192
-1.2,-1.2,0,0,0,277.2,207.6
-1.2,-1.2,0,0,0,277.2,220.8
-1.2,-1.2,0,0,0,277.2,235.2
-1.2,-1.2,0,0,0,291.6,177.6
-1.2,-1.2,0,0,0,291.6,193.2
-1.2,-1.2,0,0,0,291.6,207.6
-1.2,-1.2,0,0,0,291.6,222
-1.2,-1.2,0,0,0,291.6,235.2
-1.2,-1.2,0,0,0,249.6,249.6
-1.2,-1.2,0,0,0,249.6,264
-1.2,-1.2,0,0,0,249.6,277.2
-1.2,-1.2,0,0,0,249.6,291.6
-1.2,-1.2,0,0,0,249.6,306
-1.2,-1.2,0,0,0,264,249.6
-1.2,-1.2,0,0,0,264,264
-1.2,-1.2,0,0,0,264,277.2
-1.2,-1.2,0,0,0,264,291.6
-1.2,-1.2,0,0,0,264,306
-1.2,-1.2,0,0,0,277.2,249.6
-1.2,-1.2,0,0,0,277.2,264
-1.2,-1.2,0,0,0,277.2,277.2
-1.2,-1.2,0,0,0,277.2,291.6
-1.2,-1.2,0,0,0,277.2,306
-1.2,-1.2,0,0,0,291.6,249.6
-1.2,-1.2,0,0,0,291.6,264
-1.2,-1.2,0,0,0,291.6,277.2
-1.2,-1.2,0,0,0,291.6,291.6
-1.2,-1.2,0,0,0,291.6,306
-1.2,0,0,0,0,249.6,319.2
-1.2,0,0,0,0,249.6,333.6
-1.2,0,0,0,0,249.6,346.8
-1.2,0,0,0,0,249.6,361.2
-1.2,0,0,0,0,249.6,375.6
-1.2,0,0,0,0,264,319.2
-1.2,0,0,0,0,264,333.6
-1.2,0,0,0,0,264,346.8
-1.2,0,0,0,0,264,361.2
-1.2,0,0,0,0,264,375.6
-1.2,0,0,0,0,277.2,319.2
-1.2,0,0,0,0,277.2,333.6
-1.2,0,0,0,0,277.2,346.8
-1.2,0,0,0,0,277.2,361.2
-1.2,0,0,0,0,277.2,375.6
-1.2,0,0,0,0,291.6,319.2
-1.2,0,0,0,0,291.6,333.6
-1.2,0,0,0,0,291.6,346.8
-1.2,0,0,0,0,291.6,361.2
-1.2,0,0,0,0,291.6,375.6
-1.2,0,0,0,0,249.6,388.8
-1.2,0,0,0,0,249.6,403.2
-1.2,0,0,0,0,249.6,417.6
-1.2,0,0,0,0,248.4,432
-1.2,0,0,0,0,248.4,446.4
-1.2,0,0,0,0,264,388.8
-1.2,0,0,0,0,264,403.2
-1.2,0,0,0,0,262.8,417.6
-1.2,0,0,0,0,262.8,432
-1.2,0,0,0,0,262.8,446.4
-1.2,0,0,0,0,277.2,388.8
-1.2,0,0,0,0,277.2,403.2
-1.2,0,0,0,0,277.2,417.6
-1.2,0,0,0,0,277.2,432
-1.2,0,0,0,0,277.2,446.4
-1.2,0,0,0,0,291.6,388.8
-1.2,0,0,0,0,291.6,403.2
-1.2,0,0,0,0,291.6,417.6
-1.2,0,0,0,0,291.6,432
-1.2,0,0,0,0,291.6,446.4
-1.2,0,0,0,0,248.4,460.8
-1.2,0,0,0,0,248.4,476.4
-1.2,0,0,0,0,248.4,490.8
-1.2,0,0,0,0,247.2,506.4
-1.2,0,0,0,0,247.2,522
-1.2,0,0,0,0,262.8,460.8
-1.2,0,0,0,0,262.8,475.2
-1.2,0,0,0,0,262.8,490.8
-1.2,0,0,0,0,261.6,505.2
-1.2,0,0,0,0,261.6,520.8
-1.2,0,0,0,0,277.2,460.8
-1.2,0,0,0,0,277.2,475.2
-1.2,0,0,0,0,277.2,490.8
-1.2,0,0,0,0,276,505.2
-1.2,0,0,0,0,276,520.8
-1.2,0,0,0,0,291.6,460.8
-1.2,0,0,0,0,291.6,475.2
-1.2,0,0,0,0,290.4,490.8
-1.2,0,0,0,0,290.4,505.2
-1.2,0,0,0,0,290.4,520.8
0,-1.2,0,0,0,319.2,178.8
0,-1.2,0,0,0,319.2,193.2
0,-1.2,0,0,0,319.2,207.6
0,-1.2,0,0,0,319.2,222
0,-1.2,0,0,0,319.2,235.2
0,-1.2,0,0,0,333.6,178.8
0,-1.2,0,0,0,333.6,193.2
0,-1.2,0,0,0,333.6,207.6
0,-1.2,0,0,0,333.6,222
0,-1.2,0,0,0,333.6,235.2
0,-1.2,0,0,0,348,177.6
0,-1.2,0,0,0,348,193.2
0,-1.2,0,0,0,348,207.6
0,-1.2,0,0,0,346.8,222
0,-1.2,0,0,0,346.8,235.2
0,-1.2,0,0,0,362.4,177.6
0,-1.2,0,0,0,361.2,192
0,-1.2,0,0,0,361.2,207.6
0,-1.2,0,0,0,361.2,220.8
0,-1.2,0,0,0,361.2,235.2
0,-1.2,0,0,0,319.2,249.6
0,-1.2,0,0,0,319.2,264
0,-1.2,0,0,0,319.2,277.2
0,-1.2,0,0,0,319.2,291.6
0,-1.2,0,0,0,319.2,306
0,-1.2,0,0,0,333.6,249.6
0,-1.2,0,0,0,333.6,264
0,-1.2,0,0,0,333.6,277.2
0,-1.2,0,0,0,333.6,291.6
0,-1.2,0,0,0,333.6,306
0,-1.2,0,0,0,346.8,249.6
0,-1.2,0,0,0,346.8,264
0,-1.2,0,0,0,346.8,277.2
0,-1.2,0,0,0,346.8,291.6
0,-1.2,0,0,0,346.8,306
0,-1.2,0,0,0,361.2,249.6
0,-1.2,0,0,0,361.2,264
0,-1.2,0,0,0,361.2,277.2
0,-1.2,0,0,0,361.2,291.6
0,-1.2,0,0,0,361.2,306
0,0,0,0,0,319.2,319.2
0,0,0,0,0,319.2,333.6
0,0,0,0,0,319.2,346.8
0,0,0,0,0,319.2,361.2
0,0,0,0,0,319.2,374.4
0,0,0,0,0,333.6,319.2
0,0,0,0,0,333.6,333.6
0,0,0,0,0,333.6,346.8
0,0,0,0,0,333.6,361.2
0,0,0,0,0,333.6,375.6
0,0,0,0,0,346.8,319.2
0,0,0,0,0,346.8,333.6
0,0,0,0,0,346.8,346.8
0,0,0,0,0,346.8,361.2
0,0,0,0,0,346.8,375.6
0,0,0,0,0,361.2,319.2
0,0,0,0,0,361.2,333.6
0,0,0,0,0,361.2,346.8
0,0,0,0,0,361.2,361.2
0,0,0,0,0,361.2,375.6
0,0,0,0,0,319.2,388.8
0,0,0,0,0,319.2,403.2
0,0,0,0,0,319.2,417.6
0,0,0,0,0,319.2,432
0,0,0,0,0,319.2,446.4
0,0,0,0,0,333.6,388.8
0,0,0,0,0,333.6,403.2
0,0,0,0,0,333.6,417.6
0,0,0,0,0,333.6,432
0,0,0,0,0,333.6,446.4
0,0,0,0,0,346.8,388.8
0,0,0,0,0,346.8,403.2
0,0,0,0,0,346.8,417.6
0,0,0,0,0,348,432
0,0,0,0,0,348,446.4
0,0,0,0,0,361.2,388.8
0,0,0,0,0,361.2,403.2
0,0,0,0,0,361.2,417.6
0,0,0,0,0,361.2,432
0,0,0,0,0,361.2,446.4
0,0,0,0,0,319.2,460.8
0,0,0,0,0,319.2,475.2
0,0,0,0,0,319.2,489.6
0,0,0,0,0,319.2,505.2
0,0,0,0,0,319.2,520.8
0,0,0,0,0,333.6,460.8
0,0,0,0,0,333.6,475.2
0,0,0,0,0,333.6,489.6
0,0,0,0,0,333.6,505.2
0,0,0,0,0,333.6,520.8
0,0,0,0,0,348,460.8
0,0,0,0,0,348,475.2
0,0,0,0,0,348,490.8
0,0,0,0,0,348,505.2
0,0,0,0,0,348,520.8
0,0,0,0,0,362.4,460.8
0,0,0,0,0,362.4,475.2
0,0,0,0,0,362.4,490.8
0,0,0,0,0,362.4,505.2
0,0,0,0,0,362.4,520.8
0,-1.2,0,0,0,390,177.6
0,-1.2,0,0,0,390,192
0,-1.2,0,0,0,390,206.4
0,-1.2,0,0,0,390,220.8
0,-1.2,0,0,0,390,235.2
0,-1.2,0,0,0,404.4,177.6
0,-1.2,0,0,0,404.4,192
0,-1.2,0,0,0,404.4,206.4
0,-1.2,0,0,0,404.4,220.8
0,-1.2,0,0,0,403.2,235.2
0,-1.2,0,0,0,418.8,176.4
0,-1.2,0,0,0,418.8,192
0,-1.2,0,0,0,418.8,206.4
0,-1.2,0,0,0,417.6,220.8
0,-1.2,0,0,0,417.6,235.2
0,-1.2,0,0,0,433.2,176.4
0,-1.2,0,0,0,433.2,190.8
0,-1.2,0,0,0,433.2,206.4
0,-1.2,0,0,0,432,220.8
0,-1.2,0,0,0,432,235.2
0,-1.2,0,0,0,388.8,249.6
0,-1.2,0,0,0,388.8,264
0,-1.2,0,0,0,388.8,277.2
0,-1.2,0,0,0,388.8,291.6
0,-1.2,0,0,0,388.8,306
0,-1.2,0,0,0,403.2,249.6
0,-1.2,0,0,0,403.2,264
0,-1.2,0,0,0,403.2,277.2
0,-1.2,0,0,0,403.2,291.6
0,-1.2,0,0,0,403.2,306
0,-1.2,0,0,0,417.6,249.6
0,-1.2,0,0,0,417.6,262.8
0,-1.2,0,0,0,417.6,277.2
0,-1.2,0,0,0,417.6,291.6
0,-1.2,0,0,0,417.6,306
0,-1.2,0,0,0,432,248.4
0,-1.2,0,0,0,432,262.8
0,-1.2,0,0,0,432,277.2
0,-1.2,0,0,0,432,291.6
0,-1.2,0,0,0,432,304.8
0,0,0,0,0,388.8,319.2
0,0,0,0,0,388.8,333.6
0,0,0,0,0,388.8,346.8
0,0,0,0,0,388.8,361.2
0,0,0,0,0,388.8,375.6
0,0,0,0,0,403.2,319.2
0,0,0,0,0,403.2,333.6
0,0,0,0,0,403.2,346.8
0,0,0,0,0,403.2,361.2
0,0,0,0,0,403.2,375.6
0,0,0,0,0,417.6,319.2
0,0,0,0,0,417.6,333.6
0,0,0,0,0,417.6,346.8
0,0,0,0,0,417.6,361.2
0,0,0,0,0,417.6,375.6
0,0,0,0,0,432,319.2
0,0,0,0,0,432,333.6
0,0,0,0,0,432,348
0,0,0,0,0,432,361.2
0,0,0,0,0,432,375.6
0,0,0,0,0,388.8,388.8
0,0,0,0,0,390,403.2
0,0,0,0,0,390,417.6
0,0,0,0,0,390,432
0,0,0,0,0,390,446.4
0,0,0,0,0,403.2,390
0,0,0,0,0,403.2,403.2
0,0,0,0,0,404.4,417.6
0,0,0,0,0,404.4,432
0,0,0,0,0,404.4,446.4
0,0,0,0,0,417.6,390
0,0,0,0,0,417.6,404.4
0,0,0,0,0,417.6,417.6
0,0,0,0,0,418.8,432
0,0,0,0,0,418.8,447.6
0,0,0,0,0,432,390
0,0,0,0,0,432,404.4
0,0,0,0,0,432,418.8
0,0,0,0,0,433.2,433.2
0,0,0,0,0,433.2,447.6
0,0,0,0,0,390,460.8
0,0,0,0,0,390,476.4
0,0,0,0,0,391.2,490.8
0,0,0,0,0,391.2,506.4
0,0,0,0,0,391.2,522
0,0,0,0,0,404.4,462
0,0,0,0,0,404.4,476.4
0,0,0,0,0,405.6,490.8
0,0,0,0,0,405.6,506.4
0,0,0,0,0,405.6,522
0,0,0,0,0,418.8,462
0,0,0,0,0,420,476.4
0,0,0,0,0,420,492
0,0,0,0,0,420,506.4
0,0,0,0,0,421.2,522
0,0,0,0,0,433.2,462
0,0,0,0,0,434.4,477.6
0,0,0,0,0,434.4,492
0,0,0,0,0,435.6,507.6
0,0,0,0,0,435.6,523.2
0,-1.2,0,0,0,463.2,175.2
0,-1.2,0,0,0,463.2,190.8
0,-1.2,0,0,0,462,205.2
0,-1.2,0,0,0,462,219.6
0,-1.2,0,0,0,462,234
0,-1.2,0,0,0,477.6,175.2
0,-1.2,0,0,0,477.6,189.6
0,-1.2,0,0,0,477.6,205.2
0,-1.2,0,0,0,476.4,219.6
0,-1.2,0,0,0,476.4,234
0,-1.2,0,0,0,493.2,174
0,-1.2,0,0,0,493.2,189.6
0,-1.2,0,0,0,492,204
0,-1.2,0,0,0,492,218.4
0,-1.2,0,0,0,490.8,234
0,-1.2,0,0,0,508.8,174
0,-1.2,0,0,0,507.6,188.4
0,-1.2,0,0,0,507.6,204
0,-1.2,0,0,0,506.4,218.4
0,-1.2,0,0,0,506.4,232.8
0,-1.2,0,0,0,460.8,248.4
0,-1.2,0,0,0,460.8,262.8
0,-1.2,0,0,0,460.8,277.2
0,-1.2,0,0,0,460.8,291.6
0,-1.2,0,0,0,460.8,304.8
0,-1.2,0,0,0,476.4,248.4
0,-1.2,0,0,0,475.2,262.8
0,-1.2,0,0,0,475.2,277.2
0,-1.2,0,0,0,475.2,291.6
0,-1.2,0,0,0,475.2,304.8
0,-1.2,0,0,0,490.8,248.4
0,-1.2,0,0,0,490.8,262.8
0,-1.2,0,0,0,490.8,277.2
0,-1.2,0,0,0,490.8,290.4
0,-1.2,0,0,0,489.6,304.8
0,-1.2,0,0,0,506.4,247.2
0,-1.2,0,0,0,505.2,261.6
0,-1.2,0,0,0,505.2,276
0,-1.2,0,0,0,505.2,290.4
0,-1.2,0,0,0,505.2,304.8
0,0,0,0,0,460.8,319.2
0,0,0,0,0,460.8,333.6
0,0,0,0,0,460.8,348
0,0,0,0,0,460.8,362.4
0,0,0,0,0,460.8,375.6
0,0,0,0,0,475.2,319.2
0,0,0,0,0,475.2,333.6
0,0,0,0,0,475.2,348
0,0,0,0,0,475.2,362.4
0,0,0,0,0,475.2,376.8
0,0,0,0,0,489.6,319.2
0,0,0,0,0,489.6,333.6
0,0,0,0,0,490.8,348
0,0,0,0,0,490.8,362.4
0,0,0,0,0,490.8,376.8
0,0,0,0,0,505.2,319.2
0,0,0,0,0,505.2,333.6
0,0,0,0,0,505.2,348
0,0,0,0,0,505.2,362.4
0,0,0,0,0,505.2,376.8
0,0,0,0,0,460.8,390
0,0,0,0,0,462,404.4
0,0,0,0,0,462,418.8
0,0,0,0,0,462,433.2
0,0,0,0,0,463.2,448.8
0,0,0,0,0,476.4,390
0,0,0,0,0,476.4,404.4
0,0,0,0,0,476.4,420
0,0,0,0,0,477.6,434.4
0,0,0,0,0,477.6,448.8
0,0,0,0,0,490.8,391.2
0,0,0,0,0,490.8,405.6
0,0,0,0,0,492,420
0,0,0,0,0,492,434.4
0,0,0,0,0,493.2,448.8
0,0,0,0,0,506.4,391.2
0,0,0,0,0,506.4,405.6
0,0,0,0,0,506.4,420
0,0,0,0,0,507.6,435.6
0,0,0,0,0,507.6,450
0,0,0,0,0,463.2,463.2
0,0,0,0,0,463.2,477.6
0,0,0,0,0,464.4,493.2
0,0,0,0,0,464.4,508.8
0,0,0,0,0,465.6,524.4
0,0,0,0,0,477.6,463.2
0,0,0,0,0,478.8,478.8
0,0,0,0,0,478.8,494.4
0,0,0,0,0,480,508.8
0,0,0,0,0,481.2,524.4
0,0,0,0,0,493.2,464.4
0,0,0,0,0,494.4,478.8
0,0,0,0,0,494.4,494.4
0,0,0,0,0,495.6,510
0,0,0,0,0,496.8,525.6
0,0,0,0,0,508.8,464.4
0,0,0,0,0,508.8,480
0,0,0,0,0,510,495.6
0,0,0,0,0,511.2,511.2
0,0,0,0,0,512.4,526.8
