-0.5,-0.5,0,0,0,190.5,301.5
-0.5,0,0,0,0,135,320
-0.5,0,0,0,0,135,338
-0.5,0,0,0,0,135,356.5
-0.5,0,0,0,0,135,375
-0.5,0,0,0,0,135,393.5
-0.5,0,0,0,0,153.5,320
-0.5,0,0,0,0,153.5,338
-0.5,0,0,0,0,153.5,356.5
-0.5,0,0,0,0,153.5,375
-0.5,0,0,0,0,153.5,393.5
-0.5,0,0,0,0,172,320
-0.5,0,0,0,0,172,338
-0.5,0,0,0,0,172,356.5
-0.5,0,0,0,0,172,375
-0.5,0,0,0,0,172,393.5
-0.5,0,0,0,0,190.5,320
-0.5,0,0,0,0,190.5,338
-0.5,0,0,0,0,190.5,356.5
-0.5,0,0,0,0,190.5,375
-0.5,0,0,0,0,190.5,393.5
-0.5,0,0,0,0,135,412
-0.5,0,0,0,0,135,430.5
-0.5,0,0,0,0,135,449
-0.5,0,0,0,0,135,467.5
-0.5,0,0,0,0,135,486
-0.5,0,0,0,0,153.5,412
-0.5,0,0,0,0,153.5,430.5
-0.5,0,0,0,0,153.5,449
-0.5,0,0,0,0,153.5,467.5
-0.5,0,0,0,0,153.5,486
-0.5,0,0,0,0,172,412
-0.5,0,0,0,0,172,430.5
-0.5,0,0,0,0,172,449
-0.5,0,0,0,0,172,467.5
-0.5,0,0,0,0,172,486
-0.5,0,0,0,0,190.5,412
-0.5,0,0,0,0,190.5,430.5
-0.5,0,0,0,0,190.5,449
-0.5,0,0,0,0,190.5,467.5
-0.5,0,0,0,0,190.5,486
-0.5,0,0,0,0,135,504.5
-0.5,0,0,0,0,135,523
-0.5,0,0,0,0,135,541.5
-0.5,0,0,0,0,135,560
-0.5,0,0,0,0,135,578.5
-0.5,0,0,0,0,153.5,504.5
-0.5,0,0,0,0,153.5,523
-0.5,0,0,0,0,153.5,541.5
-0.5,0,0,0,0,153.5,560
-0.5,0,0,0,0,153.5,578.5
-0.5,0,0,0,0,172,504.5
-0.5,0,0,0,0,172,523
-0.5,0,0,0,0,172,541.5
-0.5,0,0,0,0,172,560
-0.5,0,0,0,0,172,578.5
-0.5,0,0,0,0,190.5,504.5
-0.5,0,0,0,0,190.5,523
-0.5,0,0,0,0,190.5,541.5
-0.5,0,0,0,0,190.5,560
-0.5,-0.5,0,0,0,283,301.5
-0.5,0,0,0,0,227.5,320
-0.5,0,0,0,0,227.5,338
-0.5,0,0,0,0,227.5,356.5
-0.5,0,0,0,0,227.5,375
-0.5,0,0,0,0,227.5,393.5
-0.5,0,0,0,0,246,320
-0.5,0,0,0,0,246,338
-0.5,0,0,0,0,246,356.5
-0.5,0,0,0,0,246,375
-0.5,0,0,0,0,246,393.5
-0.5,0,0,0,0,264.5,320
-0.5,0,0,0,0,264.5,338
-0.5,0,0,0,0,264.5,356.5
-0.5,0,0,0,0,264.5,375
-0.5,0,0,0,0,264.5,393.5
-0.5,0,0,0,0,283,320
-0.5,0,0,0,0,283,338
-0.5,0,0,0,0,283,356.5
-0.5,0,0,0,0,283,375
-0.5,0,0,0,0,283,393.5
-0.5,0,0,0,0,227.5,412
-0.5,0,0,0,0,227.5,430.5
-0.5,0,0,0,0,227.5,449
-0.5,0,0,0,0,227.5,467.5
-0.5,0,0,0,0,227.5,486
-0.5,0,0,0,0,246,412
-0.5,0,0,0,0,246,430.5
-0.5,0,0,0,0,246,449
-0.5,0,0,0,0,246,467.5
-0.5,0,0,0,0,246,486
-0.5,0,0,0,0,264.5,412
-0.5,0,0,0,0,264.5,430.5
-0.5,0,0,0,0,264.5,449
-0.5,0,0,0,0,264.5,467.5
-0.5,0,0,0,0,264.5,486
-0.5,0,0,0,0,283,412
-0.5,0,0,0,0,283,430.5
-0.5,0,0,0,0,283,449
-0.5,0,0,0,0,283,467.5
-0.5,0,0,0,0,283,486
-0.5,0,0,0,0,227.5,504.5
-0.5,0,0,0,0,227.5,523
-0.5,0,0,0,0,227.5,541.5
-0.5,0,0,0,0,227.5,560
-0.5,0,0,0,0,227.5,578.5
-0.5,0,0,0,0,246,504.5
-0.5,0,0,0,0,246,523
-0.5,0,0,0,0,246,541.5
-0.5,0,0,0,0,246,560
-0.5,0,0,0,0,246,578.5
-0.5,0,0,0,0,264.5,504.5
-0.5,0,0,0,0,264.5,523
-0.5,0,0,0,0,264.5,541.5
-0.5,0,0,0,0,264.5,560
-0.5,0,0,0,0,264.5,578.5
-0.5,0,0,0,0,283,504.5
-0.5,0,0,0,0,283,523
-0.5,0,0,0,0,283,541.5
-0.5,0,0,0,0,283,560
0,-0.5,0,0,0,375,301.5
0,0,0,0,0,320,320
0,0,0,0,0,320,338
0,0,0,0,0,320,356.5
0,0,0,0,0,320,375
0,0,0,0,0,320,393.5
0,0,0,0,0,338,320
0,0,0,0,0,338,338
0,0,0,0,0,338,356.5
0,0,0,0,0,338,375
0,0,0,0,0,338,393.5
0,0,0,0,0,356.5,320
0,0,0,0,0,356.5,338
0,0,0,0,0,356.5,356.5
0,0,0,0,0,356.5,375
0,0,0,0,0,356.5,393.5
0,0,0,0,0,375,320
0,0,0,0,0,375,338
0,0,0,0,0,375,356.5
0,0,0,0,0,375,375
0,0,0,0,0,375,393.5
0,0,0,0,0,320,412
0,0,0,0,0,320,430.5
0,0,0,0,0,320,449
0,0,0,0,0,320,467.5
0,0,0,0,0,320,486
0,0,0,0,0,338,412
0,0,0,0,0,338,430.5
0,0,0,0,0,338,449
0,0,0,0,0,338,467.5
0,0,0,0,0,338,486
0,0,0,0,0,356.5,412
0,0,0,0,0,356.5,430.5
0,0,0,0,0,356.5,449
0,0,0,0,0,356.5,467.5
0,0,0,0,0,356.5,486
0,0,0,0,0,375,412
0,0,0,0,0,375,430.5
0,0,0,0,0,375,449
0,0,0,0,0,375,467.5
0,0,0,0,0,375,486
0,0,0,0,0,320,504.5
0,0,0,0,0,320,523
0,0,0,0,0,320,541.5
0,0,0,0,0,320,560
0,0,0,0,0,320,578.5
0,0,0,0,0,338,504.5
0,0,0,0,0,338,523
0,0,0,0,0,338,541.5
0,0,0,0,0,338,560
0,0,0,0,0,338,578.5
0,0,0,0,0,356.5,504.5
0,0,0,0,0,356.5,523
0,0,0,0,0,356.5,541.5
0,0,0,0,0,356.5,560
0,0,0,0,0,356.5,578.5
0,0,0,0,0,375,504.5
0,0,0,0,0,375,523
0,0,0,0,0,375,541.5
0,0,0,0,0,375,560
0,-0.5,0,0,0,467.5,301.5
0,0,0,0,0,412,320
0,0,0,0,0,412,338
0,0,0,0,0,412,356.5
0,0,0,0,0,412,375
0,0,0,0,0,412,393.5
0,0,0,0,0,430.5,320
0,0,0,0,0,430.5,338
0,0,0,0,0,430.5,356.5
0,0,0,0,0,430.5,375
0,0,0,0,0,430.5,393.5
0,0,0,0,0,449,320
0,0,0,0,0,449,338
0,0,0,0,0,449,356.5
0,0,0,0,0,449,375
0,0,0,0,0,449,393.5
0,0,0,0,0,467.5,320
0,0,0,0,0,467.5,338
0,0,0,0,0,467.5,356.5
0,0,0,0,0,467.5,375
0,0,0,0,0,467.5,393.5
0,0,0,0,0,412,412
0,0,0,0,0,412,430.5
0,0,0,0,0,412,449
0,0,0,0,0,412,467.5
0,0,0,0,0,412,486
0,0,0,0,0,430.5,412
0,0,0,0,0,430.5,430.5
0,0,0,0,0,430.5,449
0,0,0,0,0,430.5,467.5
0,0,0,0,0,430.5,486
0,0,0,0,0,449,412
0,0,0,0,0,449,430.5
0,0,0,0,0,449,449
0,0,0,0,0,449,467.5
0,0,0,0,0,449,486
0,0,0,0,0,467.5,412
0,0,0,0,0,467.5,430.5
0,0,0,0,0,467.5,449
0,0,0,0,0,467.5,467.5
0,0,0,0,0,467.5,486
0,0,0,0,0,412,504.5
0,0,0,0,0,412,523
0,0,0,0,0,412,541.5
0,0,0,0,0,412,560
0,0,0,0,0,412,578.5
0,0,0,0,0,430.5,504.5
0,0,0,0,0,430.5,523
0,0,0,0,0,430.5,541.5
0,0,0,0,0,430.5,560
0,0,0,0,0,430.5,578.5
0,0,0,0,0,449,504.5
0,0,0,0,0,449,523
0,0,0,0,0,449,541.5
0,0,0,0,0,449,560
0,0,0,0,0,449,578.5
0,0,0,0,0,467.5,504.5
0,0,0,0,0,467.5,523
0,0,0,0,0,467.5,541.5
0,0,0,0,0,467.5,560
0,-0.5,0,0,0,560,301.5
0,0,0,0,0,504.5,320
0,0,0,0,0,504.5,338
0,0,0,0,0,504.5,356.5
0,0,0,0,0,504.5,375
0,0,0,0,0,504.5,393.5
0,0,0,0,0,523,320
0,0,0,0,0,523,338
0,0,0,0,0,523,356.5
0,0,0,0,0,523,375
0,0,0,0,0,523,393.5
0,0,0,0,0,541.5,320
0,0,0,0,0,541.5,338
0,0,0,0,0,541.5,356.5
0,0,0,0,0,541.5,375
0,0,0,0,0,541.5,393.5
0,0,0,0,0,560,320
0,0,0,0,0,560,338
0,0,0,0,0,560,356.5
0,0,0,0,0,560,375
0,0,0,0,0,560,393.5
0,0,0,0,0,504.5,412
0,0,0,0,0,504.5,430.5
0,0,0,0,0,504.5,449
0,0,0,0,0,504.5,467.5
0,0,0,0,0,504.5,486
0,0,0,0,0,523,412
0,0,0,0,0,523,430.5
0,0,0,0,0,523,449
0,0,0,0,0,523,467.5
0,0,0,0,0,523,486
0,0,0,0,0,541.5,412
0,0,0,0,0,541.5,430.5
0,0,0,0,0,541.5,449
0,0,0,0,0,541.5,467.5
0,0,0,0,0,541.5,486
0,0,0,0,0,560,412
0,0,0,0,0,560,430.5
0,0,0,0,0,560,449
0,0,0,0,0,560,467.5
0,0,0,0,0,560,486
0,0,0,0,0,504.5,504.5
0,0,0,0,0,504.5,523
0,0,0,0,0,504.5,541.5
0,0,0,0,0,504.5,560
0,0,0,0,0,504.5,578.5
0,0,0,0,0,523,504.5
0,0,0,0,0,523,523
0,0,0,0,0,523,541.5
0,0,0,0,0,523,560
0,0,0,0,0,523,578.5
0,0,0,0,0,541.5,504.5
0,0,0,0,0,541.5,523
0,0,0,0,0,541.5,541.5
0,0,0,0,0,541.5,560
0,0,0,0,0,541.5,578.5
0,0,0,0,0,560,504.5
0,0,0,0,0,560,523
0,0,0,0,0,560,541.5
0,0,0,0,0,560,560
-0.5,-0.5,0,0,0,194.5,302
-0.5,0,0,0,0,141,320
-0.5,0,0,0,0,141,337.5
-0.5,0,0,0,0,141,355.5
-0.5,0,0,0,0,141,373.5
-0.5,0,0,0,0,141,391.5
-0.5,0,0,0,0,159,320
-0.5,0,0,0,0,159,337.5
-0.5,0,0,0,0,159,355.5
-0.5,0,0,0,0,159,373.5
-0.5,0,0,0,0,159,391.5
-0.5,0,0,0,0,176.5,320
-0.5,0,0,0,0,176.5,337.5
-0.5,0,0,0,0,176.5,355.5
-0.5,0,0,0,0,176.5,373.5
-0.5,0,0,0,0,176.5,391.5
-0.5,0,0,0,0,194.5,320
-0.5,0,0,0,0,194.5,337.5
-0.5,0,0,0,0,194.5,355.5
-0.5,0,0,0,0,194.5,373.5
-0.5,0,0,0,0,194.5,391.5
-0.5,0,0,0,0,141,409
-0.5,0,0,0,0,141,427
-0.5,0,0,0,0,141,445
-0.5,0,0,0,0,141,463
-0.5,0,0,0,0,141,480.5
-0.5,0,0,0,0,159,409
-0.5,0,0,0,0,159,427
-0.5,0,0,0,0,159,445
-0.5,0,0,0,0,159,463
-0.5,0,0,0,0,159,480.5
-0.5,0,0,0,0,176.5,409
-0.5,0,0,0,0,176.5,427
-0.5,0,0,0,0,176.5,445
-0.5,0,0,0,0,176.5,463
-0.5,0,0,0,0,176.5,480.5
-0.5,0,0,0,0,194.5,409
-0.5,0,0,0,0,194.5,427
-0.5,0,0,0,0,194.5,445
-0.5,0,0,0,0,194.5,463
-0.5,0,0,0,0,194.5,480.5
-0.5,0,0,0,0,141,498.5
-0.5,0,0,0,0,141,516.5
-0.5,0,0,0,0,141,534.5
-0.5,0,0,0,0,141,552
-0.5,0,0,0,0,141,570
-0.5,0,0,0,0,159,498.5
-0.5,0,0,0,0,159,516.5
-0.5,0,0,0,0,159,534.5
-0.5,0,0,0,0,159,552
-0.5,0,0,0,0,159,570
-0.5,0,0,0,0,176.5,498.5
-0.5,0,0,0,0,176.5,516.5
-0.5,0,0,0,0,176.5,534.5
-0.5,0,0,0,0,176.5,552
-0.5,0,0,0,0,176.5,570
-0.5,0,0,0,0,194.5,498.5
-0.5,0,0,0,0,194.5,516.5
-0.5,0,0,0,0,194.5,534.5
-0.5,0,0,0,0,194.5,552
-0.5,-0.5,0,0,0,284,302
-0.5,0,0,0,0,230.5,320
-0.5,0,0,0,0,230.5,337.5
-0.5,0,0,0,0,230.5,355.5
-0.5,0,0,0,0,230.5,373.5
-0.5,0,0,0,0,230.5,391.5
-0.5,0,0,0,0,248,320
-0.5,0,0,0,0,248,337.5
-0.5,0,0,0,0,248,355.5
-0.5,0,0,0,0,248,373.5
-0.5,0,0,0,0,248,391.5
-0.5,0,0,0,0,266,320
-0.5,0,0,0,0,266,337.5
-0.5,0,0,0,0,266,355.5
-0.5,0,0,0,0,266,373.5
-0.5,0,0,0,0,266,391.5
-0.5,0,0,0,0,284,320
-0.5,0,0,0,0,284,337.5
-0.5,0,0,0,0,284,355.5
-0.5,0,0,0,0,284,373.5
-0.5,0,0,0,0,284,391.5
-0.5,0,0,0,0,230.5,409
-0.5,0,0,0,0,230.5,427
-0.5,0,0,0,0,230.5,445
-0.5,0,0,0,0,230.5,463
-0.5,0,0,0,0,230.5,480.5
-0.5,0,0,0,0,248,409
-0.5,0,0,0,0,248,427
-0.5,0,0,0,0,248,445
-0.5,0,0,0,0,248,463
-0.5,0,0,0,0,248,480.5
-0.5,0,0,0,0,266,409
-0.5,0,0,0,0,266,427
-0.5,0,0,0,0,266,445
-0.5,0,0,0,0,266,463
-0.5,0,0,0,0,266,480.5
-0.5,0,0,0,0,284,409
-0.5,0,0,0,0,284,427
-0.5,0,0,0,0,284,445
-0.5,0,0,0,0,284,463
-0.5,0,0,0,0,284,480.5
-0.5,0,0,0,0,230.5,498.5
-0.5,0,0,0,0,230.5,516.5
-0.5,0,0,0,0,230.5,534.5
-0.5,0,0,0,0,230.5,552
-0.5,0,0,0,0,230.5,570
-0.5,0,0,0,0,248,498.5
-0.5,0,0,0,0,248,516.5
-0.5,0,0,0,0,248,534.5
-0.5,0,0,0,0,248,552
-0.5,0,0,0,0,248,570
-0.5,0,0,0,0,266,498.5
-0.5,0,0,0,0,266,516.5
-0.5,0,0,0,0,266,534.5
-0.5,0,0,0,0,266,552
-0.5,0,0,0,0,266,570
-0.5,0,0,0,0,284,498.5
-0.5,0,0,0,0,284,516.5
-0.5,0,0,0,0,284,534.5
-0.5,0,0,0,0,284,552
0,-0.5,0,0,0,373.5,302
0,0,0,0,0,320,320
0,0,0,0,0,320,337.5
0,0,0,0,0,320,355.5
0,0,0,0,0,320,373.5
0,0,0,0,0,320,391.5
0,0,0,0,0,337.5,320
0,0,0,0,0,337.5,337.5
0,0,0,0,0,337.5,355.5
0,0,0,0,0,337.5,373.5
0,0,0,0,0,337.5,391.5
0,0,0,0,0,355.5,320
0,0,0,0,0,355.5,337.5
0,0,0,0,0,355.5,355.5
0,0,0,0,0,355.5,373.5
0,0,0,0,0,355.5,391.5
0,0,0,0,0,373.5,320
0,0,0,0,0,373.5,337.5
0,0,0,0,0,373.5,355.5
0,0,0,0,0,373.5,373.5
0,0,0,0,0,373.5,391.5
0,0,0,0,0,320,409
0,0,0,0,0,320,427
0,0,0,0,0,320,445
0,0,0,0,0,320,463
0,0,0,0,0,320,480.5
0,0,0,0,0,337.5,409
0,0,0,0,0,337.5,427
0,0,0,0,0,337.5,445
0,0,0,0,0,337.5,463
0,0,0,0,0,337.5,480.5
0,0,0,0,0,355.5,409
0,0,0,0,0,355.5,427
0,0,0,0,0,355.5,445
0,0,0,0,0,355.5,463
0,0,0,0,0,355.5,480.5
0,0,0,0,0,373.5,409
0,0,0,0,0,373.5,427
0,0,0,0,0,373.5,445
0,0,0,0,0,373.5,463
0,0,0,0,0,373.5,480.5
0,0,0,0,0,320,498.5
0,0,0,0,0,320,516.5
0,0,0,0,0,320,534.5
0,0,0,0,0,320,552
0,0,0,0,0,320,570
0,0,0,0,0,337.5,498.5
0,0,0,0,0,337.5,516.5
0,0,0,0,0,337.5,534.5
0,0,0,0,0,337.5,552
0,0,0,0,0,337.5,570
0,0,0,0,0,355.5,498.5
0,0,0,0,0,355.5,516.5
0,0,0,0,0,355.5,534.5
0,0,0,0,0,355.5,552
0,0,0,0,0,355.5,570
0,0,0,0,0,373.5,498.5
0,0,0,0,0,373.5,516.5
0,0,0,0,0,373.5,534.5
0,0,0,0,0,373.5,552
0,-0.5,0,0,0,463,302
0,0,0,0,0,409,320
0,0,0,0,0,409,337.5
0,0,0,0,0,409,355.5
0,0,0,0,0,409,373.5
0,0,0,0,0,409,391.5
0,0,0,0,0,427,320
0,0,0,0,0,427,337.5
0,0,0,0,0,427,355.5
0,0,0,0,0,427,373.5
0,0,0,0,0,427,391.5
0,0,0,0,0,445,320
0,0,0,0,0,445,337.5
0,0,0,0,0,445,355.5
0,0,0,0,0,445,373.5
0,0,0,0,0,445,391.5
0,0,0,0,0,463,320
0,0,0,0,0,463,337.5
0,0,0,0,0,463,355.5
0,0,0,0,0,463,373.5
0,0,0,0,0,463,391.5
0,0,0,0,0,409,409
0,0,0,0,0,409,427
0,0,0,0,0,409,445
0,0,0,0,0,409,463
0,0,0,0,0,409,480.5
0,0,0,0,0,427,409
0,0,0,0,0,427,427
0,0,0,0,0,427,445
0,0,0,0,0,427,463
0,0,0,0,0,427,480.5
0,0,0,0,0,445,409
0,0,0,0,0,445,427
0,0,0,0,0,445,445
0,0,0,0,0,445,463
0,0,0,0,0,445,480.5
0,0,0,0,0,463,409
0,0,0,0,0,463,427
0,0,0,0,0,463,445
0,0,0,0,0,463,463
0,0,0,0,0,463,480.5
0,0,0,0,0,409,498.5
0,0,0,0,0,409,516.5
0,0,0,0,0,409,534.5
0,0,0,0,0,409,552
0,0,0,0,0,409,570
0,0,0,0,0,427,498.5
0,0,0,0,0,427,516.5
0,0,0,0,0,427,534.5
0,0,0,0,0,427,552
0,0,0,0,0,427,570
0,0,0,0,0,445,498.5
0,0,0,0,0,445,516.5
0,0,0,0,0,445,534.5
0,0,0,0,0,445,552
0,0,0,0,0,445,570
0,0,0,0,0,463,498.5
0,0,0,0,0,463,516.5
0,0,0,0,0,463,534.5
0,0,0,0,0,463,552
0,-0.5,0,0,0,552,302
0,0,0,0,0,498.5,320
0,0,0,0,0,498.5,337.5
0,0,0,0,0,498.5,355.5
0,0,0,0,0,498.5,373.5
0,0,0,0,0,498.5,391.5
0,0,0,0,0,516.5,320
0,0,0,0,0,516.5,337.5
0,0,0,0,0,516.5,355.5
0,0,0,0,0,516.5,373.5
0,0,0,0,0,516.5,391.5
0,0,0,0,0,534.5,320
0,0,0,0,0,534.5,337.5
0,0,0,0,0,534.5,355.5
0,0,0,0,0,534.5,373.5
0,0,0,0,0,534.5,391.5
0,0,0,0,0,552,320
0,0,0,0,0,552,337.5
0,0,0,0,0,552,355.5
0,0,0,0,0,552,373.5
0,0,0,0,0,552,391.5
0,0,0,0,0,498.5,409
0,0,0,0,0,498.5,427
0,0,0,0,0,498.5,445
0,0,0,0,0,498.5,463
0,0,0,0,0,498.5,480.5
0,0,0,0,0,516.5,409
0,0,0,0,0,516.5,427
0,0,0,0,0,516.5,445
0,0,0,0,0,516.5,463
0,0,0,0,0,516.5,480.5
0,0,0,0,0,534.5,409
0,0,0,0,0,534.5,427
0,0,0,0,0,534.5,445
0,0,0,0,0,534.5,463
0,0,0,0,0,534.5,480.5
0,0,0,0,0,552,409
0,0,0,0,0,552,427
0,0,0,0,0,552,445
0,0,0,0,0,552,463
0,0,0,0,0,552,480.5
0,0,0,0,0,498.5,498.5
0,0,0,0,0,498.5,516.5
0,0,0,0,0,498.5,534.5
0,0,0,0,0,498.5,552
0,0,0,0,0,498.5,570
0,0,0,0,0,516.5,498.5
0,0,0,0,0,516.5,516.5
0,0,0,0,0,516.5,534.5
0,0,0,0,0,516.5,552
0,0,0,0,0,516.5,570
0,0,0,0,0,534.5,498.5
0,0,0,0,0,534.5,516.5
0,0,0,0,0,534.5,534.5
0,0,0,0,0,534.5,552
0,0,0,0,0,534.5,570
0,0,0,0,0,552,498.5
0,0,0,0,0,552,516.5
0,0,0,0,0,552,534.5
0,0,0,0,0,552,552
-0.5,-0.5,0,0,0,198.5,302.5
-0.5,0,0,0,0,146.5,320
-0.5,0,0,0,0,146.5,337
-0.5,0,0,0,0,146.5,354.5
-0.5,0,0,0,0,146.5,371.5
-0.5,0,0,0,0,146.5,389
-0.5,0,0,0,0,164,320
-0.5,0,0,0,0,164,337
-0.5,0,0,0,0,164,354.5
-0.5,0,0,0,0,164,371.5
-0.5,0,0,0,0,164,389
-0.5,0,0,0,0,181,320
-0.5,0,0,0,0,181,337
-0.5,0,0,0,0,181,354.5
-0.5,0,0,0,0,181,371.5
-0.5,0,0,0,0,181,389
-0.5,0,0,0,0,198.5,320
-0.5,0,0,0,0,198.5,337
-0.5,0,0,0,0,198.5,354.5
-0.5,0,0,0,0,198.5,371.5
-0.5,0,0,0,0,198.5,389
-0.5,0,0,0,0,146.5,406.5
-0.5,0,0,0,0,146.5,423.5
-0.5,0,0,0,0,146.5,441
-0.5,0,0,0,0,146.5,458.5
-0.5,0,0,0,0,146.5,475.5
-0.5,0,0,0,0,164,406.5
-0.5,0,0,0,0,164,423.5
-0.5,0,0,0,0,164,441
-0.5,0,0,0,0,164,458.5
-0.5,0,0,0,0,164,475.5
-0.5,0,0,0,0,181,406.5
-0.5,0,0,0,0,181,423.5
-0.5,0,0,0,0,181,441
-0.5,0,0,0,0,181,458.5
-0.5,0,0,0,0,181,475.5
-0.5,0,0,0,0,198.5,406.5
-0.5,0,0,0,0,198.5,423.5
-0.5,0,0,0,0,198.5,441
-0.5,0,0,0,0,198.5,458.5
-0.5,0,0,0,0,198.5,475.5
-0.5,0,0,0,0,146.5,493
-0.5,0,0,0,0,146.5,510.5
-0.5,0,0,0,0,146.5,527.5
-0.5,0,0,0,0,146.5,545
-0.5,0,0,0,0,146.5,562
-0.5,0,0,0,0,164,493
-0.5,0,0,0,0,164,510.5
-0.5,0,0,0,0,164,527.5
-0.5,0,0,0,0,164,545
-0.5,0,0,0,0,164,562
-0.5,0,0,0,0,181,493
-0.5,0,0,0,0,181,510.5
-0.5,0,0,0,0,181,527.5
-0.5,0,0,0,0,181,545
-0.5,0,0,0,0,181,562
-0.5,0,0,0,0,198.5,493
-0.5,0,0,0,0,198.5,510.5
-0.5,0,0,0,0,198.5,527.5
-0.5,0,0,0,0,198.5,545
-0.5,-0.5,0,0,0,285,302.5
-0.5,0,0,0,0,233,320
-0.5,0,0,0,0,233,337
-0.5,0,0,0,0,233,354.5
-0.5,0,0,0,0,233,371.5
-0.5,0,0,0,0,233,389
-0.5,0,0,0,0,250.5,320
-0.5,0,0,0,0,250.5,337
-0.5,0,0,0,0,250.5,354.5
-0.5,0,0,0,0,250.5,371.5
-0.5,0,0,0,0,250.5,389
-0.5,0,0,0,0,268,320
-0.5,0,0,0,0,268,337
-0.5,0,0,0,0,268,354.5
-0.5,0,0,0,0,268,371.5
-0.5,0,0,0,0,268,389
-0.5,0,0,0,0,285,320
-0.5,0,0,0,0,285,337
-0.5,0,0,0,0,285,354.5
-0.5,0,0,0,0,285,371.5
-0.5,0,0,0,0,285,389
-0.5,0,0,0,0,233,406.5
-0.5,0,0,0,0,233,423.5
-0.5,0,0,0,0,233,441
-0.5,0,0,0,0,233,458.5
-0.5,0,0,0,0,233,475.5
-0.5,0,0,0,0,250.5,406.5
-0.5,0,0,0,0,250.5,423.5
-0.5,0,0,0,0,250.5,441
-0.5,0,0,0,0,250.5,458.5
-0.5,0,0,0,0,250.5,475.5
-0.5,0,0,0,0,268,406.5
-0.5,0,0,0,0,268,423.5
-0.5,0,0,0,0,268,441
-0.5,0,0,0,0,268,458.5
-0.5,0,0,0,0,268,475.5
-0.5,0,0,0,0,285,406.5
-0.5,0,0,0,0,285,423.5
-0.5,0,0,0,0,285,441
-0.5,0,0,0,0,285,458.5
-0.5,0,0,0,0,285,475.5
-0.5,0,0,0,0,233,493
-0.5,0,0,0,0,233,510.5
-0.5,0,0,0,0,233,527.5
-0.5,0,0,0,0,233,545
-0.5,0,0,0,0,233,562
-0.5,0,0,0,0,250.5,493
-0.5,0,0,0,0,250.5,510.5
-0.5,0,0,0,0,250.5,527.5
-0.5,0,0,0,0,250.5,545
-0.5,0,0,0,0,250.5,562
-0.5,0,0,0,0,268,493
-0.5,0,0,0,0,268,510.5
-0.5,0,0,0,0,268,527.5
-0.5,0,0,0,0,268,545
-0.5,0,0,0,0,268,562
-0.5,0,0,0,0,285,493
-0.5,0,0,0,0,285,510.5
-0.5,0,0,0,0,285,527.5
-0.5,0,0,0,0,285,545
0,-0.5,0,0,0,371.5,302.5
0,0,0,0,0,320,320
0,0,0,0,0,320,337
0,0,0,0,0,320,354.5
0,0,0,0,0,320,371.5
0,0,0,0,0,320,389
0,0,0,0,0,337,320
0,0,0,0,0,337,337
0,0,0,0,0,337,354.5
0,0,0,0,0,337,371.5
0,0,0,0,0,337,389
0,0,0,0,0,354.5,320
0,0,0,0,0,354.5,337
0,0,0,0,0,354.5,354.5
0,0,0,0,0,354.5,371.5
0,0,0,0,0,354.5,389
0,0,0,0,0,371.5,320
0,0,0,0,0,371.5,337
0,0,0,0,0,371.5,354.5
0,0,0,0,0,371.5,371.5
0,0,0,0,0,371.5,389
0,0,0,0,0,320,406.5
0,0,0,0,0,320,423.5
0,0,0,0,0,320,441
0,0,0,0,0,320,458.5
0,0,0,0,0,320,475.5
0,0,0,0,0,337,406.5
0,0,0,0,0,337,423.5
0,0,0,0,0,337,441
0,0,0,0,0,337,458.5
0,0,0,0,0,337,475.5
0,0,0,0,0,354.5,406.5
0,0,0,0,0,354.5,423.5
0,0,0,0,0,354.5,441
0,0,0,0,0,354.5,458.5
0,0,0,0,0,354.5,475.5
0,0,0,0,0,371.5,406.5
0,0,0,0,0,371.5,423.5
0,0,0,0,0,371.5,441
0,0,0,0,0,371.5,458.5
0,0,0,0,0,371.5,475.5
0,0,0,0,0,320,493
0,0,0,0,0,320,510.5
0,0,0,0,0,320,527.5
0,0,0,0,0,320,545
0,0,0,0,0,320,562
0,0,0,0,0,337,493
0,0,0,0,0,337,510.5
0,0,0,0,0,337,527.5
0,0,0,0,0,337,545
0,0,0,0,0,337,562
0,0,0,0,0,354.5,493
0,0,0,0,0,354.5,510.5
0,0,0,0,0,354.5,527.5
0,0,0,0,0,354.5,545
0,0,0,0,0,354.5,562
0,0,0,0,0,371.5,493
0,0,0,0,0,371.5,510.5
0,0,0,0,0,371.5,527.5
0,0,0,0,0,371.5,545
0,-0.5,0,0,0,458.5,302.5
0,0,0,0,0,406.5,320
0,0,0,0,0,406.5,337
0,0,0,0,0,406.5,354.5
0,0,0,0,0,406.5,371.5
0,0,0,0,0,406.5,389
0,0,0,0,0,423.5,320
0,0,0,0,0,423.5,337
0,0,0,0,0,423.5,354.5
0,0,0,0,0,423.5,371.5
0,0,0,0,0,423.5,389
0,0,0,0,0,441,320
0,0,0,0,0,441,337
0,0,0,0,0,441,354.5
0,0,0,0,0,441,371.5
0,0,0,0,0,441,389
0,0,0,0,0,458.5,320
0,0,0,0,0,458.5,337
0,0,0,0,0,458.5,354.5
0,0,0,0,0,458.5,371.5
0,0,0,0,0,458.5,389
0,0,0,0,0,406.5,406.5
0,0,0,0,0,406.5,423.5
0,0,0,0,0,406.5,441
0,0,0,0,0,406.5,458.5
0,0,0,0,0,406.5,475.5
0,0,0,0,0,423.5,406.5
0,0,0,0,0,423.5,423.5
0,0,0,0,0,423.5,441
0,0,0,0,0,423.5,458.5
0,0,0,0,0,423.5,475.5
0,0,0,0,0,441,406.5
0,0,0,0,0,441,423.5
0,0,0,0,0,441,441
0,0,0,0,0,441,458.5
0,0,0,0,0,441,475.5
0,0,0,0,0,458.5,406.5
0,0,0,0,0,458.5,423.5
0,0,0,0,0,458.5,441
0,0,0,0,0,458.5,458.5
0,0,0,0,0,458.5,475.5
0,0,0,0,0,406.5,493
0,0,0,0,0,406.5,510.5
0,0,0,0,0,406.5,527.5
0,0,0,0,0,406.5,545
0,0,0,0,0,406.5,562
0,0,0,0,0,423.5,493
0,0,0,0,0,423.5,510.5
0,0,0,0,0,423.5,527.5
0,0,0,0,0,423.5,545
0,0,0,0,0,423.5,562
0,0,0,0,0,441,493
0,0,0,0,0,441,510.5
0,0,0,0,0,441,527.5
0,0,0,0,0,441,545
0,0,0,0,0,441,562
0,0,0,0,0,458.5,493
0,0,0,0,0,458.5,510.5
0,0,0,0,0,458.5,527.5
0,0,0,0,0,458.5,545
0,-0.5,0,0,0,545,302.5
0,0,0,0,0,493,320
0,0,0,0,0,493,337
0,0,0,0,0,493,354.5
0,0,0,0,0,493,371.5
0,0,0,0,0,493,389
0,0,0,0,0,510.5,320
0,0,0,0,0,510.5,337
0,0,0,0,0,510.5,354.5
0,0,0,0,0,510.5,371.5
0,0,0,0,0,510.5,389
0,0,0,0,0,527.5,320
0,0,0,0,0,527.5,337
0,0,0,0,0,527.5,354.5
0,0,0,0,0,527.5,371.5
0,0,0,0,0,527.5,389
0,0,0,0,0,545,320
0,0,0,0,0,545,337
0,0,0,0,0,545,354.5
0,0,0,0,0,545,371.5
0,0,0,0,0,545,389
0,0,0,0,0,493,406.5
0,0,0,0,0,493,423.5
0,0,0,0,0,493,441
0,0,0,0,0,493,458.5
0,0,0,0,0,493,475.5
0,0,0,0,0,510.5,406.5
0,0,0,0,0,510.5,423.5
0,0,0,0,0,510.5,441
0,0,0,0,0,510.5,458.5
0,0,0,0,0,510.5,475.5
0,0,0,0,0,527.5,406.5
0,0,0,0,0,527.5,423.5
0,0,0,0,0,527.5,441
0,0,0,0,0,527.5,458.5
0,0,0,0,0,527.5,475.5
0,0,0,0,0,545,406.5
0,0,0,0,0,545,423.5
0,0,0,0,0,545,441
0,0,0,0,0,545,458.5
0,0,0,0,0,545,475.5
0,0,0,0,0,493,493
0,0,0,0,0,493,510.5
0,0,0,0,0,493,527.5
0,0,0,0,0,493,545
0,0,0,0,0,493,562
0,0,0,0,0,510.5,493
0,0,0,0,0,510.5,510.5
0,0,0,0,0,510.5,527.5
0,0,0,0,0,510.5,545
0,0,0,0,0,510.5,562
0,0,0,0,0,527.5,493
0,0,0,0,0,527.5,510.5
0,0,0,0,0,527.5,527.5
0,0,0,0,0,527.5,545
0,0,0,0,0,527.5,562
0,0,0,0,0,545,493
0,0,0,0,0,545,510.5
0,0,0,0,0,545,527.5
0,0,0,0,0,545,545
-0.5,-0.5,0,0,0,202,303
-0.5,0,0,0,0,152,320
-0.5,0,0,0,0,152,336.5
-0.5,0,0,0,0,152,353.5
-0.5,0,0,0,0,152,370
-0.5,0,0,0,0,152,387
-0.5,0,0,0,0,168.5,320
-0.5,0,0,0,0,168.5,336.5
-0.5,0,0,0,0,168.5,353.5
-0.5,0,0,0,0,168.5,370
-0.5,0,0,0,0,168.5,387
-0.5,0,0,0,0,185.5,320
-0.5,0,0,0,0,185.5,336.5
-0.5,0,0,0,0,185.5,353.5
-0.5,0,0,0,0,185.5,370
-0.5,0,0,0,0,185.5,387
-0.5,0,0,0,0,202,320
-0.5,0,0,0,0,202,336.5
-0.5,0,0,0,0,202,353.5
-0.5,0,0,0,0,202,370
-0.5,0,0,0,0,202,387
-0.5,0,0,0,0,152,403.5
-0.5,0,0,0,0,152,420.5
-0.5,0,0,0,0,152,437.5
-0.5,0,0,0,0,152,454
-0.5,0,0,0,0,152,471
-0.5,0,0,0,0,168.5,403.5
-0.5,0,0,0,0,168.5,420.5
-0.5,0,0,0,0,168.5,437.5
-0.5,0,0,0,0,168.5,454
-0.5,0,0,0,0,168.5,471
-0.5,0,0,0,0,185.5,403.5
-0.5,0,0,0,0,185.5,420.5
-0.5,0,0,0,0,185.5,437.5
-0.5,0,0,0,0,185.5,454
-0.5,0,0,0,0,185.5,471
-0.5,0,0,0,0,202,403.5
-0.5,0,0,0,0,202,420.5
-0.5,0,0,0,0,202,437.5
-0.5,0,0,0,0,202,454
-0.5,0,0,0,0,202,471
-0.5,0,0,0,0,152,487.5
-0.5,0,0,0,0,152,504.5
-0.5,0,0,0,0,152,521.5
-0.5,0,0,0,0,152,538
-0.5,0,0,0,0,152,555
-0.5,0,0,0,0,168.5,487.5
-0.5,0,0,0,0,168.5,504.5
-0.5,0,0,0,0,168.5,521.5
-0.5,0,0,0,0,168.5,538
-0.5,0,0,0,0,168.5,555
-0.5,0,0,0,0,185.5,487.5
-0.5,0,0,0,0,185.5,504.5
-0.5,0,0,0,0,185.5,521.5
-0.5,0,0,0,0,185.5,538
-0.5,0,0,0,0,185.5,555
-0.5,0,0,0,0,202,487.5
-0.5,0,0,0,0,202,504.5
-0.5,0,0,0,0,202,521.5
-0.5,0,0,0,0,202,538
-0.5,-0.5,0,0,0,286,303
-0.5,0,0,0,0,236,320
-0.5,0,0,0,0,236,336.5
-0.5,0,0,0,0,236,353.5
-0.5,0,0,0,0,236,370
-0.5,0,0,0,0,236,387
-0.5,0,0,0,0,252.5,320
-0.5,0,0,0,0,252.5,336.5
-0.5,0,0,0,0,252.5,353.5
-0.5,0,0,0,0,252.5,370
-0.5,0,0,0,0,252.5,387
-0.5,0,0,0,0,269.5,320
-0.5,0,0,0,0,269.5,336.5
-0.5,0,0,0,0,269.5,353.5
-0.5,0,0,0,0,269.5,370
-0.5,0,0,0,0,269.5,387
-0.5,0,0,0,0,286,320
-0.5,0,0,0,0,286,336.5
-0.5,0,0,0,0,286,353.5
-0.5,0,0,0,0,286,370
-0.5,0,0,0,0,286,387
-0.5,0,0,0,0,236,403.5
-0.5,0,0,0,0,236,420.5
-0.5,0,0,0,0,236,437.5
-0.5,0,0,0,0,236,454
-0.5,0,0,0,0,236,471
-0.5,0,0,0,0,252.5,403.5
-0.5,0,0,0,0,252.5,420.5
-0.5,0,0,0,0,252.5,437.5
-0.5,0,0,0,0,252.5,454
-0.5,0,0,0,0,252.5,471
-0.5,0,0,0,0,269.5,403.5
-0.5,0,0,0,0,269.5,420.5
-0.5,0,0,0,0,269.5,437.5
-0.5,0,0,0,0,269.5,454
-0.5,0,0,0,0,269.5,471
-0.5,0,0,0,0,286,403.5
-0.5,0,0,0,0,286,420.5
-0.5,0,0,0,0,286,437.5
-0.5,0,0,0,0,286,454
-0.5,0,0,0,0,286,471
-0.5,0,0,0,0,236,487.5
-0.5,0,0,0,0,236,504.5
-0.5,0,0,0,0,236,521.5
-0.5,0,0,0,0,236,538
-0.5,0,0,0,0,236,555
-0.5,0,0,0,0,252.5,487.5
-0.5,0,0,0,0,252.5,504.5
-0.5,0,0,0,0,252.5,521.5
-0.5,0,0,0,0,252.5,538
-0.5,0,0,0,0,252.5,555
-0.5,0,0,0,0,269.5,487.5
-0.5,0,0,0,0,269.5,504.5
-0.5,0,0,0,0,269.5,521.5
-0.5,0,0,0,0,269.5,538
-0.5,0,0,0,0,269.5,555
-0.5,0,0,0,0,286,487.5
-0.5,0,0,0,0,286,504.5
-0.5,0,0,0,0,286,521.5
-0.5,0,0,0,0,286,538
0,-0.5,0,0,0,370,303
0,0,0,0,0,320,320
0,0,0,0,0,320,336.5
0,0,0,0,0,320,353.5
0,0,0,0,0,320,370
0,0,0,0,0,320,387
0,0,0,0,0,336.5,320
0,0,0,0,0,336.5,336.5
0,0,0,0,0,336.5,353.5
0,0,0,0,0,336.5,370
0,0,0,0,0,336.5,387
0,0,0,0,0,353.5,320
0,0,0,0,0,353.5,336.5
0,0,0,0,0,353.5,353.5
0,0,0,0,0,353.5,370
0,0,0,0,0,353.5,387
0,0,0,0,0,370,320
0,0,0,0,0,370,336.5
0,0,0,0,0,370,353.5
0,0,0,0,0,370,370
0,0,0,0,0,370,387
0,0,0,0,0,320,403.5
0,0,0,0,0,320,420.5
0,0,0,0,0,320,437.5
0,0,0,0,0,320,454
0,0,0,0,0,320,471
0,0,0,0,0,336.5,403.5
0,0,0,0,0,336.5,420.5
0,0,0,0,0,336.5,437.5
0,0,0,0,0,336.5,454
0,0,0,0,0,336.5,471
0,0,0,0,0,353.5,403.5
0,0,0,0,0,353.5,420.5
0,0,0,0,0,353.5,437.5
0,0,0,0,0,353.5,454
0,0,0,0,0,353.5,471
0,0,0,0,0,370,403.5
0,0,0,0,0,370,420.5
0,0,0,0,0,370,437.5
0,0,0,0,0,370,454
0,0,0,0,0,370,471
0,0,0,0,0,320,487.5
0,0,0,0,0,320,504.5
0,0,0,0,0,320,521.5
0,0,0,0,0,320,538
0,0,0,0,0,320,555
0,0,0,0,0,336.5,487.5
0,0,0,0,0,336.5,504.5
0,0,0,0,0,336.5,521.5
0,0,0,0,0,336.5,538
0,0,0,0,0,336.5,555
0,0,0,0,0,353.5,487.5
0,0,0,0,0,353.5,504.5
0,0,0,0,0,353.5,521.5
0,0,0,0,0,353.5,538
0,0,0,0,0,353.5,555
0,0,0,0,0,370,487.5
0,0,0,0,0,370,504.5
0,0,0,0,0,370,521.5
0,0,0,0,0,370,538
0,-0.5,0,0,0,454,303
0,0,0,0,0,403.5,320
0,0,0,0,0,403.5,336.5
0,0,0,0,0,403.5,353.5
0,0,0,0,0,403.5,370
0,0,0,0,0,403.5,387
0,0,0,0,0,420.5,320
0,0,0,0,0,420.5,336.5
0,0,0,0,0,420.5,353.5
0,0,0,0,0,420.5,370
0,0,0,0,0,420.5,387
0,0,0,0,0,437.5,320
0,0,0,0,0,437.5,336.5
0,0,0,0,0,437.5,353.5
0,0,0,0,0,437.5,370
0,0,0,0,0,437.5,387
0,0,0,0,0,454,320
0,0,0,0,0,454,336.5
0,0,0,0,0,454,353.5
0,0,0,0,0,454,370
0,0,0,0,0,454,387
0,0,0,0,0,403.5,403.5
0,0,0,0,0,403.5,420.5
0,0,0,0,0,403.5,437.5
0,0,0,0,0,403.5,454
0,0,0,0,0,403.5,471
0,0,0,0,0,420.5,403.5
0,0,0,0,0,420.5,420.5
0,0,0,0,0,420.5,437.5
0,0,0,0,0,420.5,454
0,0,0,0,0,420.5,471
0,0,0,0,0,437.5,403.5
0,0,0,0,0,437.5,420.5
0,0,0,0,0,437.5,437.5
0,0,0,0,0,437.5,454
0,0,0,0,0,437.5,471
0,0,0,0,0,454,403.5
0,0,0,0,0,454,420.5
0,0,0,0,0,454,437.5
0,0,0,0,0,454,454
0,0,0,0,0,454,471
0,0,0,0,0,403.5,487.5
0,0,0,0,0,403.5,504.5
0,0,0,0,0,403.5,521.5
0,0,0,0,0,403.5,538
0,0,0,0,0,403.5,555
0,0,0,0,0,420.5,487.5
0,0,0,0,0,420.5,504.5
0,0,0,0,0,420.5,521.5
0,0,0,0,0,420.5,538
0,0,0,0,0,420.5,555
0,0,0,0,0,437.5,487.5
0,0,0,0,0,437.5,504.5
0,0,0,0,0,437.5,521.5
0,0,0,0,0,437.5,538
0,0,0,0,0,437.5,555
0,0,0,0,0,454,487.5
0,0,0,0,0,454,504.5
0,0,0,0,0,454,521.5
0,0,0,0,0,454,538
0,-0.5,0,0,0,538,303
0,0,0,0,0,487.5,320
0,0,0,0,0,487.5,336.5
0,0,0,0,0,487.5,353.5
0,0,0,0,0,487.5,370
0,0,0,0,0,487.5,387
0,0,0,0,0,504.5,320
0,0,0,0,0,504.5,336.5
0,0,0,0,0,504.5,353.5
0,0,0,0,0,504.5,370
0,0,0,0,0,504.5,387
0,0,0,0,0,521.5,320
0,0,0,0,0,521.5,336.5
0,0,0,0,0,521.5,353.5
0,0,0,0,0,521.5,370
0,0,0,0,0,521.5,387
0,0,0,0,0,538,320
0,0,0,0,0,538,336.5
0,0,0,0,0,538,353.5
0,0,0,0,0,538,370
0,0,0,0,0,538,387
0,0,0,0,0,487.5,403.5
0,0,0,0,0,487.5,420.5
0,0,0,0,0,487.5,437.5
0,0,0,0,0,487.5,454
0,0,0,0,0,487.5,471
0,0,0,0,0,504.5,403.5
0,0,0,0,0,504.5,420.5
0,0,0,0,0,504.5,437.5
0,0,0,0,0,504.5,454
0,0,0,0,0,504.5,471
0,0,0,0,0,521.5,403.5
0,0,0,0,0,521.5,420.5
0,0,0,0,0,521.5,437.5
0,0,0,0,0,521.5,454
0,0,0,0,0,521.5,471
0,0,0,0,0,538,403.5
0,0,0,0,0,538,420.5
0,0,0,0,0,538,437.5
0,0,0,0,0,538,454
0,0,0,0,0,538,471
0,0,0,0,0,487.5,487.5
0,0,0,0,0,487.5,504.5
0,0,0,0,0,487.5,521.5
0,0,0,0,0,487.5,538
0,0,0,0,0,487.5,555
0,0,0,0,0,504.5,487.5
0,0,0,0,0,504.5,504.5
0,0,0,0,0,504.5,521.5
0,0,0,0,0,504.5,538
0,0,0,0,0,504.5,555
0,0,0,0,0,521.5,487.5
0,0,0,0,0,521.5,504.5
0,0,0,0,0,521.5,521.5
0,0,0,0,0,521.5,538
0,0,0,0,0,521.5,555
0,0,0,0,0,538,487.5
0,0,0,0,0,538,504.5
0,0,0,0,0,538,521.5
0,0,0,0,0,538,538
-0.5,-0.5,0,0,0,205.5,303.5
-0.5,0,0,0,0,156.5,320
-0.5,0,0,0,0,156.5,336
-0.5,0,0,0,0,156.5,352.5
-0.5,0,0,0,0,156.5,368.5
-0.5,0,0,0,0,156.5,385
-0.5,0,0,0,0,173,320
-0.5,0,0,0,0,173,336
-0.5,0,0,0,0,173,352.5
-0.5,0,0,0,0,173,368.5
-0.5,0,0,0,0,173,385
-0.5,0,0,0,0,189.5,320
-0.5,0,0,0,0,189.5,336
-0.5,0,0,0,0,189.5,352.5
-0.5,0,0,0,0,189.5,368.5
-0.5,0,0,0,0,189.5,385
-0.5,0,0,0,0,205.5,320
-0.5,0,0,0,0,205.5,336
-0.5,0,0,0,0,205.5,352.5
-0.5,0,0,0,0,205.5,368.5
-0.5,0,0,0,0,205.5,385
-0.5,0,0,0,0,156.5,401.5
-0.5,0,0,0,0,156.5,417.5
-0.5,0,0,0,0,156.5,434
-0.5,0,0,0,0,156.5,450
-0.5,0,0,0,0,156.5,466.5
-0.5,0,0,0,0,173,401.5
-0.5,0,0,0,0,173,417.5
-0.5,0,0,0,0,173,434
-0.5,0,0,0,0,173,450
-0.5,0,0,0,0,173,466.5
-0.5,0,0,0,0,189.5,401.5
-0.5,0,0,0,0,189.5,417.5
-0.5,0,0,0,0,189.5,434
-0.5,0,0,0,0,189.5,450
-0.5,0,0,0,0,189.5,466.5
-0.5,0,0,0,0,205.5,401.5
-0.5,0,0,0,0,205.5,417.5
-0.5,0,0,0,0,205.5,434
-0.5,0,0,0,0,205.5,450
-0.5,0,0,0,0,205.5,466.5
-0.5,0,0,0,0,156.5,483
-0.5,0,0,0,0,156.5,499
-0.5,0,0,0,0,156.5,515.5
-0.5,0,0,0,0,156.5,531.5
-0.5,0,0,0,0,156.5,548
-0.5,0,0,0,0,173,483
-0.5,0,0,0,0,173,499
-0.5,0,0,0,0,173,515.5
-0.5,0,0,0,0,173,531.5
-0.5,0,0,0,0,173,548
-0.5,0,0,0,0,189.5,483
-0.5,0,0,0,0,189.5,499
-0.5,0,0,0,0,189.5,515.5
-0.5,0,0,0,0,189.5,531.5
-0.5,0,0,0,0,189.5,548
-0.5,0,0,0,0,205.5,483
-0.5,0,0,0,0,205.5,499
-0.5,0,0,0,0,205.5,515.5
-0.5,0,0,0,0,205.5,531.5
-0.5,-0.5,0,0,0,287,303.5
-0.5,0,0,0,0,238,320
-0.5,0,0,0,0,238,336
-0.5,0,0,0,0,238,352.5
-0.5,0,0,0,0,238,368.5
-0.5,0,0,0,0,238,385
-0.5,0,0,0,0,254.5,320
-0.5,0,0,0,0,254.5,336
-0.5,0,0,0,0,254.5,352.5
-0.5,0,0,0,0,254.5,368.5
-0.5,0,0,0,0,254.5,385
-0.5,0,0,0,0,271,320
-0.5,0,0,0,0,271,336
-0.5,0,0,0,0,271,352.5
-0.5,0,0,0,0,271,368.5
-0.5,0,0,0,0,271,385
-0.5,0,0,0,0,287,320
-0.5,0,0,0,0,287,336
-0.5,0,0,0,0,287,352.5
-0.5,0,0,0,0,287,368.5
-0.5,0,0,0,0,287,385
-0.5,0,0,0,0,238,401.5
-0.5,0,0,0,0,238,417.5
-0.5,0,0,0,0,238,434
-0.5,0,0,0,0,238,450
-0.5,0,0,0,0,238,466.5
-0.5,0,0,0,0,254.5,401.5
-0.5,0,0,0,0,254.5,417.5
-0.5,0,0,0,0,254.5,434
-0.5,0,0,0,0,254.5,450
-0.5,0,0,0,0,254.5,466.5
-0.5,0,0,0,0,271,401.5
-0.5,0,0,0,0,271,417.5
-0.5,0,0,0,0,271,434
-0.5,0,0,0,0,271,450
-0.5,0,0,0,0,271,466.5
-0.5,0,0,0,0,287,401.5
-0.5,0,0,0,0,287,417.5
-0.5,0,0,0,0,287,434
-0.5,0,0,0,0,287,450
-0.5,0,0,0,0,287,466.5
-0.5,0,0,0,0,238,483
-0.5,0,0,0,0,238,499
-0.5,0,0,0,0,238,515.5
-0.5,0,0,0,0,238,531.5
-0.5,0,0,0,0,238,548
-0.5,0,0,0,0,254.5,483
-0.5,0,0,0,0,254.5,499
-0.5,0,0,0,0,254.5,515.5
-0.5,0,0,0,0,254.5,531.5
-0.5,0,0,0,0,254.5,548
-0.5,0,0,0,0,271,483
-0.5,0,0,0,0,271,499
-0.5,0,0,0,0,271,515.5
-0.5,0,0,0,0,271,531.5
-0.5,0,0,0,0,271,548
-0.5,0,0,0,0,287,483
-0.5,0,0,0,0,287,499
-0.5,0,0,0,0,287,515.5
-0.5,0,0,0,0,287,531.5
0,-0.5,0,0,0,368.5,303.5
0,0,0,0,0,320,320
0,0,0,0,0,320,336
0,0,0,0,0,320,352.5
0,0,0,0,0,320,368.5
0,0,0,0,0,320,385
0,0,0,0,0,336,320
0,0,0,0,0,336,336
0,0,0,0,0,336,352.5
0,0,0,0,0,336,368.5
0,0,0,0,0,336,385
0,0,0,0,0,352.5,320
0,0,0,0,0,352.5,336
0,0,0,0,0,352.5,352.5
0,0,0,0,0,352.5,368.5
0,0,0,0,0,352.5,385
0,0,0,0,0,368.5,320
0,0,0,0,0,368.5,336
0,0,0,0,0,368.5,352.5
0,0,0,0,0,368.5,368.5
0,0,0,0,0,368.5,385
0,0,0,0,0,320,401.5
0,0,0,0,0,320,417.5
0,0,0,0,0,320,434
0,0,0,0,0,320,450
0,0,0,0,0,320,466.5
0,0,0,0,0,336,401.5
0,0,0,0,0,336,417.5
0,0,0,0,0,336,434
0,0,0,0,0,336,450
0,0,0,0,0,336,466.5
0,0,0,0,0,352.5,401.5
0,0,0,0,0,352.5,417.5
0,0,0,0,0,352.5,434
0,0,0,0,0,352.5,450
0,0,0,0,0,352.5,466.5
0,0,0,0,0,368.5,401.5
0,0,0,0,0,368.5,417.5
0,0,0,0,0,368.5,434
0,0,0,0,0,368.5,450
0,0,0,0,0,368.5,466.5
0,0,0,0,0,320,483
0,0,0,0,0,320,499
0,0,0,0,0,320,515.5
0,0,0,0,0,320,531.5
0,0,0,0,0,320,548
0,0,0,0,0,336,483
0,0,0,0,0,336,499
0,0,0,0,0,336,515.5
0,0,0,0,0,336,531.5
0,0,0,0,0,336,548
0,0,0,0,0,352.5,483
0,0,0,0,0,352.5,499
0,0,0,0,0,352.5,515.5
0,0,0,0,0,352.5,531.5
0,0,0,0,0,352.5,548
0,0,0,0,0,368.5,483
0,0,0,0,0,368.5,499
0,0,0,0,0,368.5,515.5
0,0,0,0,0,368.5,531.5
0,-0.5,0,0,0,450,303.5
0,0,0,0,0,401.5,320
0,0,0,0,0,401.5,336
0,0,0,0,0,401.5,352.5
0,0,0,0,0,401.5,368.5
0,0,0,0,0,401.5,385
0,0,0,0,0,417.5,320
0,0,0,0,0,417.5,336
0,0,0,0,0,417.5,352.5
0,0,0,0,0,417.5,368.5
0,0,0,0,0,417.5,385
0,0,0,0,0,434,320
0,0,0,0,0,434,336
0,0,0,0,0,434,352.5
0,0,0,0,0,434,368.5
0,0,0,0,0,434,385
0,0,0,0,0,450,320
0,0,0,0,0,450,336
0,0,0,0,0,450,352.5
0,0,0,0,0,450,368.5
0,0,0,0,0,450,385
0,0,0,0,0,401.5,401.5
0,0,0,0,0,401.5,417.5
0,0,0,0,0,401.5,434
0,0,0,0,0,401.5,450
0,0,0,0,0,401.5,466.5
0,0,0,0,0,417.5,401.5
0,0,0,0,0,417.5,417.5
0,0,0,0,0,417.5,434
0,0,0,0,0,417.5,450
0,0,0,0,0,417.5,466.5
0,0,0,0,0,434,401.5
0,0,0,0,0,434,417.5
0,0,0,0,0,434,434
0,0,0,0,0,434,450
0,0,0,0,0,434,466.5
0,0,0,0,0,450,401.5
0,0,0,0,0,450,417.5
0,0,0,0,0,450,434
0,0,0,0,0,450,450
0,0,0,0,0,450,466.5
0,0,0,0,0,401.5,483
0,0,0,0,0,401.5,499
0,0,0,0,0,401.5,515.5
0,0,0,0,0,401.5,531.5
0,0,0,0,0,401.5,548
0,0,0,0,0,417.5,483
0,0,0,0,0,417.5,499
0,0,0,0,0,417.5,515.5
0,0,0,0,0,417.5,531.5
0,0,0,0,0,417.5,548
0,0,0,0,0,434,483
0,0,0,0,0,434,499
0,0,0,0,0,434,515.5
0,0,0,0,0,434,531.5
0,0,0,0,0,434,548
0,0,0,0,0,450,483
0,0,0,0,0,450,499
0,0,0,0,0,450,515.5
0,0,0,0,0,450,531.5
0,-0.5,0,0,0,531.5,303.5
0,0,0,0,0,483,320
0,0,0,0,0,483,336
0,0,0,0,0,483,352.5
0,0,0,0,0,483,368.5
0,0,0,0,0,483,385
0,0,0,0,0,499,320
0,0,0,0,0,499,336
0,0,0,0,0,499,352.5
0,0,0,0,0,499,368.5
0,0,0,0,0,499,385
0,0,0,0,0,515.5,320
0,0,0,0,0,515.5,336
0,0,0,0,0,515.5,352.5
0,0,0,0,0,515.5,368.5
0,0,0,0,0,515.5,385
0,0,0,0,0,531.5,320
0,0,0,0,0,531.5,336
0,0,0,0,0,531.5,352.5
0,0,0,0,0,531.5,368.5
0,0,0,0,0,531.5,385
0,0,0,0,0,483,401.5
0,0,0,0,0,483,417.5
0,0,0,0,0,483,434
0,0,0,0,0,483,450
0,0,0,0,0,483,466.5
0,0,0,0,0,499,401.5
0,0,0,0,0,499,417.5
0,0,0,0,0,499,434
0,0,0,0,0,499,450
0,0,0,0,0,499,466.5
0,0,0,0,0,515.5,401.5
0,0,0,0,0,515.5,417.5
0,0,0,0,0,515.5,434
0,0,0,0,0,515.5,450
0,0,0,0,0,515.5,466.5
0,0,0,0,0,531.5,401.5
0,0,0,0,0,531.5,417.5
0,0,0,0,0,531.5,434
0,0,0,0,0,531.5,450
0,0,0,0,0,531.5,466.5
0,0,0,0,0,483,483
0,0,0,0,0,483,499
0,0,0,0,0,483,515.5
0,0,0,0,0,483,531.5
0,0,0,0,0,483,548
0,0,0,0,0,499,483
0,0,0,0,0,499,499
0,0,0,0,0,499,515.5
0,0,0,0,0,499,531.5
0,0,0,0,0,499,548
0,0,0,0,0,515.5,483
0,0,0,0,0,515.5,499
0,0,0,0,0,515.5,515.5
0,0,0,0,0,515.5,531.5
0,0,0,0,0,515.5,548
0,0,0,0,0,531.5,483
0,0,0,0,0,531.5,499
0,0,0,0,0,531.5,515.5
0,0,0,0,0,531.5,531.5
-0.5,-0.5,0,0,0,209,304
-0.5,0,0,0,0,161.5,320
-0.5,0,0,0,0,161.5,335.5
-0.5,0,0,0,0,161.5,351.5
-0.5,0,0,0,0,161.5,367.5
-0.5,0,0,0,0,161.5,383
-0.5,0,0,0,0,177,320
-0.5,0,0,0,0,177,335.5
-0.5,0,0,0,0,177,351.5
-0.5,0,0,0,0,177,367.5
-0.5,0,0,0,0,177,383
-0.5,0,0,0,0,193,320
-0.5,0,0,0,0,193,335.5
-0.5,0,0,0,0,193,351.5
-0.5,0,0,0,0,193,367.5
-0.5,0,0,0,0,193,383
-0.5,0,0,0,0,209,320
-0.5,0,0,0,0,209,335.5
-0.5,0,0,0,0,209,351.5
-0.5,0,0,0,0,209,367.5
-0.5,0,0,0,0,209,383
-0.5,0,0,0,0,161.5,399
-0.5,0,0,0,0,161.5,415
-0.5,0,0,0,0,161.5,430.5
-0.5,0,0,0,0,161.5,446.5
-0.5,0,0,0,0,161.5,462.5
-0.5,0,0,0,0,177,399
-0.5,0,0,0,0,177,415
-0.5,0,0,0,0,177,430.5
-0.5,0,0,0,0,177,446.5
-0.5,0,0,0,0,177,462.5
-0.5,0,0,0,0,193,399
-0.5,0,0,0,0,193,415
-0.5,0,0,0,0,193,430.5
-0.5,0,0,0,0,193,446.5
-0.5,0,0,0,0,193,462.5
-0.5,0,0,0,0,209,399
-0.5,0,0,0,0,209,415
-0.5,0,0,0,0,209,430.5
-0.5,0,0,0,0,209,446.5
-0.5,0,0,0,0,209,462.5
-0.5,0,0,0,0,161.5,478
-0.5,0,0,0,0,161.5,494
-0.5,0,0,0,0,161.5,510
-0.5,0,0,0,0,161.5,525.5
-0.5,0,0,0,0,161.5,541.5
-0.5,0,0,0,0,177,478
-0.5,0,0,0,0,177,494
-0.5,0,0,0,0,177,510
-0.5,0,0,0,0,177,525.5
-0.5,0,0,0,0,177,541.5
-0.5,0,0,0,0,193,478
-0.5,0,0,0,0,193,494
-0.5,0,0,0,0,193,510
-0.5,0,0,0,0,193,525.5
-0.5,0,0,0,0,193,541.5
-0.5,0,0,0,0,209,478
-0.5,0,0,0,0,209,494
-0.5,0,0,0,0,209,510
-0.5,0,0,0,0,209,525.5
-0.5,-0.5,0,0,0,288,304
-0.5,0,0,0,0,240.5,320
-0.5,0,0,0,0,240.5,335.5
-0.5,0,0,0,0,240.5,351.5
-0.5,0,0,0,0,240.5,367.5
-0.5,0,0,0,0,240.5,383
-0.5,0,0,0,0,256.5,320
-0.5,0,0,0,0,256.5,335.5
-0.5,0,0,0,0,256.5,351.5
-0.5,0,0,0,0,256.5,367.5
-0.5,0,0,0,0,256.5,383
-0.5,0,0,0,0,272,320
-0.5,0,0,0,0,272,335.5
-0.5,0,0,0,0,272,351.5
-0.5,0,0,0,0,272,367.5
-0.5,0,0,0,0,272,383
-0.5,0,0,0,0,288,320
-0.5,0,0,0,0,288,335.5
-0.5,0,0,0,0,288,351.5
-0.5,0,0,0,0,288,367.5
-0.5,0,0,0,0,288,383
-0.5,0,0,0,0,240.5,399
-0.5,0,0,0,0,240.5,415
-0.5,0,0,0,0,240.5,430.5
-0.5,0,0,0,0,240.5,446.5
-0.5,0,0,0,0,240.5,462.5
-0.5,0,0,0,0,256.5,399
-0.5,0,0,0,0,256.5,415
-0.5,0,0,0,0,256.5,430.5
-0.5,0,0,0,0,256.5,446.5
-0.5,0,0,0,0,256.5,462.5
-0.5,0,0,0,0,272,399
-0.5,0,0,0,0,272,415
-0.5,0,0,0,0,272,430.5
-0.5,0,0,0,0,272,446.5
-0.5,0,0,0,0,272,462.5
-0.5,0,0,0,0,288,399
-0.5,0,0,0,0,288,415
-0.5,0,0,0,0,288,430.5
-0.5,0,0,0,0,288,446.5
-0.5,0,0,0,0,288,462.5
-0.5,0,0,0,0,240.5,478
-0.5,0,0,0,0,240.5,494
-0.5,0,0,0,0,240.5,510
-0.5,0,0,0,0,240.5,525.5
-0.5,0,0,0,0,240.5,541.5
-0.5,0,0,0,0,256.5,478
-0.5,0,0,0,0,256.5,494
-0.5,0,0,0,0,256.5,510
-0.5,0,0,0,0,256.5,525.5
-0.5,0,0,0,0,256.5,541.5
-0.5,0,0,0,0,272,478
-0.5,0,0,0,0,272,494
-0.5,0,0,0,0,272,510
-0.5,0,0,0,0,272,525.5
-0.5,0,0,0,0,272,541.5
-0.5,0,0,0,0,288,478
-0.5,0,0,0,0,288,494
-0.5,0,0,0,0,288,510
-0.5,0,0,0,0,288,525.5
0,-0.5,0,0,0,367.5,304
0,0,0,0,0,320,320
0,0,0,0,0,320,335.5
0,0,0,0,0,320,351.5
0,0,0,0,0,320,367.5
0,0,0,0,0,320,383
0,0,0,0,0,335.5,320
0,0,0,0,0,335.5,335.5
0,0,0,0,0,335.5,351.5
0,0,0,0,0,335.5,367.5
0,0,0,0,0,335.5,383
0,0,0,0,0,351.5,320
0,0,0,0,0,351.5,335.5
0,0,0,0,0,351.5,351.5
0,0,0,0,0,351.5,367.5
0,0,0,0,0,351.5,383
0,0,0,0,0,367.5,320
0,0,0,0,0,367.5,335.5
0,0,0,0,0,367.5,351.5
0,0,0,0,0,367.5,367.5
0,0,0,0,0,367.5,383
0,0,0,0,0,320,399
0,0,0,0,0,320,415
0,0,0,0,0,320,430.5
0,0,0,0,0,320,446.5
0,0,0,0,0,320,462.5
0,0,0,0,0,335.5,399
0,0,0,0,0,335.5,415
0,0,0,0,0,335.5,430.5
0,0,0,0,0,335.5,446.5
0,0,0,0,0,335.5,462.5
0,0,0,0,0,351.5,399
0,0,0,0,0,351.5,415
0,0,0,0,0,351.5,430.5
0,0,0,0,0,351.5,446.5
0,0,0,0,0,351.5,462.5
0,0,0,0,0,367.5,399
0,0,0,0,0,367.5,415
0,0,0,0,0,367.5,430.5
0,0,0,0,0,367.5,446.5
0,0,0,0,0,367.5,462.5
0,0,0,0,0,320,478
0,0,0,0,0,320,494
0,0,0,0,0,320,510
0,0,0,0,0,320,525.5
0,0,0,0,0,320,541.5
0,0,0,0,0,335.5,478
0,0,0,0,0,335.5,494
0,0,0,0,0,335.5,510
0,0,0,0,0,335.5,525.5
0,0,0,0,0,335.5,541.5
0,0,0,0,0,351.5,478
0,0,0,0,0,351.5,494
0,0,0,0,0,351.5,510
0,0,0,0,0,351.5,525.5
0,0,0,0,0,351.5,541.5
0,0,0,0,0,367.5,478
0,0,0,0,0,367.5,494
0,0,0,0,0,367.5,510
0,0,0,0,0,367.5,525.5
0,-0.5,0,0,0,446.5,304
0,0,0,0,0,399,320
0,0,0,0,0,399,335.5
0,0,0,0,0,399,351.5
0,0,0,0,0,399,367.5
0,0,0,0,0,399,383
0,0,0,0,0,415,320
0,0,0,0,0,415,335.5
0,0,0,0,0,415,351.5
0,0,0,0,0,415,367.5
0,0,0,0,0,415,383
0,0,0,0,0,430.5,320
0,0,0,0,0,430.5,335.5
0,0,0,0,0,430.5,351.5
0,0,0,0,0,430.5,367.5
0,0,0,0,0,430.5,383
0,0,0,0,0,446.5,320
0,0,0,0,0,446.5,335.5
0,0,0,0,0,446.5,351.5
0,0,0,0,0,446.5,367.5
0,0,0,0,0,446.5,383
0,0,0,0,0,399,399
0,0,0,0,0,399,415
0,0,0,0,0,399,430.5
0,0,0,0,0,399,446.5
0,0,0,0,0,399,462.5
0,0,0,0,0,415,399
0,0,0,0,0,415,415
0,0,0,0,0,415,430.5
0,0,0,0,0,415,446.5
0,0,0,0,0,415,462.5
0,0,0,0,0,430.5,399
0,0,0,0,0,430.5,415
0,0,0,0,0,430.5,430.5
0,0,0,0,0,430.5,446.5
0,0,0,0,0,430.5,462.5
0,0,0,0,0,446.5,399
0,0,0,0,0,446.5,415
0,0,0,0,0,446.5,430.5
0,0,0,0,0,446.5,446.5
0,0,0,0,0,446.5,462.5
0,0,0,0,0,399,478
0,0,0,0,0,399,494
0,0,0,0,0,399,510
0,0,0,0,0,399,525.5
0,0,0,0,0,399,541.5
0,0,0,0,0,415,478
0,0,0,0,0,415,494
0,0,0,0,0,415,510
0,0,0,0,0,415,525.5
0,0,0,0,0,415,541.5
0,0,0,0,0,430.5,478
0,0,0,0,0,430.5,494
0,0,0,0,0,430.5,510
0,0,0,0,0,430.5,525.5
0,0,0,0,0,430.5,541.5
0,0,0,0,0,446.5,478
0,0,0,0,0,446.5,494
0,0,0,0,0,446.5,510
0,0,0,0,0,446.5,525.5
0,-0.5,0,0,0,525.5,304
0,0,0,0,0,478,320
0,0,0,0,0,478,335.5
0,0,0,0,0,478,351.5
0,0,0,0,0,478,367.5
0,0,0,0,0,478,383
0,0,0,0,0,494,320
0,0,0,0,0,494,335.5
0,0,0,0,0,494,351.5
0,0,0,0,0,494,367.5
0,0,0,0,0,494,383
0,0,0,0,0,510,320
0,0,0,0,0,510,335.5
0,0,0,0,0,510,351.5
0,0,0,0,0,510,367.5
0,0,0,0,0,510,383
0,0,0,0,0,525.5,320
0,0,0,0,0,525.5,335.5
0,0,0,0,0,525.5,351.5
0,0,0,0,0,525.5,367.5
0,0,0,0,0,525.5,383
0,0,0,0,0,478,399
0,0,0,0,0,478,415
0,0,0,0,0,478,430.5
0,0,0,0,0,478,446.5
0,0,0,0,0,478,462.5
0,0,0,0,0,494,399
0,0,0,0,0,494,415
0,0,0,0,0,494,430.5
0,0,0,0,0,494,446.5
0,0,0,0,0,494,462.5
0,0,0,0,0,510,399
0,0,0,0,0,510,415
0,0,0,0,0,510,430.5
0,0,0,0,0,510,446.5
0,0,0,0,0,510,462.5
0,0,0,0,0,525.5,399
0,0,0,0,0,525.5,415
0,0,0,0,0,525.5,430.5
0,0,0,0,0,525.5,446.5
0,0,0,0,0,525.5,462.5
0,0,0,0,0,478,478
0,0,0,0,0,478,494
0,0,0,0,0,478,510
0,0,0,0,0,478,525.5
0,0,0,0,0,478,541.5
0,0,0,0,0,494,478
0,0,0,0,0,494,494
0,0,0,0,0,494,510
0,0,0,0,0,494,525.5
0,0,0,0,0,494,541.5
0,0,0,0,0,510,478
0,0,0,0,0,510,494
0,0,0,0,0,510,510
0,0,0,0,0,510,525.5
0,0,0,0,0,510,541.5
0,0,0,0,0,525.5,478
0,0,0,0,0,525.5,494
0,0,0,0,0,525.5,510
0,0,0,0,0,525.5,525.5
-0.5,-0.5,0,0,0,212,304.5
-0.5,0,0,0,0,166,320
-0.5,0,0,0,0,166,335
-0.5,0,0,0,0,166,350.5
-0.5,0,0,0,0,166,366
-0.5,0,0,0,0,166,381.5
-0.5,0,0,0,0,181,320
-0.5,0,0,0,0,181,335
-0.5,0,0,0,0,181,350.5
-0.5,0,0,0,0,181,366
-0.5,0,0,0,0,181,381.5
-0.5,0,0,0,0,196.5,320
-0.5,0,0,0,0,196.5,335
-0.5,0,0,0,0,196.5,350.5
-0.5,0,0,0,0,196.5,366
-0.5,0,0,0,0,196.5,381.5
-0.5,0,0,0,0,212,320
-0.5,0,0,0,0,212,335
-0.5,0,0,0,0,212,350.5
-0.5,0,0,0,0,212,366
-0.5,0,0,0,0,212,381.5
-0.5,0,0,0,0,166,396.5
-0.5,0,0,0,0,166,412
-0.5,0,0,0,0,166,427.5
-0.5,0,0,0,0,166,443
-0.5,0,0,0,0,166,458.5
-0.5,0,0,0,0,181,396.5
-0.5,0,0,0,0,181,412
-0.5,0,0,0,0,181,427.5
-0.5,0,0,0,0,181,443
-0.5,0,0,0,0,181,458.5
-0.5,0,0,0,0,196.5,396.5
-0.5,0,0,0,0,196.5,412
-0.5,0,0,0,0,196.5,427.5
-0.5,0,0,0,0,196.5,443
-0.5,0,0,0,0,196.5,458.5
-0.5,0,0,0,0,212,396.5
-0.5,0,0,0,0,212,412
-0.5,0,0,0,0,212,427.5
-0.5,0,0,0,0,212,443
-0.5,0,0,0,0,212,458.5
-0.5,0,0,0,0,166,473.5
-0.5,0,0,0,0,166,489
-0.5,0,0,0,0,166,504.5
-0.5,0,0,0,0,166,520
-0.5,0,0,0,0,166,535.5
-0.5,0,0,0,0,181,473.5
-0.5,0,0,0,0,181,489
-0.5,0,0,0,0,181,504.5
-0.5,0,0,0,0,181,520
-0.5,0,0,0,0,181,535.5
-0.5,0,0,0,0,196.5,473.5
-0.5,0,0,0,0,196.5,489
-0.5,0,0,0,0,196.5,504.5
-0.5,0,0,0,0,196.5,520
-0.5,0,0,0,0,196.5,535.5
-0.5,0,0,0,0,212,473.5
-0.5,0,0,0,0,212,489
-0.5,0,0,0,0,212,504.5
-0.5,0,0,0,0,212,520
-0.5,-0.5,0,0,0,289,304.5
-0.5,0,0,0,0,243,320
-0.5,0,0,0,0,243,335
-0.5,0,0,0,0,243,350.5
-0.5,0,0,0,0,243,366
-0.5,0,0,0,0,243,381.5
-0.5,0,0,0,0,258,320
-0.5,0,0,0,0,258,335
-0.5,0,0,0,0,258,350.5
-0.5,0,0,0,0,258,366
-0.5,0,0,0,0,258,381.5
-0.5,0,0,0,0,273.5,320
-0.5,0,0,0,0,273.5,335
-0.5,0,0,0,0,273.5,350.5
-0.5,0,0,0,0,273.5,366
-0.5,0,0,0,0,273.5,381.5
-0.5,0,0,0,0,289,320
-0.5,0,0,0,0,289,335
-0.5,0,0,0,0,289,350.5
-0.5,0,0,0,0,289,366
-0.5,0,0,0,0,289,381.5
-0.5,0,0,0,0,243,396.5
-0.5,0,0,0,0,243,412
-0.5,0,0,0,0,243,427.5
-0.5,0,0,0,0,243,443
-0.5,0,0,0,0,243,458.5
-0.5,0,0,0,0,258,396.5
-0.5,0,0,0,0,258,412
-0.5,0,0,0,0,258,427.5
-0.5,0,0,0,0,258,443
-0.5,0,0,0,0,258,458.5
-0.5,0,0,0,0,273.5,396.5
-0.5,0,0,0,0,273.5,412
-0.5,0,0,0,0,273.5,427.5
-0.5,0,0,0,0,273.5,443
-0.5,0,0,0,0,273.5,458.5
-0.5,0,0,0,0,289,396.5
-0.5,0,0,0,0,289,412
-0.5,0,0,0,0,289,427.5
-0.5,0,0,0,0,289,443
-0.5,0,0,0,0,289,458.5
-0.5,0,0,0,0,243,473.5
-0.5,0,0,0,0,243,489
-0.5,0,0,0,0,243,504.5
-0.5,0,0,0,0,243,520
-0.5,0,0,0,0,243,535.5
-0.5,0,0,0,0,258,473.5
-0.5,0,0,0,0,258,489
-0.5,0,0,0,0,258,504.5
-0.5,0,0,0,0,258,520
-0.5,0,0,0,0,258,535.5
-0.5,0,0,0,0,273.5,473.5
-0.5,0,0,0,0,273.5,489
-0.5,0,0,0,0,273.5,504.5
-0.5,0,0,0,0,273.5,520
-0.5,0,0,0,0,273.5,535.5
-0.5,0,0,0,0,289,473.5
-0.5,0,0,0,0,289,489
-0.5,0,0,0,0,289,504.5
-0.5,0,0,0,0,289,520
0,-0.5,0,0,0,366,304.5
0,0,0,0,0,320,320
0,0,0,0,0,320,335
0,0,0,0,0,320,350.5
0,0,0,0,0,320,366
0,0,0,0,0,320,381.5
0,0,0,0,0,335,320
0,0,0,0,0,335,335
0,0,0,0,0,335,350.5
0,0,0,0,0,335,366
0,0,0,0,0,335,381.5
0,0,0,0,0,350.5,320
0,0,0,0,0,350.5,335
0,0,0,0,0,350.5,350.5
0,0,0,0,0,350.5,366
0,0,0,0,0,350.5,381.5
0,0,0,0,0,366,320
0,0,0,0,0,366,335
0,0,0,0,0,366,350.5
0,0,0,0,0,366,366
0,0,0,0,0,366,381.5
0,0,0,0,0,320,396.5
0,0,0,0,0,320,412
0,0,0,0,0,320,427.5
0,0,0,0,0,320,443
0,0,0,0,0,320,458.5
0,0,0,0,0,335,396.5
0,0,0,0,0,335,412
0,0,0,0,0,335,427.5
0,0,0,0,0,335,443
0,0,0,0,0,335,458.5
0,0,0,0,0,350.5,396.5
0,0,0,0,0,350.5,412
0,0,0,0,0,350.5,427.5
0,0,0,0,0,350.5,443
0,0,0,0,0,350.5,458.5
0,0,0,0,0,366,396.5
0,0,0,0,0,366,412
0,0,0,0,0,366,427.5
0,0,0,0,0,366,443
0,0,0,0,0,366,458.5
0,0,0,0,0,320,473.5
0,0,0,0,0,320,489
0,0,0,0,0,320,504.5
0,0,0,0,0,320,520
0,0,0,0,0,320,535.5
0,0,0,0,0,335,473.5
0,0,0,0,0,335,489
0,0,0,0,0,335,504.5
0,0,0,0,0,335,520
0,0,0,0,0,335,535.5
0,0,0,0,0,350.5,473.5
0,0,0,0,0,350.5,489
0,0,0,0,0,350.5,504.5
0,0,0,0,0,350.5,520
0,0,0,0,0,350.5,535.5
0,0,0,0,0,366,473.5
0,0,0,0,0,366,489
0,0,0,0,0,366,504.5
0,0,0,0,0,366,520
0,-0.5,0,0,0,443,304.5
0,0,0,0,0,396.5,320
0,0,0,0,0,396.5,335
0,0,0,0,0,396.5,350.5
0,0,0,0,0,396.5,366
0,0,0,0,0,396.5,381.5
0,0,0,0,0,412,320
0,0,0,0,0,412,335
0,0,0,0,0,412,350.5
0,0,0,0,0,412,366
0,0,0,0,0,412,381.5
0,0,0,0,0,427.5,320
0,0,0,0,0,427.5,335
0,0,0,0,0,427.5,350.5
0,0,0,0,0,427.5,366
0,0,0,0,0,427.5,381.5
0,0,0,0,0,443,320
0,0,0,0,0,443,335
0,0,0,0,0,443,350.5
0,0,0,0,0,443,366
0,0,0,0,0,443,381.5
0,0,0,0,0,396.5,396.5
0,0,0,0,0,396.5,412
0,0,0,0,0,396.5,427.5
0,0,0,0,0,396.5,443
0,0,0,0,0,396.5,458.5
0,0,0,0,0,412,396.5
0,0,0,0,0,412,412
0,0,0,0,0,412,427.5
0,0,0,0,0,412,443
0,0,0,0,0,412,458.5
0,0,0,0,0,427.5,396.5
0,0,0,0,0,427.5,412
0,0,0,0,0,427.5,427.5
0,0,0,0,0,427.5,443
0,0,0,0,0,427.5,458.5
0,0,0,0,0,443,396.5
0,0,0,0,0,443,412
0,0,0,0,0,443,427.5
0,0,0,0,0,443,443
0,0,0,0,0,443,458.5
0,0,0,0,0,396.5,473.5
0,0,0,0,0,396.5,489
0,0,0,0,0,396.5,504.5
0,0,0,0,0,396.5,520
0,0,0,0,0,396.5,535.5
0,0,0,0,0,412,473.5
0,0,0,0,0,412,489
0,0,0,0,0,412,504.5
0,0,0,0,0,412,520
0,0,0,0,0,412,535.5
0,0,0,0,0,427.5,473.5
0,0,0,0,0,427.5,489
0,0,0,0,0,427.5,504.5
0,0,0,0,0,427.5,520
0,0,0,0,0,427.5,535.5
0,0,0,0,0,443,473.5
0,0,0,0,0,443,489
0,0,0,0,0,443,504.5
0,0,0,0,0,443,520
0,-0.5,0,0,0,520,304.5
0,0,0,0,0,473.5,320
0,0,0,0,0,473.5,335
0,0,0,0,0,473.5,350.5
0,0,0,0,0,473.5,366
0,0,0,0,0,473.5,381.5
0,0,0,0,0,489,320
0,0,0,0,0,489,335
0,0,0,0,0,489,350.5
0,0,0,0,0,489,366
0,0,0,0,0,489,381.5
0,0,0,0,0,504.5,320
0,0,0,0,0,504.5,335
0,0,0,0,0,504.5,350.5
0,0,0,0,0,504.5,366
0,0,0,0,0,504.5,381.5
0,0,0,0,0,520,320
0,0,0,0,0,520,335
0,0,0,0,0,520,350.5
0,0,0,0,0,520,366
0,0,0,0,0,520,381.5
0,0,0,0,0,473.5,396.5
0,0,0,0,0,473.5,412
0,0,0,0,0,473.5,427.5
0,0,0,0,0,473.5,443
0,0,0,0,0,473.5,458.5
0,0,0,0,0,489,396.5
0,0,0,0,0,489,412
0,0,0,0,0,489,427.5
0,0,0,0,0,489,443
0,0,0,0,0,489,458.5
0,0,0,0,0,504.5,396.5
0,0,0,0,0,504.5,412
0,0,0,0,0,504.5,427.5
0,0,0,0,0,504.5,443
0,0,0,0,0,504.5,458.5
0,0,0,0,0,520,396.5
0,0,0,0,0,520,412
0,0,0,0,0,520,427.5
0,0,0,0,0,520,443
0,0,0,0,0,520,458.5
0,0,0,0,0,473.5,473.5
0,0,0,0,0,473.5,489
0,0,0,0,0,473.5,504.5
0,0,0,0,0,473.5,520
0,0,0,0,0,473.5,535.5
0,0,0,0,0,489,473.5
0,0,0,0,0,489,489
0,0,0,0,0,489,504.5
0,0,0,0,0,489,520
0,0,0,0,0,489,535.5
0,0,0,0,0,504.5,473.5
0,0,0,0,0,504.5,489
0,0,0,0,0,504.5,504.5
0,0,0,0,0,504.5,520
0,0,0,0,0,504.5,535.5
0,0,0,0,0,520,473.5
0,0,0,0,0,520,489
0,0,0,0,0,520,504.5
0,0,0,0,0,520,520
-0.5,-0.5,0,0,0,215,305
-0.5,0,0,0,0,170,320
-0.5,0,0,0,0,170,334.5
-0.5,0,0,0,0,170,349.5
-0.5,0,0,0,0,170,364.5
-0.5,0,0,0,0,170,379.5
-0.5,0,0,0,0,185,320
-0.5,0,0,0,0,185,334.5
-0.5,0,0,0,0,185,349.5
-0.5,0,0,0,0,185,364.5
-0.5,0,0,0,0,185,379.5
-0.5,0,0,0,0,200,320
-0.5,0,0,0,0,200,334.5
-0.5,0,0,0,0,200,349.5
-0.5,0,0,0,0,200,364.5
-0.5,0,0,0,0,200,379.5
-0.5,0,0,0,0,215,320
-0.5,0,0,0,0,215,334.5
-0.5,0,0,0,0,215,349.5
-0.5,0,0,0,0,215,364.5
-0.5,0,0,0,0,215,379.5
-0.5,0,0,0,0,170,394.5
-0.5,0,0,0,0,170,409.5
-0.5,0,0,0,0,170,424.5
-0.5,0,0,0,0,170,439.5
-0.5,0,0,0,0,170,454.5
-0.5,0,0,0,0,185,394.5
-0.5,0,0,0,0,185,409.5
-0.5,0,0,0,0,185,424.5
-0.5,0,0,0,0,185,439.5
-0.5,0,0,0,0,185,454.5
-0.5,0,0,0,0,200,394.5
-0.5,0,0,0,0,200,409.5
-0.5,0,0,0,0,200,424.5
-0.5,0,0,0,0,200,439.5
-0.5,0,0,0,0,200,454.5
-0.5,0,0,0,0,215,394.5
-0.5,0,0,0,0,215,409.5
-0.5,0,0,0,0,215,424.5
-0.5,0,0,0,0,215,439.5
-0.5,0,0,0,0,215,454.5
-0.5,0,0,0,0,170,469.5
-0.5,0,0,0,0,170,484.5
-0.5,0,0,0,0,170,499.5
-0.5,0,0,0,0,170,514.5
-0.5,0,0,0,0,170,529.5
-0.5,0,0,0,0,185,469.5
-0.5,0,0,0,0,185,484.5
-0.5,0,0,0,0,185,499.5
-0.5,0,0,0,0,185,514.5
-0.5,0,0,0,0,185,529.5
-0.5,0,0,0,0,200,469.5
-0.5,0,0,0,0,200,484.5
-0.5,0,0,0,0,200,499.5
-0.5,0,0,0,0,200,514.5
-0.5,0,0,0,0,200,529.5
-0.5,0,0,0,0,215,469.5
-0.5,0,0,0,0,215,484.5
-0.5,0,0,0,0,215,499.5
-0.5,0,0,0,0,215,514.5
-0.5,-0.5,0,0,0,290,305
-0.5,0,0,0,0,245,320
-0.5,0,0,0,0,245,334.5
-0.5,0,0,0,0,245,349.5
-0.5,0,0,0,0,245,364.5
-0.5,0,0,0,0,245,379.5
-0.5,0,0,0,0,260,320
-0.5,0,0,0,0,260,334.5
-0.5,0,0,0,0,260,349.5
-0.5,0,0,0,0,260,364.5
-0.5,0,0,0,0,260,379.5
-0.5,0,0,0,0,275,320
-0.5,0,0,0,0,275,334.5
-0.5,0,0,0,0,275,349.5
-0.5,0,0,0,0,275,364.5
-0.5,0,0,0,0,275,379.5
-0.5,0,0,0,0,290,320
-0.5,0,0,0,0,290,334.5
-0.5,0,0,0,0,290,349.5
-0.5,0,0,0,0,290,364.5
-0.5,0,0,0,0,290,379.5
-0.5,0,0,0,0,245,394.5
-0.5,0,0,0,0,245,409.5
-0.5,0,0,0,0,245,424.5
-0.5,0,0,0,0,245,439.5
-0.5,0,0,0,0,245,454.5
-0.5,0,0,0,0,260,394.5
-0.5,0,0,0,0,260,409.5
-0.5,0,0,0,0,260,424.5
-0.5,0,0,0,0,260,439.5
-0.5,0,0,0,0,260,454.5
-0.5,0,0,0,0,275,394.5
-0.5,0,0,0,0,275,409.5
-0.5,0,0,0,0,275,424.5
-0.5,0,0,0,0,275,439.5
-0.5,0,0,0,0,275,454.5
-0.5,0,0,0,0,290,394.5
-0.5,0,0,0,0,290,409.5
-0.5,0,0,0,0,290,424.5
-0.5,0,0,0,0,290,439.5
-0.5,0,0,0,0,290,454.5
-0.5,0,0,0,0,245,469.5
-0.5,0,0,0,0,245,484.5
-0.5,0,0,0,0,245,499.5
-0.5,0,0,0,0,245,514.5
-0.5,0,0,0,0,245,529.5
-0.5,0,0,0,0,260,469.5
-0.5,0,0,0,0,260,484.5
-0.5,0,0,0,0,260,499.5
-0.5,0,0,0,0,260,514.5
-0.5,0,0,0,0,260,529.5
-0.5,0,0,0,0,275,469.5
-0.5,0,0,0,0,275,484.5
-0.5,0,0,0,0,275,499.5
-0.5,0,0,0,0,275,514.5
-0.5,0,0,0,0,275,529.5
-0.5,0,0,0,0,290,469.5
-0.5,0,0,0,0,290,484.5
-0.5,0,0,0,0,290,499.5
-0.5,0,0,0,0,290,514.5
0,-0.5,0,0,0,364.5,305
0,0,0,0,0,320,320
0,0,0,0,0,320,334.5
0,0,0,0,0,320,349.5
0,0,0,0,0,320,364.5
0,0,0,0,0,320,379.5
0,0,0,0,0,334.5,320
0,0,0,0,0,334.5,334.5
0,0,0,0,0,334.5,349.5
0,0,0,0,0,334.5,364.5
0,0,0,0,0,334.5,379.5
0,0,0,0,0,349.5,320
0,0,0,0,0,349.5,334.5
0,0,0,0,0,349.5,349.5
0,0,0,0,0,349.5,364.5
0,0,0,0,0,349.5,379.5
0,0,0,0,0,364.5,320
0,0,0,0,0,364.5,334.5
0,0,0,0,0,364.5,349.5
0,0,0,0,0,364.5,364.5
0,0,0,0,0,364.5,379.5
0,0,0,0,0,320,394.5
0,0,0,0,0,320,409.5
0,0,0,0,0,320,424.5
0,0,0,0,0,320,439.5
0,0,0,0,0,320,454.5
0,0,0,0,0,334.5,394.5
0,0,0,0,0,334.5,409.5
0,0,0,0,0,334.5,424.5
0,0,0,0,0,334.5,439.5
0,0,0,0,0,334.5,454.5
0,0,0,0,0,349.5,394.5
0,0,0,0,0,349.5,409.5
0,0,0,0,0,349.5,424.5
0,0,0,0,0,349.5,439.5
0,0,0,0,0,349.5,454.5
0,0,0,0,0,364.5,394.5
0,0,0,0,0,364.5,409.5
0,0,0,0,0,364.5,424.5
0,0,0,0,0,364.5,439.5
0,0,0,0,0,364.5,454.5
0,0,0,0,0,320,469.5
0,0,0,0,0,320,484.5
0,0,0,0,0,320,499.5
0,0,0,0,0,320,514.5
0,0,0,0,0,320,529.5
0,0,0,0,0,334.5,469.5
0,0,0,0,0,334.5,484.5
0,0,0,0,0,334.5,499.5
0,0,0,0,0,334.5,514.5
0,0,0,0,0,334.5,529.5
0,0,0,0,0,349.5,469.5
0,0,0,0,0,349.5,484.5
0,0,0,0,0,349.5,499.5
0,0,0,0,0,349.5,514.5
0,0,0,0,0,349.5,529.5
0,0,0,0,0,364.5,469.5
0,0,0,0,0,364.5,484.5
0,0,0,0,0,364.5,499.5
0,0,0,0,0,364.5,514.5
0,-0.5,0,0,0,439.5,305
0,0,0,0,0,394.5,320
0,0,0,0,0,394.5,334.5
0,0,0,0,0,394.5,349.5
0,0,0,0,0,394.5,364.5
0,0,0,0,0,394.5,379.5
0,0,0,0,0,409.5,320
0,0,0,0,0,409.5,334.5
0,0,0,0,0,409.5,349.5
0,0,0,0,0,409.5,364.5
0,0,0,0,0,409.5,379.5
0,0,0,0,0,424.5,320
0,0,0,0,0,424.5,334.5
0,0,0,0,0,424.5,349.5
0,0,0,0,0,424.5,364.5
0,0,0,0,0,424.5,379.5
0,0,0,0,0,439.5,320
0,0,0,0,0,439.5,334.5
0,0,0,0,0,439.5,349.5
0,0,0,0,0,439.5,364.5
0,0,0,0,0,439.5,379.5
0,0,0,0,0,394.5,394.5
0,0,0,0,0,394.5,409.5
0,0,0,0,0,394.5,424.5
0,0,0,0,0,394.5,439.5
0,0,0,0,0,394.5,454.5
0,0,0,0,0,409.5,394.5
0,0,0,0,0,409.5,409.5
0,0,0,0,0,409.5,424.5
0,0,0,0,0,409.5,439.5
0,0,0,0,0,409.5,454.5
0,0,0,0,0,424.5,394.5
0,0,0,0,0,424.5,409.5
0,0,0,0,0,424.5,424.5
0,0,0,0,0,424.5,439.5
0,0,0,0,0,424.5,454.5
0,0,0,0,0,439.5,394.5
0,0,0,0,0,439.5,409.5
0,0,0,0,0,439.5,424.5
0,0,0,0,0,439.5,439.5
0,0,0,0,0,439.5,454.5
0,0,0,0,0,394.5,469.5
0,0,0,0,0,394.5,484.5
0,0,0,0,0,394.5,499.5
0,0,0,0,0,394.5,514.5
0,0,0,0,0,394.5,529.5
0,0,0,0,0,409.5,469.5
0,0,0,0,0,409.5,484.5
0,0,0,0,0,409.5,499.5
0,0,0,0,0,409.5,514.5
0,0,0,0,0,409.5,529.5
0,0,0,0,0,424.5,469.5
0,0,0,0,0,424.5,484.5
0,0,0,0,0,424.5,499.5
0,0,0,0,0,424.5,514.5
0,0,0,0,0,424.5,529.5
0,0,0,0,0,439.5,469.5
0,0,0,0,0,439.5,484.5
0,0,0,0,0,439.5,499.5
0,0,0,0,0,439.5,514.5
0,-0.5,0,0,0,514.5,305
0,0,0,0,0,469.5,320
0,0,0,0,0,469.5,334.5
0,0,0,0,0,469.5,349.5
0,0,0,0,0,469.5,364.5
0,0,0,0,0,469.5,379.5
0,0,0,0,0,484.5,320
0,0,0,0,0,484.5,334.5
0,0,0,0,0,484.5,349.5
0,0,0,0,0,484.5,364.5
0,0,0,0,0,484.5,379.5
0,0,0,0,0,499.5,320
0,0,0,0,0,499.5,334.5
0,0,0,0,0,499.5,349.5
0,0,0,0,0,499.5,364.5
0,0,0,0,0,499.5,379.5
0,0,0,0,0,514.5,320
0,0,0,0,0,514.5,334.5
0,0,0,0,0,514.5,349.5
0,0,0,0,0,514.5,364.5
0,0,0,0,0,514.5,379.5
0,0,0,0,0,469.5,394.5
0,0,0,0,0,469.5,409.5
0,0,0,0,0,469.5,424.5
0,0,0,0,0,469.5,439.5
0,0,0,0,0,469.5,454.5
0,0,0,0,0,484.5,394.5
0,0,0,0,0,484.5,409.5
0,0,0,0,0,484.5,424.5
0,0,0,0,0,484.5,439.5
0,0,0,0,0,484.5,454.5
0,0,0,0,0,499.5,394.5
0,0,0,0,0,499.5,409.5
0,0,0,0,0,499.5,424.5
0,0,0,0,0,499.5,439.5
0,0,0,0,0,499.5,454.5
0,0,0,0,0,514.5,394.5
0,0,0,0,0,514.5,409.5
0,0,0,0,0,514.5,424.5
0,0,0,0,0,514.5,439.5
0,0,0,0,0,514.5,454.5
0,0,0,0,0,469.5,469.5
0,0,0,0,0,469.5,484.5
0,0,0,0,0,469.5,499.5
0,0,0,0,0,469.5,514.5
0,0,0,0,0,469.5,529.5
0,0,0,0,0,484.5,469.5
0,0,0,0,0,484.5,484.5
0,0,0,0,0,484.5,499.5
0,0,0,0,0,484.5,514.5
0,0,0,0,0,484.5,529.5
0,0,0,0,0,499.5,469.5
0,0,0,0,0,499.5,484.5
0,0,0,0,0,499.5,499.5
0,0,0,0,0,499.5,514.5
0,0,0,0,0,499.5,529.5
0,0,0,0,0,514.5,469.5
0,0,0,0,0,514.5,484.5
0,0,0,0,0,514.5,499.5
0,0,0,0,0,514.5,514.5
-0.5,-0.5,0,0,0,217.5,305
-0.5,0,0,0,0,174,320
-0.5,0,0,0,0,174,334.5
-0.5,0,0,0,0,174,349
-0.5,0,0,0,0,174,363.5
-0.5,0,0,0,0,174,378
-0.5,0,0,0,0,188.5,320
-0.5,0,0,0,0,188.5,334.5
-0.5,0,0,0,0,188.5,349
-0.5,0,0,0,0,188.5,363.5
-0.5,0,0,0,0,188.5,378
-0.5,0,0,0,0,203,320
-0.5,0,0,0,0,203,334.5
-0.5,0,0,0,0,203,349
-0.5,0,0,0,0,203,363.5
-0.5,0,0,0,0,203,378
-0.5,0,0,0,0,217.5,320
-0.5,0,0,0,0,217.5,334.5
-0.5,0,0,0,0,217.5,349
-0.5,0,0,0,0,217.5,363.5
-0.5,0,0,0,0,217.5,378
-0.5,0,0,0,0,174,392.5
-0.5,0,0,0,0,174,407.5
-0.5,0,0,0,0,174,422
-0.5,0,0,0,0,174,436.5
-0.5,0,0,0,0,174,451
-0.5,0,0,0,0,188.5,392.5
-0.5,0,0,0,0,188.5,407.5
-0.5,0,0,0,0,188.5,422
-0.5,0,0,0,0,188.5,436.5
-0.5,0,0,0,0,188.5,451
-0.5,0,0,0,0,203,392.5
-0.5,0,0,0,0,203,407.5
-0.5,0,0,0,0,203,422
-0.5,0,0,0,0,203,436.5
-0.5,0,0,0,0,203,451
-0.5,0,0,0,0,217.5,392.5
-0.5,0,0,0,0,217.5,407.5
-0.5,0,0,0,0,217.5,422
-0.5,0,0,0,0,217.5,436.5
-0.5,0,0,0,0,217.5,451
-0.5,0,0,0,0,174,465.5
-0.5,0,0,0,0,174,480
-0.5,0,0,0,0,174,495
-0.5,0,0,0,0,174,509.5
-0.5,0,0,0,0,174,524
-0.5,0,0,0,0,188.5,465.5
-0.5,0,0,0,0,188.5,480
-0.5,0,0,0,0,188.5,495
-0.5,0,0,0,0,188.5,509.5
-0.5,0,0,0,0,188.5,524
-0.5,0,0,0,0,203,465.5
-0.5,0,0,0,0,203,480
-0.5,0,0,0,0,203,495
-0.5,0,0,0,0,203,509.5
-0.5,0,0,0,0,203,524
-0.5,0,0,0,0,217.5,465.5
-0.5,0,0,0,0,217.5,480
-0.5,0,0,0,0,217.5,495
-0.5,0,0,0,0,217.5,509.5
-0.5,-0.5,0,0,0,290.5,305
-0.5,0,0,0,0,247,320
-0.5,0,0,0,0,247,334.5
-0.5,0,0,0,0,247,349
-0.5,0,0,0,0,247,363.5
-0.5,0,0,0,0,247,378
-0.5,0,0,0,0,261.5,320
-0.5,0,0,0,0,261.5,334.5
-0.5,0,0,0,0,261.5,349
-0.5,0,0,0,0,261.5,363.5
-0.5,0,0,0,0,261.5,378
-0.5,0,0,0,0,276,320
-0.5,0,0,0,0,276,334.5
-0.5,0,0,0,0,276,349
-0.5,0,0,0,0,276,363.5
-0.5,0,0,0,0,276,378
-0.5,0,0,0,0,290.5,320
-0.5,0,0,0,0,290.5,334.5
-0.5,0,0,0,0,290.5,349
-0.5,0,0,0,0,290.5,363.5
-0.5,0,0,0,0,290.5,378
-0.5,0,0,0,0,247,392.5
-0.5,0,0,0,0,247,407.5
-0.5,0,0,0,0,247,422
-0.5,0,0,0,0,247,436.5
-0.5,0,0,0,0,247,451
-0.5,0,0,0,0,261.5,392.5
-0.5,0,0,0,0,261.5,407.5
-0.5,0,0,0,0,261.5,422
-0.5,0,0,0,0,261.5,436.5
-0.5,0,0,0,0,261.5,451
-0.5,0,0,0,0,276,392.5
-0.5,0,0,0,0,276,407.5
-0.5,0,0,0,0,276,422
-0.5,0,0,0,0,276,436.5
-0.5,0,0,0,0,276,451
-0.5,0,0,0,0,290.5,392.5
-0.5,0,0,0,0,290.5,407.5
-0.5,0,0,0,0,290.5,422
-0.5,0,0,0,0,290.5,436.5
-0.5,0,0,0,0,290.5,451
-0.5,0,0,0,0,247,465.5
-0.5,0,0,0,0,247,480
-0.5,0,0,0,0,247,495
-0.5,0,0,0,0,247,509.5
-0.5,0,0,0,0,247,524
-0.5,0,0,0,0,261.5,465.5
-0.5,0,0,0,0,261.5,480
-0.5,0,0,0,0,261.5,495
-0.5,0,0,0,0,261.5,509.5
-0.5,0,0,0,0,261.5,524
-0.5,0,0,0,0,276,465.5
-0.5,0,0,0,0,276,480
-0.5,0,0,0,0,276,495
-0.5,0,0,0,0,276,509.5
-0.5,0,0,0,0,276,524
-0.5,0,0,0,0,290.5,465.5
-0.5,0,0,0,0,290.5,480
-0.5,0,0,0,0,290.5,495
-0.5,0,0,0,0,290.5,509.5
0,-0.5,0,0,0,363.5,305
0,0,0,0,0,320,320
0,0,0,0,0,320,334.5
0,0,0,0,0,320,349
0,0,0,0,0,320,363.5
0,0,0,0,0,320,378
0,0,0,0,0,334.5,320
0,0,0,0,0,334.5,334.5
0,0,0,0,0,334.5,349
0,0,0,0,0,334.5,363.5
0,0,0,0,0,334.5,378
0,0,0,0,0,349,320
0,0,0,0,0,349,334.5
0,0,0,0,0,349,349
0,0,0,0,0,349,363.5
0,0,0,0,0,349,378
0,0,0,0,0,363.5,320
0,0,0,0,0,363.5,334.5
0,0,0,0,0,363.5,349
0,0,0,0,0,363.5,363.5
0,0,0,0,0,363.5,378
0,0,0,0,0,320,392.5
0,0,0,0,0,320,407.5
0,0,0,0,0,320,422
0,0,0,0,0,320,436.5
0,0,0,0,0,320,451
0,0,0,0,0,334.5,392.5
0,0,0,0,0,334.5,407.5
0,0,0,0,0,334.5,422
0,0,0,0,0,334.5,436.5
0,0,0,0,0,334.5,451
0,0,0,0,0,349,392.5
0,0,0,0,0,349,407.5
0,0,0,0,0,349,422
0,0,0,0,0,349,436.5
0,0,0,0,0,349,451
0,0,0,0,0,363.5,392.5
0,0,0,0,0,363.5,407.5
0,0,0,0,0,363.5,422
0,0,0,0,0,363.5,436.5
0,0,0,0,0,363.5,451
0,0,0,0,0,320,465.5
0,0,0,0,0,320,480
0,0,0,0,0,320,495
0,0,0,0,0,320,509.5
0,0,0,0,0,320,524
0,0,0,0,0,334.5,465.5
0,0,0,0,0,334.5,480
0,0,0,0,0,334.5,495
0,0,0,0,0,334.5,509.5
0,0,0,0,0,334.5,524
0,0,0,0,0,349,465.5
0,0,0,0,0,349,480
0,0,0,0,0,349,495
0,0,0,0,0,349,509.5
0,0,0,0,0,349,524
0,0,0,0,0,363.5,465.5
0,0,0,0,0,363.5,480
0,0,0,0,0,363.5,495
0,0,0,0,0,363.5,509.5
0,-0.5,0,0,0,436.5,305
0,0,0,0,0,392.5,320
0,0,0,0,0,392.5,334.5
0,0,0,0,0,392.5,349
0,0,0,0,0,392.5,363.5
0,0,0,0,0,392.5,378
0,0,0,0,0,407.5,320
0,0,0,0,0,407.5,334.5
0,0,0,0,0,407.5,349
0,0,0,0,0,407.5,363.5
0,0,0,0,0,407.5,378
0,0,0,0,0,422,320
0,0,0,0,0,422,334.5
0,0,0,0,0,422,349
0,0,0,0,0,422,363.5
0,0,0,0,0,422,378
0,0,0,0,0,436.5,320
0,0,0,0,0,436.5,334.5
0,0,0,0,0,436.5,349
0,0,0,0,0,436.5,363.5
0,0,0,0,0,436.5,378
0,0,0,0,0,392.5,392.5
0,0,0,0,0,392.5,407.5
0,0,0,0,0,392.5,422
0,0,0,0,0,392.5,436.5
0,0,0,0,0,392.5,451
0,0,0,0,0,407.5,392.5
0,0,0,0,0,407.5,407.5
0,0,0,0,0,407.5,422
0,0,0,0,0,407.5,436.5
0,0,0,0,0,407.5,451
0,0,0,0,0,422,392.5
0,0,0,0,0,422,407.5
0,0,0,0,0,422,422
0,0,0,0,0,422,436.5
0,0,0,0,0,422,451
0,0,0,0,0,436.5,392.5
0,0,0,0,0,436.5,407.5
0,0,0,0,0,436.5,422
0,0,0,0,0,436.5,436.5
0,0,0,0,0,436.5,451
0,0,0,0,0,392.5,465.5
0,0,0,0,0,392.5,480
0,0,0,0,0,392.5,495
0,0,0,0,0,392.5,509.5
0,0,0,0,0,392.5,524
0,0,0,0,0,407.5,465.5
0,0,0,0,0,407.5,480
0,0,0,0,0,407.5,495
0,0,0,0,0,407.5,509.5
0,0,0,0,0,407.5,524
0,0,0,0,0,422,465.5
0,0,0,0,0,422,480
0,0,0,0,0,422,495
0,0,0,0,0,422,509.5
0,0,0,0,0,422,524
0,0,0,0,0,436.5,465.5
0,0,0,0,0,436.5,480
0,0,0,0,0,436.5,495
0,0,0,0,0,436.5,509.5
0,-0.5,0,0,0,509.5,305
0,0,0,0,0,465.5,320
0,0,0,0,0,465.5,334.5
0,0,0,0,0,465.5,349
0,0,0,0,0,465.5,363.5
0,0,0,0,0,465.5,378
0,0,0,0,0,480,320
0,0,0,0,0,480,334.5
0,0,0,0,0,480,349
0,0,0,0,0,480,363.5
0,0,0,0,0,480,378
0,0,0,0,0,495,320
0,0,0,0,0,495,334.5
0,0,0,0,0,495,349
0,0,0,0,0,495,363.5
0,0,0,0,0,495,378
0,0,0,0,0,509.5,320
0,0,0,0,0,509.5,334.5
0,0,0,0,0,509.5,349
0,0,0,0,0,509.5,363.5
0,0,0,0,0,509.5,378
0,0,0,0,0,465.5,392.5
0,0,0,0,0,465.5,407.5
0,0,0,0,0,465.5,422
0,0,0,0,0,465.5,436.5
0,0,0,0,0,465.5,451
0,0,0,0,0,480,392.5
0,0,0,0,0,480,407.5
0,0,0,0,0,480,422
0,0,0,0,0,480,436.5
0,0,0,0,0,480,451
0,0,0,0,0,495,392.5
0,0,0,0,0,495,407.5
0,0,0,0,0,495,422
0,0,0,0,0,495,436.5
0,0,0,0,0,495,451
0,0,0,0,0,509.5,392.5
0,0,0,0,0,509.5,407.5
0,0,0,0,0,509.5,422
0,0,0,0,0,509.5,436.5
0,0,0,0,0,509.5,451
0,0,0,0,0,465.5,465.5
0,0,0,0,0,465.5,480
0,0,0,0,0,465.5,495
0,0,0,0,0,465.5,509.5
0,0,0,0,0,465.5,524
0,0,0,0,0,480,465.5
0,0,0,0,0,480,480
0,0,0,0,0,480,495
0,0,0,0,0,480,509.5
0,0,0,0,0,480,524
0,0,0,0,0,495,465.5
0,0,0,0,0,495,480
0,0,0,0,0,495,495
0,0,0,0,0,495,509.5
0,0,0,0,0,495,524
0,0,0,0,0,509.5,465.5
0,0,0,0,0,509.5,480
0,0,0,0,0,509.5,495
0,0,0,0,0,509.5,509.5
-0.5,-0.5,0,0,0,220.5,305.5
-0.5,0,0,0,0,177.5,320
-0.5,0,0,0,0,177.5,334
-0.5,0,0,0,0,177.5,348
-0.5,0,0,0,0,177.5,362.5
-0.5,0,0,0,0,177.5,376.5
-0.5,0,0,0,0,192,320
-0.5,0,0,0,0,192,334
-0.5,0,0,0,0,192,348
-0.5,0,0,0,0,192,362.5
-0.5,0,0,0,0,192,376.5
-0.5,0,0,0,0,206,320
-0.5,0,0,0,0,206,334
-0.5,0,0,0,0,206,348
-0.5,0,0,0,0,206,362.5
-0.5,0,0,0,0,206,376.5
-0.5,0,0,0,0,220.5,320
-0.5,0,0,0,0,220.5,334
-0.5,0,0,0,0,220.5,348
-0.5,0,0,0,0,220.5,362.5
-0.5,0,0,0,0,220.5,376.5
-0.5,0,0,0,0,177.5,391
-0.5,0,0,0,0,177.5,405
-0.5,0,0,0,0,177.5,419
-0.5,0,0,0,0,177.5,433.5
-0.5,0,0,0,0,177.5,447.5
-0.5,0,0,0,0,192,391
-0.5,0,0,0,0,192,405
-0.5,0,0,0,0,192,419
-0.5,0,0,0,0,192,433.5
-0.5,0,0,0,0,192,447.5
-0.5,0,0,0,0,206,391
-0.5,0,0,0,0,206,405
-0.5,0,0,0,0,206,419
-0.5,0,0,0,0,206,433.5
-0.5,0,0,0,0,206,447.5
-0.5,0,0,0,0,220.5,391
-0.5,0,0,0,0,220.5,405
-0.5,0,0,0,0,220.5,419
-0.5,0,0,0,0,220.5,433.5
-0.5,0,0,0,0,220.5,447.5
-0.5,0,0,0,0,177.5,462
-0.5,0,0,0,0,177.5,476
-0.5,0,0,0,0,177.5,490.5
-0.5,0,0,0,0,177.5,504.5
-0.5,0,0,0,0,177.5,518.5
-0.5,0,0,0,0,192,462
-0.5,0,0,0,0,192,476
-0.5,0,0,0,0,192,490.5
-0.5,0,0,0,0,192,504.5
-0.5,0,0,0,0,192,518.5
-0.5,0,0,0,0,206,462
-0.5,0,0,0,0,206,476
-0.5,0,0,0,0,206,490.5
-0.5,0,0,0,0,206,504.5
-0.5,0,0,0,0,206,518.5
-0.5,0,0,0,0,220.5,462
-0.5,0,0,0,0,220.5,476
-0.5,0,0,0,0,220.5,490.5
-0.5,0,0,0,0,220.5,504.5
-0.5,-0.5,0,0,0,291.5,305.5
-0.5,0,0,0,0,248.5,320
-0.5,0,0,0,0,248.5,334
-0.5,0,0,0,0,248.5,348
-0.5,0,0,0,0,248.5,362.5
-0.5,0,0,0,0,248.5,376.5
-0.5,0,0,0,0,263,320
-0.5,0,0,0,0,263,334
-0.5,0,0,0,0,263,348
-0.5,0,0,0,0,263,362.5
-0.5,0,0,0,0,263,376.5
-0.5,0,0,0,0,277,320
-0.5,0,0,0,0,277,334
-0.5,0,0,0,0,277,348
-0.5,0,0,0,0,277,362.5
-0.5,0,0,0,0,277,376.5
-0.5,0,0,0,0,291.5,320
-0.5,0,0,0,0,291.5,334
-0.5,0,0,0,0,291.5,348
-0.5,0,0,0,0,291.5,362.5
-0.5,0,0,0,0,291.5,376.5
-0.5,0,0,0,0,248.5,391
-0.5,0,0,0,0,248.5,405
-0.5,0,0,0,0,248.5,419
-0.5,0,0,0,0,248.5,433.5
-0.5,0,0,0,0,248.5,447.5
-0.5,0,0,0,0,263,391
-0.5,0,0,0,0,263,405
-0.5,0,0,0,0,263,419
-0.5,0,0,0,0,263,433.5
-0.5,0,0,0,0,263,447.5
-0.5,0,0,0,0,277,391
-0.5,0,0,0,0,277,405
-0.5,0,0,0,0,277,419
-0.5,0,0,0,0,277,433.5
-0.5,0,0,0,0,277,447.5
-0.5,0,0,0,0,291.5,391
-0.5,0,0,0,0,291.5,405
-0.5,0,0,0,0,291.5,419
-0.5,0,0,0,0,291.5,433.5
-0.5,0,0,0,0,291.5,447.5
-0.5,0,0,0,0,248.5,462
-0.5,0,0,0,0,248.5,476
-0.5,0,0,0,0,248.5,490.5
-0.5,0,0,0,0,248.5,504.5
-0.5,0,0,0,0,248.5,518.5
-0.5,0,0,0,0,263,462
-0.5,0,0,0,0,263,476
-0.5,0,0,0,0,263,490.5
-0.5,0,0,0,0,263,504.5
-0.5,0,0,0,0,263,518.5
-0.5,0,0,0,0,277,462
-0.5,0,0,0,0,277,476
-0.5,0,0,0,0,277,490.5
-0.5,0,0,0,0,277,504.5
-0.5,0,0,0,0,277,518.5
-0.5,0,0,0,0,291.5,462
-0.5,0,0,0,0,291.5,476
-0.5,0,0,0,0,291.5,490.5
-0.5,0,0,0,0,291.5,504.5
0,-0.5,0,0,0,362.5,305.5
0,0,0,0,0,320,320
0,0,0,0,0,320,334
0,0,0,0,0,320,348
0,0,0,0,0,320,362.5
0,0,0,0,0,320,376.5
0,0,0,0,0,334,320
0,0,0,0,0,334,334
0,0,0,0,0,334,348
0,0,0,0,0,334,362.5
0,0,0,0,0,334,376.5
0,0,0,0,0,348,320
0,0,0,0,0,348,334
0,0,0,0,0,348,348
0,0,0,0,0,348,362.5
0,0,0,0,0,348,376.5
0,0,0,0,0,362.5,320
0,0,0,0,0,362.5,334
0,0,0,0,0,362.5,348
0,0,0,0,0,362.5,362.5
0,0,0,0,0,362.5,376.5
0,0,0,0,0,320,391
0,0,0,0,0,320,405
0,0,0,0,0,320,419
0,0,0,0,0,320,433.5
0,0,0,0,0,320,447.5
0,0,0,0,0,334,391
0,0,0,0,0,334,405
0,0,0,0,0,334,419
0,0,0,0,0,334,433.5
0,0,0,0,0,334,447.5
0,0,0,0,0,348,391
0,0,0,0,0,348,405
0,0,0,0,0,348,419
0,0,0,0,0,348,433.5
0,0,0,0,0,348,447.5
0,0,0,0,0,362.5,391
0,0,0,0,0,362.5,405
0,0,0,0,0,362.5,419
0,0,0,0,0,362.5,433.5
0,0,0,0,0,362.5,447.5
0,0,0,0,0,320,462
0,0,0,0,0,320,476
0,0,0,0,0,320,490.5
0,0,0,0,0,320,504.5
0,0,0,0,0,320,518.5
0,0,0,0,0,334,462
0,0,0,0,0,334,476
0,0,0,0,0,334,490.5
0,0,0,0,0,334,504.5
0,0,0,0,0,334,518.5
0,0,0,0,0,348,462
0,0,0,0,0,348,476
0,0,0,0,0,348,490.5
0,0,0,0,0,348,504.5
0,0,0,0,0,348,518.5
0,0,0,0,0,362.5,462
0,0,0,0,0,362.5,476
0,0,0,0,0,362.5,490.5
0,0,0,0,0,362.5,504.5
0,-0.5,0,0,0,433.5,305.5
0,0,0,0,0,391,320
0,0,0,0,0,391,334
0,0,0,0,0,391,348
0,0,0,0,0,391,362.5
0,0,0,0,0,391,376.5
0,0,0,0,0,405,320
0,0,0,0,0,405,334
0,0,0,0,0,405,348
0,0,0,0,0,405,362.5
0,0,0,0,0,405,376.5
0,0,0,0,0,419,320
0,0,0,0,0,419,334
0,0,0,0,0,419,348
0,0,0,0,0,419,362.5
0,0,0,0,0,419,376.5
0,0,0,0,0,433.5,320
0,0,0,0,0,433.5,334
0,0,0,0,0,433.5,348
0,0,0,0,0,433.5,362.5
0,0,0,0,0,433.5,376.5
0,0,0,0,0,391,391
0,0,0,0,0,391,405
0,0,0,0,0,391,419
0,0,0,0,0,391,433.5
0,0,0,0,0,391,447.5
0,0,0,0,0,405,391
0,0,0,0,0,405,405
0,0,0,0,0,405,419
0,0,0,0,0,405,433.5
0,0,0,0,0,405,447.5
0,0,0,0,0,419,391
0,0,0,0,0,419,405
0,0,0,0,0,419,419
0,0,0,0,0,419,433.5
0,0,0,0,0,419,447.5
0,0,0,0,0,433.5,391
0,0,0,0,0,433.5,405
0,0,0,0,0,433.5,419
0,0,0,0,0,433.5,433.5
0,0,0,0,0,433.5,447.5
0,0,0,0,0,391,462
0,0,0,0,0,391,476
0,0,0,0,0,391,490.5
0,0,0,0,0,391,504.5
0,0,0,0,0,391,518.5
0,0,0,0,0,405,462
0,0,0,0,0,405,476
0,0,0,0,0,405,490.5
0,0,0,0,0,405,504.5
0,0,0,0,0,405,518.5
0,0,0,0,0,419,462
0,0,0,0,0,419,476
0,0,0,0,0,419,490.5
0,0,0,0,0,419,504.5
0,0,0,0,0,419,518.5
0,0,0,0,0,433.5,462
0,0,0,0,0,433.5,476
0,0,0,0,0,433.5,490.5
0,0,0,0,0,433.5,504.5
0,-0.5,0,0,0,504.5,305.5
0,0,0,0,0,462,320
0,0,0,0,0,462,334
0,0,0,0,0,462,348
0,0,0,0,0,462,362.5
0,0,0,0,0,462,376.5
0,0,0,0,0,476,320
0,0,0,0,0,476,334
0,0,0,0,0,476,348
0,0,0,0,0,476,362.5
0,0,0,0,0,476,376.5
0,0,0,0,0,490.5,320
0,0,0,0,0,490.5,334
0,0,0,0,0,490.5,348
0,0,0,0,0,490.5,362.5
0,0,0,0,0,490.5,376.5
0,0,0,0,0,504.5,320
0,0,0,0,0,504.5,334
0,0,0,0,0,504.5,348
0,0,0,0,0,504.5,362.5
0,0,0,0,0,504.5,376.5
0,0,0,0,0,462,391
0,0,0,0,0,462,405
0,0,0,0,0,462,419
0,0,0,0,0,462,433.5
0,0,0,0,0,462,447.5
0,0,0,0,0,476,391
0,0,0,0,0,476,405
0,0,0,0,0,476,419
0,0,0,0,0,476,433.5
0,0,0,0,0,476,447.5
0,0,0,0,0,490.5,391
0,0,0,0,0,490.5,405
0,0,0,0,0,490.5,419
0,0,0,0,0,490.5,433.5
0,0,0,0,0,490.5,447.5
0,0,0,0,0,504.5,391
0,0,0,0,0,504.5,405
0,0,0,0,0,504.5,419
0,0,0,0,0,504.5,433.5
0,0,0,0,0,504.5,447.5
0,0,0,0,0,462,462
0,0,0,0,0,462,476
0,0,0,0,0,462,490.5
0,0,0,0,0,462,504.5
0,0,0,0,0,462,518.5
0,0,0,0,0,476,462
0,0,0,0,0,476,476
0,0,0,0,0,476,490.5
0,0,0,0,0,476,504.5
0,0,0,0,0,476,518.5
0,0,0,0,0,490.5,462
0,0,0,0,0,490.5,476
0,0,0,0,0,490.5,490.5
0,0,0,0,0,490.5,504.5
0,0,0,0,0,490.5,518.5
0,0,0,0,0,504.5,462
0,0,0,0,0,504.5,476
0,0,0,0,0,504.5,490.5
0,0,0,0,0,504.5,504.5
-0.5,-0.5,0,0,0,223,306
-0.5,0,0,0,0,181,320
-0.5,0,0,0,0,181,333.5
-0.5,0,0,0,0,181,347.5
-0.5,0,0,0,0,181,361.5
-0.5,0,0,0,0,181,375
-0.5,0,0,0,0,195,320
-0.5,0,0,0,0,195,333.5
-0.5,0,0,0,0,195,347.5
-0.5,0,0,0,0,195,361.5
-0.5,0,0,0,0,195,375
-0.5,0,0,0,0,209,320
-0.5,0,0,0,0,209,333.5
-0.5,0,0,0,0,209,347.5
-0.5,0,0,0,0,209,361.5
-0.5,0,0,0,0,209,375
-0.5,0,0,0,0,223,320
-0.5,0,0,0,0,223,333.5
-0.5,0,0,0,0,223,347.5
-0.5,0,0,0,0,223,361.5
-0.5,0,0,0,0,223,375
-0.5,0,0,0,0,181,389
-0.5,0,0,0,0,181,403
-0.5,0,0,0,0,181,416.5
-0.5,0,0,0,0,181,430.5
-0.5,0,0,0,0,181,444.5
-0.5,0,0,0,0,195,389
-0.5,0,0,0,0,195,403
-0.5,0,0,0,0,195,416.5
-0.5,0,0,0,0,195,430.5
-0.5,0,0,0,0,195,444.5
-0.5,0,0,0,0,209,389
-0.5,0,0,0,0,209,403
-0.5,0,0,0,0,209,416.5
-0.5,0,0,0,0,209,430.5
-0.5,0,0,0,0,209,444.5
-0.5,0,0,0,0,223,389
-0.5,0,0,0,0,223,403
-0.5,0,0,0,0,223,416.5
-0.5,0,0,0,0,223,430.5
-0.5,0,0,0,0,223,444.5
-0.5,0,0,0,0,181,458.5
-0.5,0,0,0,0,181,472
-0.5,0,0,0,0,181,486
-0.5,0,0,0,0,181,500
-0.5,0,0,0,0,181,513.5
-0.5,0,0,0,0,195,458.5
-0.5,0,0,0,0,195,472
-0.5,0,0,0,0,195,486
-0.5,0,0,0,0,195,500
-0.5,0,0,0,0,195,513.5
-0.5,0,0,0,0,209,458.5
-0.5,0,0,0,0,209,472
-0.5,0,0,0,0,209,486
-0.5,0,0,0,0,209,500
-0.5,0,0,0,0,209,513.5
-0.5,0,0,0,0,223,458.5
-0.5,0,0,0,0,223,472
-0.5,0,0,0,0,223,486
-0.5,0,0,0,0,223,500
-0.5,-0.5,0,0,0,292,306
-0.5,0,0,0,0,250.5,320
-0.5,0,0,0,0,250.5,333.5
-0.5,0,0,0,0,250.5,347.5
-0.5,0,0,0,0,250.5,361.5
-0.5,0,0,0,0,250.5,375
-0.5,0,0,0,0,264.5,320
-0.5,0,0,0,0,264.5,333.5
-0.5,0,0,0,0,264.5,347.5
-0.5,0,0,0,0,264.5,361.5
-0.5,0,0,0,0,264.5,375
-0.5,0,0,0,0,278,320
-0.5,0,0,0,0,278,333.5
-0.5,0,0,0,0,278,347.5
-0.5,0,0,0,0,278,361.5
-0.5,0,0,0,0,278,375
-0.5,0,0,0,0,292,320
-0.5,0,0,0,0,292,333.5
-0.5,0,0,0,0,292,347.5
-0.5,0,0,0,0,292,361.5
-0.5,0,0,0,0,292,375
-0.5,0,0,0,0,250.5,389
-0.5,0,0,0,0,250.5,403
-0.5,0,0,0,0,250.5,416.5
-0.5,0,0,0,0,250.5,430.5
-0.5,0,0,0,0,250.5,444.5
-0.5,0,0,0,0,264.5,389
-0.5,0,0,0,0,264.5,403
-0.5,0,0,0,0,264.5,416.5
-0.5,0,0,0,0,264.5,430.5
-0.5,0,0,0,0,264.5,444.5
-0.5,0,0,0,0,278,389
-0.5,0,0,0,0,278,403
-0.5,0,0,0,0,278,416.5
-0.5,0,0,0,0,278,430.5
-0.5,0,0,0,0,278,444.5
-0.5,0,0,0,0,292,389
-0.5,0,0,0,0,292,403
-0.5,0,0,0,0,292,416.5
-0.5,0,0,0,0,292,430.5
-0.5,0,0,0,0,292,444.5
-0.5,0,0,0,0,250.5,458.5
-0.5,0,0,0,0,250.5,472
-0.5,0,0,0,0,250.5,486
-0.5,0,0,0,0,250.5,500
-0.5,0,0,0,0,250.5,513.5
-0.5,0,0,0,0,264.5,458.5
-0.5,0,0,0,0,264.5,472
-0.5,0,0,0,0,264.5,486
-0.5,0,0,0,0,264.5,500
-0.5,0,0,0,0,264.5,513.5
-0.5,0,0,0,0,278,458.5
-0.5,0,0,0,0,278,472
-0.5,0,0,0,0,278,486
-0.5,0,0,0,0,278,500
-0.5,0,0,0,0,278,513.5
-0.5,0,0,0,0,292,458.5
-0.5,0,0,0,0,292,472
-0.5,0,0,0,0,292,486
-0.5,0,0,0,0,292,500
0,-0.5,0,0,0,361.5,306
0,0,0,0,0,320,320
0,0,0,0,0,320,333.5
0,0,0,0,0,320,347.5
0,0,0,0,0,320,361.5
0,0,0,0,0,320,375
0,0,0,0,0,333.5,320
0,0,0,0,0,333.5,333.5
0,0,0,0,0,333.5,347.5
0,0,0,0,0,333.5,361.5
0,0,0,0,0,333.5,375
0,0,0,0,0,347.5,320
0,0,0,0,0,347.5,333.5
0,0,0,0,0,347.5,347.5
0,0,0,0,0,347.5,361.5
0,0,0,0,0,347.5,375
0,0,0,0,0,361.5,320
0,0,0,0,0,361.5,333.5
0,0,0,0,0,361.5,347.5
0,0,0,0,0,361.5,361.5
0,0,0,0,0,361.5,375
0,0,0,0,0,320,389
0,0,0,0,0,320,403
0,0,0,0,0,320,416.5
0,0,0,0,0,320,430.5
0,0,0,0,0,320,444.5
0,0,0,0,0,333.5,389
0,0,0,0,0,333.5,403
0,0,0,0,0,333.5,416.5
0,0,0,0,0,333.5,430.5
0,0,0,0,0,333.5,444.5
0,0,0,0,0,347.5,389
0,0,0,0,0,347.5,403
0,0,0,0,0,347.5,416.5
0,0,0,0,0,347.5,430.5
0,0,0,0,0,347.5,444.5
0,0,0,0,0,361.5,389
0,0,0,0,0,361.5,403
0,0,0,0,0,361.5,416.5
0,0,0,0,0,361.5,430.5
0,0,0,0,0,361.5,444.5
0,0,0,0,0,320,458.5
0,0,0,0,0,320,472
0,0,0,0,0,320,486
0,0,0,0,0,320,500
0,0,0,0,0,320,513.5
0,0,0,0,0,333.5,458.5
0,0,0,0,0,333.5,472
0,0,0,0,0,333.5,486
0,0,0,0,0,333.5,500
0,0,0,0,0,333.5,513.5
0,0,0,0,0,347.5,458.5
0,0,0,0,0,347.5,472
0,0,0,0,0,347.5,486
0,0,0,0,0,347.5,500
0,0,0,0,0,347.5,513.5
0,0,0,0,0,361.5,458.5
0,0,0,0,0,361.5,472
0,0,0,0,0,361.5,486
0,0,0,0,0,361.5,500
0,-0.5,0,0,0,430.5,306
0,0,0,0,0,389,320
0,0,0,0,0,389,333.5
0,0,0,0,0,389,347.5
0,0,0,0,0,389,361.5
0,0,0,0,0,389,375
0,0,0,0,0,403,320
0,0,0,0,0,403,333.5
0,0,0,0,0,403,347.5
0,0,0,0,0,403,361.5
0,0,0,0,0,403,375
0,0,0,0,0,416.5,320
0,0,0,0,0,416.5,333.5
0,0,0,0,0,416.5,347.5
0,0,0,0,0,416.5,361.5
0,0,0,0,0,416.5,375
0,0,0,0,0,430.5,320
0,0,0,0,0,430.5,333.5
0,0,0,0,0,430.5,347.5
0,0,0,0,0,430.5,361.5
0,0,0,0,0,430.5,375
0,0,0,0,0,389,389
0,0,0,0,0,389,403
0,0,0,0,0,389,416.5
0,0,0,0,0,389,430.5
0,0,0,0,0,389,444.5
0,0,0,0,0,403,389
0,0,0,0,0,403,403
0,0,0,0,0,403,416.5
0,0,0,0,0,403,430.5
0,0,0,0,0,403,444.5
0,0,0,0,0,416.5,389
0,0,0,0,0,416.5,403
0,0,0,0,0,416.5,416.5
0,0,0,0,0,416.5,430.5
0,0,0,0,0,416.5,444.5
0,0,0,0,0,430.5,389
0,0,0,0,0,430.5,403
0,0,0,0,0,430.5,416.5
0,0,0,0,0,430.5,430.5
0,0,0,0,0,430.5,444.5
0,0,0,0,0,389,458.5
0,0,0,0,0,389,472
0,0,0,0,0,389,486
0,0,0,0,0,389,500
0,0,0,0,0,389,513.5
0,0,0,0,0,403,458.5
0,0,0,0,0,403,472
0,0,0,0,0,403,486
0,0,0,0,0,403,500
0,0,0,0,0,403,513.5
0,0,0,0,0,416.5,458.5
0,0,0,0,0,416.5,472
0,0,0,0,0,416.5,486
0,0,0,0,0,416.5,500
0,0,0,0,0,416.5,513.5
0,0,0,0,0,430.5,458.5
0,0,0,0,0,430.5,472
0,0,0,0,0,430.5,486
0,0,0,0,0,430.5,500
0,-0.5,0,0,0,500,306
0,0,0,0,0,458.5,320
0,0,0,0,0,458.5,333.5
0,0,0,0,0,458.5,347.5
0,0,0,0,0,458.5,361.5
0,0,0,0,0,458.5,375
0,0,0,0,0,472,320
0,0,0,0,0,472,333.5
0,0,0,0,0,472,347.5
0,0,0,0,0,472,361.5
0,0,0,0,0,472,375
0,0,0,0,0,486,320
0,0,0,0,0,486,333.5
0,0,0,0,0,486,347.5
0,0,0,0,0,486,361.5
0,0,0,0,0,486,375
0,0,0,0,0,500,320
0,0,0,0,0,500,333.5
0,0,0,0,0,500,347.5
0,0,0,0,0,500,361.5
0,0,0,0,0,500,375
0,0,0,0,0,458.5,389
0,0,0,0,0,458.5,403
0,0,0,0,0,458.5,416.5
0,0,0,0,0,458.5,430.5
0,0,0,0,0,458.5,444.5
0,0,0,0,0,472,389
0,0,0,0,0,472,403
0,0,0,0,0,472,416.5
0,0,0,0,0,472,430.5
0,0,0,0,0,472,444.5
0,0,0,0,0,486,389
0,0,0,0,0,486,403
0,0,0,0,0,486,416.5
0,0,0,0,0,486,430.5
0,0,0,0,0,486,444.5
0,0,0,0,0,500,389
0,0,0,0,0,500,403
0,0,0,0,0,500,416.5
0,0,0,0,0,500,430.5
0,0,0,0,0,500,444.5
0,0,0,0,0,458.5,458.5
0,0,0,0,0,458.5,472
0,0,0,0,0,458.5,486
0,0,0,0,0,458.5,500
0,0,0,0,0,458.5,513.5
0,0,0,0,0,472,458.5
0,0,0,0,0,472,472
0,0,0,0,0,472,486
0,0,0,0,0,472,500
0,0,0,0,0,472,513.5
0,0,0,0,0,486,458.5
0,0,0,0,0,486,472
0,0,0,0,0,486,486
0,0,0,0,0,486,500
0,0,0,0,0,486,513.5
0,0,0,0,0,500,458.5
0,0,0,0,0,500,472
0,0,0,0,0,500,486
0,0,0,0,0,500,500
