-0.04,-0.005,0.3,0.03,0.04,301.7,385.56
-0.04,0.03,0.3,0,0,246.44,374.84
-0.04,0.03,0.3,0,0.01,246.1,393.45
-0.04,0.03,0.3,0,0.02,246.69,412.98
-0.04,0.03,0.3,0,0.03,245.49,431.05
-0.04,0.03,0.3,0,0.04,245.71,448.97
-0.04,0.03,0.3,0.01,0,264.14,375.38
-0.04,0.03,0.3,0.01,0.01,264.51,393.78
-0.04,0.03,0.3,0.01,0.02,264.51,412.5
-0.04,0.03,0.3,0.01,0.03,264.97,430.46
-0.04,0.03,0.3,0.01,0.04,263.75,448.89
-0.04,0.03,0.3,0.02,0,283.06,375.69
-0.04,0.03,0.3,0.02,0.01,282.29,393.42
-0.04,0.03,0.3,0.02,0.02,283.41,412.2
-0.04,0.03,0.3,0.02,0.03,283.56,430.59
-0.04,0.03,0.3,0.02,0.04,283.08,449.64
-0.04,0.03,0.3,0.03,0,301.02,374.84
-0.04,0.03,0.3,0.03,0.01,301.5,394.63
-0.04,0.03,0.3,0.03,0.02,301.36,412.64
-0.04,0.03,0.3,0.03,0.03,302.06,430.52
-0.04,0.03,0.3,0.03,0.04,301.68,449.19
-0.04,0.065,0.3,0,0,245.97,439.48
-0.04,0.065,0.3,0,0.01,245.86,457.89
-0.04,0.065,0.3,0,0.02,246.25,476.57
-0.04,0.065,0.3,0,0.03,245.25,495.14
-0.04,0.065,0.3,0,0.04,245.81,514.01
-0.04,0.065,0.3,0.01,0,264.95,439.68
-0.04,0.065,0.3,0.01,0.01,265.5,457.98
-0.04,0.065,0.3,0.01,0.02,264.72,476.89
-0.04,0.065,0.3,0.01,0.03,265.91,496.38
-0.04,0.065,0.3,0.01,0.04,264.93,513.67
-0.04,0.065,0.3,0.02,0,283.59,440.42
-0.04,0.065,0.3,0.02,0.01,283.04,458.44
-0.04,0.065,0.3,0.02,0.02,282.74,477.34
-0.04,0.065,0.3,0.02,0.03,283.32,496.16
-0.04,0.065,0.3,0.02,0.04,283.05,514.39
-0.04,0.065,0.3,0.03,0,300.84,440.83
-0.04,0.065,0.3,0.03,0.01,300.98,459.36
-0.04,0.065,0.3,0.03,0.02,302.1,477.61
-0.04,0.065,0.3,0.03,0.03,301.52,495.3
-0.04,0.065,0.3,0.03,0.04,302.37,514.01
-0.04,0.1,0.3,0,0,246.91,504.24
-0.04,0.1,0.3,0,0.01,246.14,522.78
-0.04,0.1,0.3,0,0.02,245.77,541.03
-0.04,0.1,0.3,0,0.03,246.5,560.19
-0.04,0.1,0.3,0,0.04,246.02,579.41
-0.04,0.1,0.3,0.01,0,264.57,505.65
-0.04,0.1,0.3,0.01,0.01,264.37,523.41
-0.04,0.1,0.3,0.01,0.02,264.26,541.34
-0.04,0.1,0.3,0.01,0.03,264.67,560.37
-0.04,0.1,0.3,0.01,0.04,264.38,578.58
-0.04,0.1,0.3,0.02,0,283.29,504.42
-0.04,0.1,0.3,0.02,0.01,283.58,523.08
-0.04,0.1,0.3,0.02,0.02,283.34,541.32
-0.04,0.1,0.3,0.02,0.03,283.55,559.44
-0.04,0.1,0.3,0.02,0.04,282.49,577.81
-0.04,0.1,0.3,0.03,0,301.85,504.6
-0.04,0.1,0.3,0.03,0.01,301.33,523.5
-0.04,0.1,0.3,0.03,0.02,301.94,541.34
-0.04,0.1,0.3,0.03,0.03,302.34,560.34
-0.005,-0.005,0.3,0.03,0.04,365.89,384.15
-0.005,0.03,0.3,0,0,310.63,376.45
-0.005,0.03,0.3,0,0.01,311.03,394.97
-0.005,0.03,0.3,0,0.02,310.64,412.43
-0.005,0.03,0.3,0,0.03,309.86,429.85
-0.005,0.03,0.3,0,0.04,310.51,449.41
-0.005,0.03,0.3,0.01,0,329.33,375.22
-0.005,0.03,0.3,0.01,0.01,329.14,394.75
-0.005,0.03,0.3,0.01,0.02,329.07,413.86
-0.005,0.03,0.3,0.01,0.03,330.17,430.35
-0.005,0.03,0.3,0.01,0.04,329.73,449.16
-0.005,0.03,0.3,0.02,0,347.48,374.96
-0.005,0.03,0.3,0.02,0.01,347.1,393.85
-0.005,0.03,0.3,0.02,0.02,347.43,412.45
-0.005,0.03,0.3,0.02,0.03,348.15,431.1
-0.005,0.03,0.3,0.02,0.04,348.52,449.82
-0.005,0.03,0.3,0.03,0,367.37,375.21
-0.005,0.03,0.3,0.03,0.01,365.35,394.06
-0.005,0.03,0.3,0.03,0.02,366.3,412.2
-0.005,0.03,0.3,0.03,0.03,366.17,431.9
-0.005,0.03,0.3,0.03,0.04,365.11,449.76
-0.005,0.065,0.3,0,0,310.5,440.62
-0.005,0.065,0.3,0,0.01,310.59,460.13
-0.005,0.065,0.3,0,0.02,311.01,477.51
-0.005,0.065,0.3,0,0.03,311.28,495.86
-0.005,0.065,0.3,0,0.04,311.23,514.03
-0.005,0.065,0.3,0.01,0,329.72,439.62
-0.005,0.065,0.3,0.01,0.01,329.04,458.89
-0.005,0.065,0.3,0.01,0.02,329.57,476.86
-0.005,0.065,0.3,0.01,0.03,330.05,495.99
-0.005,0.065,0.3,0.01,0.04,328.6,513.58
-0.005,0.065,0.3,0.02,0,348.88,440.45
-0.005,0.065,0.3,0.02,0.01,348,459.52
-0.005,0.065,0.3,0.02,0.02,348.4,476.81
-0.005,0.065,0.3,0.02,0.03,347.54,495.64
-0.005,0.065,0.3,0.02,0.04,348.38,513.72
-0.005,0.065,0.3,0.03,0,366.53,439.95
-0.005,0.065,0.3,0.03,0.01,367.25,458.33
-0.005,0.065,0.3,0.03,0.02,365.2,476.7
-0.005,0.065,0.3,0.03,0.03,365.9,496.03
-0.005,0.065,0.3,0.03,0.04,367.03,513.99
-0.005,0.1,0.3,0,0,310.25,504.59
-0.005,0.1,0.3,0,0.01,310.2,523.21
-0.005,0.1,0.3,0,0.02,311.08,542.9
-0.005,0.1,0.3,0,0.03,309.81,559.93
-0.005,0.1,0.3,0,0.04,310.91,577.4
-0.005,0.1,0.3,0.01,0,329.21,504.42
-0.005,0.1,0.3,0.01,0.01,328.73,523.37
-0.005,0.1,0.3,0.01,0.02,329.65,541.68
-0.005,0.1,0.3,0.01,0.03,330,559.9
-0.005,0.1,0.3,0.01,0.04,328.03,578.82
-0.005,0.1,0.3,0.02,0,346.89,504.44
-0.005,0.1,0.3,0.02,0.01,348.4,522.31
-0.005,0.1,0.3,0.02,0.02,347.35,541.73
-0.005,0.1,0.3,0.02,0.03,347.64,560.29
-0.005,0.1,0.3,0.02,0.04,347.63,579.25
-0.005,0.1,0.3,0.03,0,365.95,504.87
-0.005,0.1,0.3,0.03,0.01,366.29,523.46
-0.005,0.1,0.3,0.03,0.02,366.93,541.23
-0.005,0.1,0.3,0.03,0.03,365.92,559.63
0.03,-0.005,0.3,0.03,0.04,430.64,384.5
0.03,0.03,0.3,0,0,375.28,376.36
0.03,0.03,0.3,0,0.01,374.94,393.47
0.03,0.03,0.3,0,0.02,376.25,412.79
0.03,0.03,0.3,0,0.03,375.49,431.17
0.03,0.03,0.3,0,0.04,375.74,450.1
0.03,0.03,0.3,0.01,0,393.58,375.29
0.03,0.03,0.3,0.01,0.01,394.31,394.2
0.03,0.03,0.3,0.01,0.02,393.34,412.35
0.03,0.03,0.3,0.01,0.03,394.28,431.02
0.03,0.03,0.3,0.01,0.04,394.68,449.77
0.03,0.03,0.3,0.02,0,412.81,374.45
0.03,0.03,0.3,0.02,0.01,412.17,393.45
0.03,0.03,0.3,0.02,0.02,411.42,412.04
0.03,0.03,0.3,0.02,0.03,412.37,430.82
0.03,0.03,0.3,0.02,0.04,412.23,449.14
0.03,0.03,0.3,0.03,0,430.74,375.5
0.03,0.03,0.3,0.03,0.01,430.54,393.72
0.03,0.03,0.3,0.03,0.02,430.98,411.83
0.03,0.03,0.3,0.03,0.03,431.28,431.76
0.03,0.03,0.3,0.03,0.04,431.03,449.01
0.03,0.065,0.3,0,0,375.27,440.49
0.03,0.065,0.3,0,0.01,375.67,459.09
0.03,0.065,0.3,0,0.02,375.41,477.68
0.03,0.065,0.3,0,0.03,375.87,494.58
0.03,0.065,0.3,0,0.04,375.08,514.1
0.03,0.065,0.3,0.01,0,393.77,440.26
0.03,0.065,0.3,0.01,0.01,394.51,458.63
0.03,0.065,0.3,0.01,0.02,394.63,477.05
0.03,0.065,0.3,0.01,0.03,393.24,494.7
0.03,0.065,0.3,0.01,0.04,393.07,514.21
0.03,0.065,0.3,0.02,0,412.69,440.41
0.03,0.065,0.3,0.02,0.01,412.16,458.29
0.03,0.065,0.3,0.02,0.02,412.31,477.14
0.03,0.065,0.3,0.02,0.03,412.78,495.91
0.03,0.065,0.3,0.02,0.04,413.01,514.29
0.03,0.065,0.3,0.03,0,431.52,440.46
0.03,0.065,0.3,0.03,0.01,430.33,458.11
0.03,0.065,0.3,0.03,0.02,431.17,477.46
0.03,0.065,0.3,0.03,0.03,431.18,495.48
0.03,0.065,0.3,0.03,0.04,430.88,512.65
0.03,0.1,0.3,0,0,375.83,505.01
0.03,0.1,0.3,0,0.01,376.22,523.69
0.03,0.1,0.3,0,0.02,374.84,541.44
0.03,0.1,0.3,0,0.03,375.31,559.79
0.03,0.1,0.3,0,0.04,375.35,578.5
0.03,0.1,0.3,0.01,0,394.15,504.28
0.03,0.1,0.3,0.01,0.01,393.67,522.49
0.03,0.1,0.3,0.01,0.02,393.68,543.2
0.03,0.1,0.3,0.01,0.03,393.86,559.9
0.03,0.1,0.3,0.01,0.04,393.94,578.55
0.03,0.1,0.3,0.02,0,411.66,505.49
0.03,0.1,0.3,0.02,0.01,412.36,523.46
0.03,0.1,0.3,0.02,0.02,412.2,541.53
0.03,0.1,0.3,0.02,0.03,412.01,560.98
0.03,0.1,0.3,0.02,0.04,412.51,578.53
0.03,0.1,0.3,0.03,0,430.44,505.07
0.03,0.1,0.3,0.03,0.01,431.12,522.67
0.03,0.1,0.3,0.03,0.02,430.49,542
0.03,0.1,0.3,0.03,0.03,431.46,560.14
0.065,-0.005,0.3,0.03,0.04,495.35,384.74
0.065,0.03,0.3,0,0,439.32,375.11
0.065,0.03,0.3,0,0.01,440.13,393.38
0.065,0.03,0.3,0,0.02,439.5,411.79
0.065,0.03,0.3,0,0.03,440.95,430.57
0.065,0.03,0.3,0,0.04,439.64,450.23
0.065,0.03,0.3,0.01,0,458.9,375
0.065,0.03,0.3,0.01,0.01,458.6,393.9
0.065,0.03,0.3,0.01,0.02,458.41,412.13
0.065,0.03,0.3,0.01,0.03,458.64,430.81
0.065,0.03,0.3,0.01,0.04,457.64,449.89
0.065,0.03,0.3,0.02,0,477.46,375.67
0.065,0.03,0.3,0.02,0.01,476.45,393.22
0.065,0.03,0.3,0.02,0.02,477.09,412.71
0.065,0.03,0.3,0.02,0.03,476.37,431.18
0.065,0.03,0.3,0.02,0.04,476.19,450.9
0.065,0.03,0.3,0.03,0,495.71,375.46
0.065,0.03,0.3,0.03,0.01,495.71,394.38
0.065,0.03,0.3,0.03,0.02,495.56,412.06
0.065,0.03,0.3,0.03,0.03,496.24,430.56
0.065,0.03,0.3,0.03,0.04,495.33,449.79
0.065,0.065,0.3,0,0,439.82,440.22
0.065,0.065,0.3,0,0.01,440.17,458.64
0.065,0.065,0.3,0,0.02,440.74,476.26
0.065,0.065,0.3,0,0.03,439.47,494.97
0.065,0.065,0.3,0,0.04,439.66,513.53
0.065,0.065,0.3,0.01,0,458.25,440.11
0.065,0.065,0.3,0.01,0.01,458.88,458.65
0.065,0.065,0.3,0.01,0.02,459.25,476.81
0.065,0.065,0.3,0.01,0.03,458.35,495.91
0.065,0.065,0.3,0.01,0.04,458.65,514.84
0.065,0.065,0.3,0.02,0,476.78,439.82
0.065,0.065,0.3,0.02,0.01,476.54,458.71
0.065,0.065,0.3,0.02,0.02,477.23,476.66
0.065,0.065,0.3,0.02,0.03,477.8,495.97
0.065,0.065,0.3,0.02,0.04,478.84,513.4
0.065,0.065,0.3,0.03,0,495.28,440.02
0.065,0.065,0.3,0.03,0.01,495.99,458.5
0.065,0.065,0.3,0.03,0.02,496.12,477.05
0.065,0.065,0.3,0.03,0.03,495.27,495.18
0.065,0.065,0.3,0.03,0.04,495.74,512.92
0.065,0.1,0.3,0,0,439.75,504.87
0.065,0.1,0.3,0,0.01,440.26,524.1
0.065,0.1,0.3,0,0.02,440.19,541.99
0.065,0.1,0.3,0,0.03,440.17,560.78
0.065,0.1,0.3,0,0.04,440.57,579.28
0.065,0.1,0.3,0.01,0,458.41,504.65
0.065,0.1,0.3,0.01,0.01,458.54,522.37
0.065,0.1,0.3,0.01,0.02,458.93,540.83
0.065,0.1,0.3,0.01,0.03,458.72,558.89
0.065,0.1,0.3,0.01,0.04,457.76,579.35
0.065,0.1,0.3,0.02,0,476.68,504.48
0.065,0.1,0.3,0.02,0.01,477.29,524.03
0.065,0.1,0.3,0.02,0.02,477.94,541.62
0.065,0.1,0.3,0.02,0.03,476.05,559.86
0.065,0.1,0.3,0.02,0.04,476.51,577.94
0.065,0.1,0.3,0.03,0,495.32,505.29
0.065,0.1,0.3,0.03,0.01,494.9,523.88
0.065,0.1,0.3,0.03,0.02,495.55,542.25
0.065,0.1,0.3,0.03,0.03,495.56,560.67
0.1,-0.005,0.3,0.03,0.04,559.55,384.33
0.1,0.03,0.3,0,0,505.31,375.06
0.1,0.03,0.3,0,0.01,504.64,394.1
0.1,0.03,0.3,0,0.02,504.65,412.29
0.1,0.03,0.3,0,0.03,504.54,430.54
0.1,0.03,0.3,0,0.04,504.71,449.4
0.1,0.03,0.3,0.01,0,524.2,375.22
0.1,0.03,0.3,0.01,0.01,523.21,394.53
0.1,0.03,0.3,0.01,0.02,523.16,412.28
0.1,0.03,0.3,0.01,0.03,523.33,430.89
0.1,0.03,0.3,0.01,0.04,523.54,448.64
0.1,0.03,0.3,0.02,0,540.45,374.64
0.1,0.03,0.3,0.02,0.01,541.91,394.46
0.1,0.03,0.3,0.02,0.02,541.81,412.78
0.1,0.03,0.3,0.02,0.03,540.81,429.61
0.1,0.03,0.3,0.02,0.04,541.82,450.17
0.1,0.03,0.3,0.03,0,560.08,376.33
0.1,0.03,0.3,0.03,0.01,559.84,393.62
0.1,0.03,0.3,0.03,0.02,561.67,412.16
0.1,0.03,0.3,0.03,0.03,559.51,430.18
0.1,0.03,0.3,0.03,0.04,559.74,449.2
0.1,0.065,0.3,0,0,504.76,440.3
0.1,0.065,0.3,0,0.01,505.04,458.66
0.1,0.065,0.3,0,0.02,505.48,477.57
0.1,0.065,0.3,0,0.03,504.17,496.05
0.1,0.065,0.3,0,0.04,504.63,513.07
0.1,0.065,0.3,0.01,0,523.45,439.94
0.1,0.065,0.3,0.01,0.01,523.85,458.03
0.1,0.065,0.3,0.01,0.02,522.76,477.48
0.1,0.065,0.3,0.01,0.03,523.25,495.47
0.1,0.065,0.3,0.01,0.04,523.23,513.34
0.1,0.065,0.3,0.02,0,542.09,439.67
0.1,0.065,0.3,0.02,0.01,541.51,458.97
0.1,0.065,0.3,0.02,0.02,541.85,477.25
0.1,0.065,0.3,0.02,0.03,541.26,495.63
0.1,0.065,0.3,0.02,0.04,542.04,514.03
0.1,0.065,0.3,0.03,0,560.1,440.78
0.1,0.065,0.3,0.03,0.01,561.02,457.41
0.1,0.065,0.3,0.03,0.02,559.8,477.43
0.1,0.065,0.3,0.03,0.03,560.41,495.83
0.1,0.065,0.3,0.03,0.04,560.54,514.05
0.1,0.1,0.3,0,0,504.74,504.55
0.1,0.1,0.3,0,0.01,505.41,522.67
0.1,0.1,0.3,0,0.02,504.88,541.52
0.1,0.1,0.3,0,0.03,504.93,560.41
0.1,0.1,0.3,0,0.04,505.08,578.25
0.1,0.1,0.3,0.01,0,523.94,504.88
0.1,0.1,0.3,0.01,0.01,523.54,523.89
0.1,0.1,0.3,0.01,0.02,523.56,541.58
0.1,0.1,0.3,0.01,0.03,522.3,560.35
0.1,0.1,0.3,0.01,0.04,523.39,578.46
0.1,0.1,0.3,0.02,0,541.3,504.01
0.1,0.1,0.3,0.02,0.01,541.71,523.71
0.1,0.1,0.3,0.02,0.02,541.76,542.31
0.1,0.1,0.3,0.02,0.03,541.19,559.8
0.1,0.1,0.3,0.02,0.04,541.38,579.21
0.1,0.1,0.3,0.03,0,559.69,504.31
0.1,0.1,0.3,0.03,0.01,560.06,523.33
0.1,0.1,0.3,0.03,0.02,560.38,542.79
0.1,0.1,0.3,0.03,0.03,559.93,559.92
-0.04,-0.005,0.31,0.03,0.04,301.98,382.76
-0.04,0.03,0.31,0,0,247.98,373.2
-0.04,0.03,0.31,0,0.01,247.83,391.53
-0.04,0.03,0.31,0,0.02,249.08,408.32
-0.04,0.03,0.31,0,0.03,249.15,427.36
-0.04,0.03,0.31,0,0.04,248.22,445.3
-0.04,0.03,0.31,0.01,0,266.56,374.04
-0.04,0.03,0.31,0.01,0.01,266.18,391.16
-0.04,0.03,0.31,0.01,0.02,265.1,409.28
-0.04,0.03,0.31,0.01,0.03,266.65,427.65
-0.04,0.03,0.31,0.01,0.04,266.08,446.47
-0.04,0.03,0.31,0.02,0,284.08,373.99
-0.04,0.03,0.31,0.02,0.01,283.69,391.46
-0.04,0.03,0.31,0.02,0.02,284.34,409.15
-0.04,0.03,0.31,0.02,0.03,283.95,426.4
-0.04,0.03,0.31,0.02,0.04,284.87,445.29
-0.04,0.03,0.31,0.03,0,301.13,373.72
-0.04,0.03,0.31,0.03,0.01,302.48,391.74
-0.04,0.03,0.31,0.03,0.02,302.23,409.2
-0.04,0.03,0.31,0.03,0.03,301.84,427.34
-0.04,0.03,0.31,0.03,0.04,302.82,444.73
-0.04,0.065,0.31,0,0,248.04,436.33
-0.04,0.065,0.31,0,0.01,249.16,454.59
-0.04,0.065,0.31,0,0.02,248.87,471.49
-0.04,0.065,0.31,0,0.03,247.41,490.4
-0.04,0.065,0.31,0,0.04,248.67,508.08
-0.04,0.065,0.31,0.01,0,266.6,436.16
-0.04,0.065,0.31,0.01,0.01,265.86,453.95
-0.04,0.065,0.31,0.01,0.02,266.51,471.37
-0.04,0.065,0.31,0.01,0.03,265.68,490.34
-0.04,0.065,0.31,0.01,0.04,266.3,507.8
-0.04,0.065,0.31,0.02,0,283.77,436.06
-0.04,0.065,0.31,0.02,0.01,284.3,453.87
-0.04,0.065,0.31,0.02,0.02,284.04,471.23
-0.04,0.065,0.31,0.02,0.03,284.29,489.77
-0.04,0.065,0.31,0.02,0.04,284.64,506.87
-0.04,0.065,0.31,0.03,0,302.7,435.97
-0.04,0.065,0.31,0.03,0.01,301.89,454.4
-0.04,0.065,0.31,0.03,0.02,301.75,472.08
-0.04,0.065,0.31,0.03,0.03,302.14,490.31
-0.04,0.065,0.31,0.03,0.04,302.2,507.27
-0.04,0.1,0.31,0,0,247.94,498.61
-0.04,0.1,0.31,0,0.01,248.13,517.21
-0.04,0.1,0.31,0,0.02,248.63,534.58
-0.04,0.1,0.31,0,0.03,249.26,552.85
-0.04,0.1,0.31,0,0.04,248,570.84
-0.04,0.1,0.31,0.01,0,267.04,498.59
-0.04,0.1,0.31,0.01,0.01,265.98,516.51
-0.04,0.1,0.31,0.01,0.02,266.59,534.15
-0.04,0.1,0.31,0.01,0.03,265.91,552.83
-0.04,0.1,0.31,0.01,0.04,266.35,570.61
-0.04,0.1,0.31,0.02,0,284.58,498.42
-0.04,0.1,0.31,0.02,0.01,284.99,516.42
-0.04,0.1,0.31,0.02,0.02,283.34,534.49
-0.04,0.1,0.31,0.02,0.03,284.28,552.83
-0.04,0.1,0.31,0.02,0.04,284.65,569.98
-0.04,0.1,0.31,0.03,0,302.3,498.99
-0.04,0.1,0.31,0.03,0.01,302.32,516.13
-0.04,0.1,0.31,0.03,0.02,301.8,534.93
-0.04,0.1,0.31,0.03,0.03,301.48,552.4
-0.005,-0.005,0.31,0.03,0.04,364.16,382.45
-0.005,0.03,0.31,0,0,310.96,372.93
-0.005,0.03,0.31,0,0.01,310.48,391.51
-0.005,0.03,0.31,0,0.02,310.47,409.92
-0.005,0.03,0.31,0,0.03,310.63,425.98
-0.005,0.03,0.31,0,0.04,311.53,445.07
-0.005,0.03,0.31,0.01,0,329.41,372.8
-0.005,0.03,0.31,0.01,0.01,329.1,392.05
-0.005,0.03,0.31,0.01,0.02,329.49,409.43
-0.005,0.03,0.31,0.01,0.03,328.39,426.84
-0.005,0.03,0.31,0.01,0.04,329.04,444.98
-0.005,0.03,0.31,0.02,0,346.55,373.45
-0.005,0.03,0.31,0.02,0.01,347.48,391.93
-0.005,0.03,0.31,0.02,0.02,347.03,408.65
-0.005,0.03,0.31,0.02,0.03,346.73,427.5
-0.005,0.03,0.31,0.02,0.04,347.33,445.81
-0.005,0.03,0.31,0.03,0,364.25,373.39
-0.005,0.03,0.31,0.03,0.01,363.89,390.94
-0.005,0.03,0.31,0.03,0.02,364.38,409.27
-0.005,0.03,0.31,0.03,0.03,364.76,427.18
-0.005,0.03,0.31,0.03,0.04,364.65,445.39
-0.005,0.065,0.31,0,0,311.38,436.66
-0.005,0.065,0.31,0,0.01,310.24,454.97
-0.005,0.065,0.31,0,0.02,311.67,472.18
-0.005,0.065,0.31,0,0.03,310.25,489.55
-0.005,0.065,0.31,0,0.04,311.28,507.6
-0.005,0.065,0.31,0.01,0,329.11,436.73
-0.005,0.065,0.31,0.01,0.01,328.41,454.02
-0.005,0.065,0.31,0.01,0.02,329.36,471.85
-0.005,0.065,0.31,0.01,0.03,329.05,491.01
-0.005,0.065,0.31,0.01,0.04,329.15,507.66
-0.005,0.065,0.31,0.02,0,347.23,436.87
-0.005,0.065,0.31,0.02,0.01,346.9,454.58
-0.005,0.065,0.31,0.02,0.02,346.85,472.31
-0.005,0.065,0.31,0.02,0.03,345.94,489.73
-0.005,0.065,0.31,0.02,0.04,346.46,507.51
-0.005,0.065,0.31,0.03,0,364.6,435.19
-0.005,0.065,0.31,0.03,0.01,363.87,454.64
-0.005,0.065,0.31,0.03,0.02,364.95,472.32
-0.005,0.065,0.31,0.03,0.03,364.48,489.6
-0.005,0.065,0.31,0.03,0.04,365.4,507.25
-0.005,0.1,0.31,0,0,311.65,498.01
-0.005,0.1,0.31,0,0.01,311.86,516.01
-0.005,0.1,0.31,0,0.02,311.49,534.33
-0.005,0.1,0.31,0,0.03,310.4,552.02
-0.005,0.1,0.31,0,0.04,310.98,570.9
-0.005,0.1,0.31,0.01,0,327.54,498.79
-0.005,0.1,0.31,0.01,0.01,328.46,516.89
-0.005,0.1,0.31,0.01,0.02,329.21,534.46
-0.005,0.1,0.31,0.01,0.03,329.39,552.17
-0.005,0.1,0.31,0.01,0.04,329.32,569.83
-0.005,0.1,0.31,0.02,0,346.63,498.65
-0.005,0.1,0.31,0.02,0.01,346.53,516.75
-0.005,0.1,0.31,0.02,0.02,347.25,535.01
-0.005,0.1,0.31,0.02,0.03,347.23,552.81
-0.005,0.1,0.31,0.02,0.04,346.8,570.81
-0.005,0.1,0.31,0.03,0,364.01,500.04
-0.005,0.1,0.31,0.03,0.01,364.19,516.91
-0.005,0.1,0.31,0.03,0.02,364.92,534.65
-0.005,0.1,0.31,0.03,0.03,365.53,553.08
0.03,-0.005,0.31,0.03,0.04,428.04,381.71
0.03,0.03,0.31,0,0,373.53,374.25
0.03,0.03,0.31,0,0.01,373.36,391.8
0.03,0.03,0.31,0,0.02,373.81,408.72
0.03,0.03,0.31,0,0.03,374.24,427.42
0.03,0.03,0.31,0,0.04,372.67,445.64
0.03,0.03,0.31,0.01,0,391.13,374.3
0.03,0.03,0.31,0.01,0.01,391.79,391.91
0.03,0.03,0.31,0.01,0.02,391.19,409.14
0.03,0.03,0.31,0.01,0.03,392.83,427.23
0.03,0.03,0.31,0.01,0.04,391.53,444.8
0.03,0.03,0.31,0.02,0,409.4,374.04
0.03,0.03,0.31,0.02,0.01,409.85,390.32
0.03,0.03,0.31,0.02,0.02,409.63,409.7
0.03,0.03,0.31,0.02,0.03,409,426.94
0.03,0.03,0.31,0.02,0.04,409.09,445.17
0.03,0.03,0.31,0.03,0,427.58,372.66
0.03,0.03,0.31,0.03,0.01,427.25,390.98
0.03,0.03,0.31,0.03,0.02,427.59,410
0.03,0.03,0.31,0.03,0.03,427.01,427.62
0.03,0.03,0.31,0.03,0.04,427.04,445.48
0.03,0.065,0.31,0,0,374.67,434.77
0.03,0.065,0.31,0,0.01,374.08,453.65
0.03,0.065,0.31,0,0.02,374.11,472.05
0.03,0.065,0.31,0,0.03,373.39,489.68
0.03,0.065,0.31,0,0.04,373.29,509.05
0.03,0.065,0.31,0.01,0,391.32,436.76
0.03,0.065,0.31,0.01,0.01,391.75,453.55
0.03,0.065,0.31,0.01,0.02,390.43,472.02
0.03,0.065,0.31,0.01,0.03,390.14,489.68
0.03,0.065,0.31,0.01,0.04,391.44,507.82
0.03,0.065,0.31,0.02,0,409.05,435.08
0.03,0.065,0.31,0.02,0.01,410.24,453.5
0.03,0.065,0.31,0.02,0.02,410.08,471.76
0.03,0.065,0.31,0.02,0.03,409.69,489.38
0.03,0.065,0.31,0.02,0.04,409.11,508.33
0.03,0.065,0.31,0.03,0,427.63,436.97
0.03,0.065,0.31,0.03,0.01,428.06,453.82
0.03,0.065,0.31,0.03,0.02,427.34,472
0.03,0.065,0.31,0.03,0.03,426.72,489.53
0.03,0.065,0.31,0.03,0.04,427.09,507.99
0.03,0.1,0.31,0,0,373.72,498.08
0.03,0.1,0.31,0,0.01,373.95,517.37
0.03,0.1,0.31,0,0.02,373.52,534.37
0.03,0.1,0.31,0,0.03,373.73,552
0.03,0.1,0.31,0,0.04,373.57,569.45
0.03,0.1,0.31,0.01,0,391.04,498.07
0.03,0.1,0.31,0.01,0.01,391.65,516.66
0.03,0.1,0.31,0.01,0.02,392.07,534.42
0.03,0.1,0.31,0.01,0.03,391.5,552.96
0.03,0.1,0.31,0.01,0.04,391.37,569.89
0.03,0.1,0.31,0.02,0,409.4,499.71
0.03,0.1,0.31,0.02,0.01,409.3,516.98
0.03,0.1,0.31,0.02,0.02,409.08,534.75
0.03,0.1,0.31,0.02,0.03,410.16,553.09
0.03,0.1,0.31,0.02,0.04,408.22,570.07
0.03,0.1,0.31,0.03,0,426.77,499.06
0.03,0.1,0.31,0.03,0.01,427.81,516.86
0.03,0.1,0.31,0.03,0.02,427.87,533.66
0.03,0.1,0.31,0.03,0.03,426.97,551.83
0.065,-0.005,0.31,0.03,0.04,490.56,382.35
0.065,0.03,0.31,0,0,436.22,373.86
0.065,0.03,0.31,0,0.01,436.19,391.83
0.065,0.03,0.31,0,0.02,435.76,409.79
0.065,0.03,0.31,0,0.03,436.51,426.98
0.065,0.03,0.31,0,0.04,437.22,445.35
0.065,0.03,0.31,0.01,0,454.44,374.02
0.065,0.03,0.31,0.01,0.01,454.87,392.18
0.065,0.03,0.31,0.01,0.02,454.09,409.42
0.065,0.03,0.31,0.01,0.03,453.42,426.88
0.065,0.03,0.31,0.01,0.04,453.66,445.04
0.065,0.03,0.31,0.02,0,472.16,373.63
0.065,0.03,0.31,0.02,0.01,472.91,390.49
0.065,0.03,0.31,0.02,0.02,471.61,408.48
0.065,0.03,0.31,0.02,0.03,471.61,427.71
0.065,0.03,0.31,0.02,0.04,472.51,445.48
0.065,0.03,0.31,0.03,0,489.67,373.81
0.065,0.03,0.31,0.03,0.01,490.31,392
0.065,0.03,0.31,0.03,0.02,489.88,409.02
0.065,0.03,0.31,0.03,0.03,489.5,427.14
0.065,0.03,0.31,0.03,0.04,489.96,444.42
0.065,0.065,0.31,0,0,436.16,436.65
0.065,0.065,0.31,0,0.01,436.37,453.61
0.065,0.065,0.31,0,0.02,435.62,471.74
0.065,0.065,0.31,0,0.03,435.74,490.22
0.065,0.065,0.31,0,0.04,436.18,508.31
0.065,0.065,0.31,0.01,0,454.09,436.49
0.065,0.065,0.31,0.01,0.01,454.42,454.68
0.065,0.065,0.31,0.01,0.02,453.69,471.17
0.065,0.065,0.31,0.01,0.03,455.09,489.24
0.065,0.065,0.31,0.01,0.04,453.51,507.82
0.065,0.065,0.31,0.02,0,472.69,436.24
0.065,0.065,0.31,0.02,0.01,472.5,453.2
0.065,0.065,0.31,0.02,0.02,472.29,472.16
0.065,0.065,0.31,0.02,0.03,472.4,490.9
0.065,0.065,0.31,0.02,0.04,471.73,507.96
0.065,0.065,0.31,0.03,0,489.01,436.26
0.065,0.065,0.31,0.03,0.01,489.95,454.9
0.065,0.065,0.31,0.03,0.02,490.24,472.23
0.065,0.065,0.31,0.03,0.03,489.36,490.08
0.065,0.065,0.31,0.03,0.04,490.46,508.17
0.065,0.1,0.31,0,0,435.33,498.77
0.065,0.1,0.31,0,0.01,435.62,517.2
0.065,0.1,0.31,0,0.02,436.23,534.56
0.065,0.1,0.31,0,0.03,436.16,552.95
0.065,0.1,0.31,0,0.04,436.85,570.13
0.065,0.1,0.31,0.01,0,453.48,498.65
0.065,0.1,0.31,0.01,0.01,454.86,516.37
0.065,0.1,0.31,0.01,0.02,453.7,534.78
0.065,0.1,0.31,0.01,0.03,453.92,552.49
0.065,0.1,0.31,0.01,0.04,453.64,570.17
0.065,0.1,0.31,0.02,0,472.18,498.85
0.065,0.1,0.31,0.02,0.01,472.74,516.2
0.065,0.1,0.31,0.02,0.02,471.68,533.52
0.065,0.1,0.31,0.02,0.03,472.09,553.09
0.065,0.1,0.31,0.02,0.04,472.36,569.56
0.065,0.1,0.31,0.03,0,489.79,498.54
0.065,0.1,0.31,0.03,0.01,489.65,516.85
0.065,0.1,0.31,0.03,0.02,490.21,534.55
0.065,0.1,0.31,0.03,0.03,489.54,552.27
0.1,-0.005,0.31,0.03,0.04,552.94,382.97
0.1,0.03,0.31,0,0,498.98,373.39
0.1,0.03,0.31,0,0.01,498.98,391.39
0.1,0.03,0.31,0,0.02,498.26,408.56
0.1,0.03,0.31,0,0.03,498.05,426.89
0.1,0.03,0.31,0,0.04,499.81,445.35
0.1,0.03,0.31,0.01,0,516.58,373.65
0.1,0.03,0.31,0.01,0.01,517.04,391.79
0.1,0.03,0.31,0.01,0.02,517.16,409.65
0.1,0.03,0.31,0.01,0.03,517.43,426.75
0.1,0.03,0.31,0.01,0.04,516.12,445.22
0.1,0.03,0.31,0.02,0,534.55,373.42
0.1,0.03,0.31,0.02,0.01,533.78,391.24
0.1,0.03,0.31,0.02,0.02,533.94,410.04
0.1,0.03,0.31,0.02,0.03,535.36,427.2
0.1,0.03,0.31,0.02,0.04,534.17,445.91
0.1,0.03,0.31,0.03,0,552.02,372.52
0.1,0.03,0.31,0.03,0.01,552.43,390.79
0.1,0.03,0.31,0.03,0.02,552.87,409.34
0.1,0.03,0.31,0.03,0.03,552.5,427.16
0.1,0.03,0.31,0.03,0.04,551.66,445.54
0.1,0.065,0.31,0,0,498.51,437.15
0.1,0.065,0.31,0,0.01,498.6,454.17
0.1,0.065,0.31,0,0.02,498.82,472.68
0.1,0.065,0.31,0,0.03,499.11,490.1
0.1,0.065,0.31,0,0.04,499.19,508.05
0.1,0.065,0.31,0.01,0,517.08,436
0.1,0.065,0.31,0.01,0.01,516.08,453.32
0.1,0.065,0.31,0.01,0.02,516.07,471.16
0.1,0.065,0.31,0.01,0.03,515.73,489.66
0.1,0.065,0.31,0.01,0.04,517.12,507.94
0.1,0.065,0.31,0.02,0,533.67,436.64
0.1,0.065,0.31,0.02,0.01,534.46,453.74
0.1,0.065,0.31,0.02,0.02,534.29,471.06
0.1,0.065,0.31,0.02,0.03,534.46,490.61
0.1,0.065,0.31,0.02,0.04,535.06,508.31
0.1,0.065,0.31,0.03,0,553.44,436.19
0.1,0.065,0.31,0.03,0.01,551.33,454.89
0.1,0.065,0.31,0.03,0.02,552.54,471.87
0.1,0.065,0.31,0.03,0.03,552.75,489.93
0.1,0.065,0.31,0.03,0.04,552.2,506.95
0.1,0.1,0.31,0,0,498.39,498.74
0.1,0.1,0.31,0,0.01,499.18,516.51
0.1,0.1,0.31,0,0.02,499.16,534.79
0.1,0.1,0.31,0,0.03,499.09,552.73
0.1,0.1,0.31,0,0.04,499.44,569.45
0.1,0.1,0.31,0.01,0,517.68,498.39
0.1,0.1,0.31,0.01,0.01,516.76,516.44
0.1,0.1,0.31,0.01,0.02,516.11,535.05
0.1,0.1,0.31,0.01,0.03,516.7,553.17
0.1,0.1,0.31,0.01,0.04,516.78,570.31
0.1,0.1,0.31,0.02,0,534.94,497.85
0.1,0.1,0.31,0.02,0.01,534.45,516.13
0.1,0.1,0.31,0.02,0.02,534.92,535.49
0.1,0.1,0.31,0.02,0.03,534.65,551.64
0.1,0.1,0.31,0.02,0.04,535.45,570.05
0.1,0.1,0.31,0.03,0,552.3,498.6
0.1,0.1,0.31,0.03,0.01,551.66,516.13
0.1,0.1,0.31,0.03,0.02,552.92,535.04
0.1,0.1,0.31,0.03,0.03,553.11,552.26
-0.04,-0.005,0.32,0.03,0.04,302.81,380.53
-0.04,0.03,0.32,0,0,250.07,371.97
-0.04,0.03,0.32,0,0.01,250.94,389.21
-0.04,0.03,0.32,0,0.02,250.58,406.29
-0.04,0.03,0.32,0,0.03,250.58,424.62
-0.04,0.03,0.32,0,0.04,250.46,441.37
-0.04,0.03,0.32,0.01,0,268.99,372.67
-0.04,0.03,0.32,0.01,0.01,268.52,388.57
-0.04,0.03,0.32,0.01,0.02,269.09,407.29
-0.04,0.03,0.32,0.01,0.03,268.15,423.96
-0.04,0.03,0.32,0.01,0.04,267.84,441.67
-0.04,0.03,0.32,0.02,0,284.92,371.7
-0.04,0.03,0.32,0.02,0.01,285.84,388.88
-0.04,0.03,0.32,0.02,0.02,286.26,406.82
-0.04,0.03,0.32,0.02,0.03,285.61,423.57
-0.04,0.03,0.32,0.02,0.04,285.17,441.77
-0.04,0.03,0.32,0.03,0,302.07,372.29
-0.04,0.03,0.32,0.03,0.01,303.01,389.13
-0.04,0.03,0.32,0.03,0.02,302,406.39
-0.04,0.03,0.32,0.03,0.03,302.23,424.52
-0.04,0.03,0.32,0.03,0.04,302.22,440.5
-0.04,0.065,0.32,0,0,251.18,433.49
-0.04,0.065,0.32,0,0.01,250.71,449.39
-0.04,0.065,0.32,0,0.02,251.73,468.21
-0.04,0.065,0.32,0,0.03,251.07,484.18
-0.04,0.065,0.32,0,0.04,250.24,501.27
-0.04,0.065,0.32,0.01,0,267.3,433.09
-0.04,0.065,0.32,0.01,0.01,267.74,450.34
-0.04,0.065,0.32,0.01,0.02,267.43,466.8
-0.04,0.065,0.32,0.01,0.03,267.61,484.71
-0.04,0.065,0.32,0.01,0.04,267.95,501.95
-0.04,0.065,0.32,0.02,0,285.51,432.01
-0.04,0.065,0.32,0.02,0.01,285.47,449.44
-0.04,0.065,0.32,0.02,0.02,285.22,467.13
-0.04,0.065,0.32,0.02,0.03,285,483.8
-0.04,0.065,0.32,0.02,0.04,285.55,501.46
-0.04,0.065,0.32,0.03,0,302.72,433.76
-0.04,0.065,0.32,0.03,0.01,302.79,449.79
-0.04,0.065,0.32,0.03,0.02,301.69,467.2
-0.04,0.065,0.32,0.03,0.03,303.05,484.89
-0.04,0.065,0.32,0.03,0.04,303.48,502.14
-0.04,0.1,0.32,0,0,250.92,492.81
-0.04,0.1,0.32,0,0.01,250.18,510.49
-0.04,0.1,0.32,0,0.02,250.52,528.18
-0.04,0.1,0.32,0,0.03,250.67,544.17
-0.04,0.1,0.32,0,0.04,250.99,562.81
-0.04,0.1,0.32,0.01,0,268.17,492.66
-0.04,0.1,0.32,0.01,0.01,268.5,509.84
-0.04,0.1,0.32,0.01,0.02,267.29,527.38
-0.04,0.1,0.32,0.01,0.03,268.8,545.61
-0.04,0.1,0.32,0.01,0.04,267.61,562.79
-0.04,0.1,0.32,0.02,0,285.05,492.98
-0.04,0.1,0.32,0.02,0.01,285.07,511.7
-0.04,0.1,0.32,0.02,0.02,285.01,528.72
-0.04,0.1,0.32,0.02,0.03,286.02,545.25
-0.04,0.1,0.32,0.02,0.04,285.16,562.75
-0.04,0.1,0.32,0.03,0,302.26,493.3
-0.04,0.1,0.32,0.03,0.01,302.29,510.24
-0.04,0.1,0.32,0.03,0.02,302.97,526.67
-0.04,0.1,0.32,0.03,0.03,302.56,544.97
-0.005,-0.005,0.32,0.03,0.04,363.04,381.32
-0.005,0.03,0.32,0,0,311.86,372.25
-0.005,0.03,0.32,0,0.01,312.11,389.56
-0.005,0.03,0.32,0,0.02,310.89,406.25
-0.005,0.03,0.32,0,0.03,310.94,424.77
-0.005,0.03,0.32,0,0.04,310.74,441.6
-0.005,0.03,0.32,0.01,0,328.89,372.12
-0.005,0.03,0.32,0.01,0.01,329.29,390.07
-0.005,0.03,0.32,0.01,0.02,329.25,406.57
-0.005,0.03,0.32,0.01,0.03,329.33,424.47
-0.005,0.03,0.32,0.01,0.04,329.35,440.4
-0.005,0.03,0.32,0.02,0,345.8,371.86
-0.005,0.03,0.32,0.02,0.01,346.53,389.56
-0.005,0.03,0.32,0.02,0.02,345.43,406.11
-0.005,0.03,0.32,0.02,0.03,346.29,424.89
-0.005,0.03,0.32,0.02,0.04,345.78,441.22
-0.005,0.03,0.32,0.03,0,363.53,372.17
-0.005,0.03,0.32,0.03,0.01,363.8,388.59
-0.005,0.03,0.32,0.03,0.02,363.97,406.35
-0.005,0.03,0.32,0.03,0.03,363.19,425.01
-0.005,0.03,0.32,0.03,0.04,363.25,440.66
-0.005,0.065,0.32,0,0,311.23,432.19
-0.005,0.065,0.32,0,0.01,310.75,449.81
-0.005,0.065,0.32,0,0.02,311.01,467.3
-0.005,0.065,0.32,0,0.03,310.89,485.16
-0.005,0.065,0.32,0,0.04,310.98,501.43
-0.005,0.065,0.32,0.01,0,328.37,432.69
-0.005,0.065,0.32,0.01,0.01,328.33,450.29
-0.005,0.065,0.32,0.01,0.02,329.11,467.02
-0.005,0.065,0.32,0.01,0.03,328.97,485.2
-0.005,0.065,0.32,0.01,0.04,329.21,502.43
-0.005,0.065,0.32,0.02,0,345.37,432.76
-0.005,0.065,0.32,0.02,0.01,345.89,449.92
-0.005,0.065,0.32,0.02,0.02,345.36,466.03
-0.005,0.065,0.32,0.02,0.03,344.95,483.27
-0.005,0.065,0.32,0.02,0.04,346.92,501.93
-0.005,0.065,0.32,0.03,0,363.72,432.79
-0.005,0.065,0.32,0.03,0.01,363.14,450.94
-0.005,0.065,0.32,0.03,0.02,363.03,467.33
-0.005,0.065,0.32,0.03,0.03,362.87,484.69
-0.005,0.065,0.32,0.03,0.04,362.82,501.37
-0.005,0.1,0.32,0,0,311.29,493.88
-0.005,0.1,0.32,0,0.01,311.63,510.78
-0.005,0.1,0.32,0,0.02,311.18,527.72
-0.005,0.1,0.32,0,0.03,310.51,544.42
-0.005,0.1,0.32,0,0.04,311.45,562.71
-0.005,0.1,0.32,0.01,0,328.62,492.31
-0.005,0.1,0.32,0.01,0.01,328.58,509.81
-0.005,0.1,0.32,0.01,0.02,328,527.19
-0.005,0.1,0.32,0.01,0.03,329.25,546.2
-0.005,0.1,0.32,0.01,0.04,328.83,561.94
-0.005,0.1,0.32,0.02,0,345.44,493
-0.005,0.1,0.32,0.02,0.01,345.66,510.16
-0.005,0.1,0.32,0.02,0.02,346.18,527.47
-0.005,0.1,0.32,0.02,0.03,345.45,544.12
-0.005,0.1,0.32,0.02,0.04,346.28,562.97
-0.005,0.1,0.32,0.03,0,363.58,492.87
-0.005,0.1,0.32,0.03,0.01,363.32,511.54
-0.005,0.1,0.32,0.03,0.02,363.65,528.19
-0.005,0.1,0.32,0.03,0.03,363.02,545.4
0.03,-0.005,0.32,0.03,0.04,423.1,380.04
0.03,0.03,0.32,0,0,371.61,371.91
0.03,0.03,0.32,0,0.01,372.65,388.98
0.03,0.03,0.32,0,0.02,371.26,406.51
0.03,0.03,0.32,0,0.03,372.22,424.17
0.03,0.03,0.32,0,0.04,372.02,440.13
0.03,0.03,0.32,0.01,0,388.9,372.39
0.03,0.03,0.32,0.01,0.01,388.57,389.57
0.03,0.03,0.32,0.01,0.02,388.77,406.39
0.03,0.03,0.32,0.01,0.03,389.18,424.01
0.03,0.03,0.32,0.01,0.04,390.05,440.76
0.03,0.03,0.32,0.02,0,406.75,372.23
0.03,0.03,0.32,0.02,0.01,406.27,390.1
0.03,0.03,0.32,0.02,0.02,406.71,406.58
0.03,0.03,0.32,0.02,0.03,406.7,423.01
0.03,0.03,0.32,0.02,0.04,406.85,441.97
0.03,0.03,0.32,0.03,0,423.91,372.38
0.03,0.03,0.32,0.03,0.01,423.16,390.09
0.03,0.03,0.32,0.03,0.02,423.59,406.29
0.03,0.03,0.32,0.03,0.03,424.52,423.79
0.03,0.03,0.32,0.03,0.04,423.84,441.2
0.03,0.065,0.32,0,0,371.73,433.41
0.03,0.065,0.32,0,0.01,372.21,450.8
0.03,0.065,0.32,0,0.02,372.01,465.84
0.03,0.065,0.32,0,0.03,372.31,485.13
0.03,0.065,0.32,0,0.04,373.36,501.52
0.03,0.065,0.32,0.01,0,389.39,432.23
0.03,0.065,0.32,0.01,0.01,388.98,450.09
0.03,0.065,0.32,0.01,0.02,388.9,467.65
0.03,0.065,0.32,0.01,0.03,388.68,485.35
0.03,0.065,0.32,0.01,0.04,389.07,501.63
0.03,0.065,0.32,0.02,0,406.32,432.84
0.03,0.065,0.32,0.02,0.01,406.77,449.42
0.03,0.065,0.32,0.02,0.02,406.2,467.38
0.03,0.065,0.32,0.02,0.03,406.31,484.67
0.03,0.065,0.32,0.02,0.04,406.37,502.26
0.03,0.065,0.32,0.03,0,423.53,432.69
0.03,0.065,0.32,0.03,0.01,423.55,450.03
0.03,0.065,0.32,0.03,0.02,424.38,467.42
0.03,0.065,0.32,0.03,0.03,423.83,484.71
0.03,0.065,0.32,0.03,0.04,423.69,501.97
0.03,0.1,0.32,0,0,372.09,493.4
0.03,0.1,0.32,0,0.01,371.4,509.97
0.03,0.1,0.32,0,0.02,373.46,528.48
0.03,0.1,0.32,0,0.03,372.15,546.27
0.03,0.1,0.32,0,0.04,371.32,563.11
0.03,0.1,0.32,0.01,0,388.74,493.88
0.03,0.1,0.32,0.01,0.01,388.96,510.77
0.03,0.1,0.32,0.01,0.02,389.61,528
0.03,0.1,0.32,0.01,0.03,388.68,544.97
0.03,0.1,0.32,0.01,0.04,388.62,562.49
0.03,0.1,0.32,0.02,0,406.13,493.73
0.03,0.1,0.32,0.02,0.01,406.45,510.2
0.03,0.1,0.32,0.02,0.02,406.05,528.26
0.03,0.1,0.32,0.02,0.03,406.19,544.92
0.03,0.1,0.32,0.02,0.04,406.94,562.53
0.03,0.1,0.32,0.03,0,424.56,492.97
0.03,0.1,0.32,0.03,0.01,424.01,509.89
0.03,0.1,0.32,0.03,0.02,424.15,528.07
0.03,0.1,0.32,0.03,0.03,423.78,545.14
0.065,-0.005,0.32,0.03,0.04,484.68,380.84
0.065,0.03,0.32,0,0,432.78,371.5
0.065,0.03,0.32,0,0.01,432.46,388.87
0.065,0.03,0.32,0,0.02,433.21,405.8
0.065,0.03,0.32,0,0.03,432.41,424.19
0.065,0.03,0.32,0,0.04,432.08,440.45
0.065,0.03,0.32,0.01,0,450.58,372.41
0.065,0.03,0.32,0.01,0.01,450.64,388.27
0.065,0.03,0.32,0.01,0.02,449.88,406.8
0.065,0.03,0.32,0.01,0.03,449.32,424
0.065,0.03,0.32,0.01,0.04,450.75,441.77
0.065,0.03,0.32,0.02,0,467.21,371.63
0.065,0.03,0.32,0.02,0.01,466.87,389.51
0.065,0.03,0.32,0.02,0.02,466.94,405.3
0.065,0.03,0.32,0.02,0.03,467.19,423.71
0.065,0.03,0.32,0.02,0.04,468.41,440.9
0.065,0.03,0.32,0.03,0,484.98,372.59
0.065,0.03,0.32,0.03,0.01,484.36,389.1
0.065,0.03,0.32,0.03,0.02,485.4,406.59
0.065,0.03,0.32,0.03,0.03,484.84,423.16
0.065,0.03,0.32,0.03,0.04,484.61,441.33
0.065,0.065,0.32,0,0,432.93,433.48
0.065,0.065,0.32,0,0.01,431.76,450.64
0.065,0.065,0.32,0,0.02,432.26,467.38
0.065,0.065,0.32,0,0.03,432.65,484.59
0.065,0.065,0.32,0,0.04,433.23,502.39
0.065,0.065,0.32,0.01,0,450.2,432.85
0.065,0.065,0.32,0.01,0.01,449.94,449.71
0.065,0.065,0.32,0.01,0.02,450.41,467.94
0.065,0.065,0.32,0.01,0.03,450.05,484.35
0.065,0.065,0.32,0.01,0.04,450.95,501.45
0.065,0.065,0.32,0.02,0,466.66,433.14
0.065,0.065,0.32,0.02,0.01,466.45,450.47
0.065,0.065,0.32,0.02,0.02,466.43,467.37
0.065,0.065,0.32,0.02,0.03,468.14,484.21
0.065,0.065,0.32,0.02,0.04,466.61,501.93
0.065,0.065,0.32,0.03,0,484.76,432
0.065,0.065,0.32,0.03,0.01,485.39,450.89
0.065,0.065,0.32,0.03,0.02,483.82,467.35
0.065,0.065,0.32,0.03,0.03,484.49,484.08
0.065,0.065,0.32,0.03,0.04,484.72,501.64
0.065,0.1,0.32,0,0,432.77,493.6
0.065,0.1,0.32,0,0.01,433.1,510.28
0.065,0.1,0.32,0,0.02,432.08,527.84
0.065,0.1,0.32,0,0.03,433.1,545.36
0.065,0.1,0.32,0,0.04,432.68,562.68
0.065,0.1,0.32,0.01,0,450.03,493.9
0.065,0.1,0.32,0.01,0.01,450.82,511.1
0.065,0.1,0.32,0.01,0.02,450.07,527.95
0.065,0.1,0.32,0.01,0.03,449.34,545.3
0.065,0.1,0.32,0.01,0.04,450.04,562.98
0.065,0.1,0.32,0.02,0,467.26,493
0.065,0.1,0.32,0.02,0.01,466.57,509.74
0.065,0.1,0.32,0.02,0.02,467.43,526.88
0.065,0.1,0.32,0.02,0.03,467.56,544.57
0.065,0.1,0.32,0.02,0.04,466.93,562.54
0.065,0.1,0.32,0.03,0,483.76,492.68
0.065,0.1,0.32,0.03,0.01,483.83,510.25
0.065,0.1,0.32,0.03,0.02,484.27,527.17
0.065,0.1,0.32,0.03,0.03,484.23,545.4
0.1,-0.005,0.32,0.03,0.04,545.73,380.26
0.1,0.03,0.32,0,0,493.12,372.15
0.1,0.03,0.32,0,0.01,493.18,388.61
0.1,0.03,0.32,0,0.02,492.89,407.2
0.1,0.03,0.32,0,0.03,493.62,423.94
0.1,0.03,0.32,0,0.04,492.52,440.97
0.1,0.03,0.32,0.01,0,510.24,371.2
0.1,0.03,0.32,0.01,0.01,510.51,388.59
0.1,0.03,0.32,0.01,0.02,509.59,406.49
0.1,0.03,0.32,0.01,0.03,510.78,423.83
0.1,0.03,0.32,0.01,0.04,510.48,441.48
0.1,0.03,0.32,0.02,0,527.55,372.62
0.1,0.03,0.32,0.02,0.01,526.93,389.73
0.1,0.03,0.32,0.02,0.02,526.94,406.4
0.1,0.03,0.32,0.02,0.03,527.65,423.8
0.1,0.03,0.32,0.02,0.04,527.78,441.59
0.1,0.03,0.32,0.03,0,544.6,372.01
0.1,0.03,0.32,0.03,0.01,545.67,389.48
0.1,0.03,0.32,0.03,0.02,545.58,407.14
0.1,0.03,0.32,0.03,0.03,545.18,423.89
0.1,0.03,0.32,0.03,0.04,545.04,440.28
0.1,0.065,0.32,0,0,493.35,433.47
0.1,0.065,0.32,0,0.01,492.84,450.66
0.1,0.065,0.32,0,0.02,493.28,467.23
0.1,0.065,0.32,0,0.03,492.96,484.48
0.1,0.065,0.32,0,0.04,492.71,501.17
0.1,0.065,0.32,0.01,0,509.77,432.38
0.1,0.065,0.32,0.01,0.01,510.4,449.87
0.1,0.065,0.32,0.01,0.02,510.09,467.79
0.1,0.065,0.32,0.01,0.03,510.83,484.17
0.1,0.065,0.32,0.01,0.04,510.45,501.92
0.1,0.065,0.32,0.02,0,527.81,432.97
0.1,0.065,0.32,0.02,0.01,527.52,450.84
0.1,0.065,0.32,0.02,0.02,528,466.88
0.1,0.065,0.32,0.02,0.03,528.04,485.16
0.1,0.065,0.32,0.02,0.04,528.03,501.53
0.1,0.065,0.32,0.03,0,546.13,432.76
0.1,0.065,0.32,0.03,0.01,544.54,450.96
0.1,0.065,0.32,0.03,0.02,544.68,467.34
0.1,0.065,0.32,0.03,0.03,545.55,483.54
0.1,0.065,0.32,0.03,0.04,545.32,501.74
0.1,0.1,0.32,0,0,492.65,493.68
0.1,0.1,0.32,0,0.01,493.12,510.7
0.1,0.1,0.32,0,0.02,493.07,527.49
0.1,0.1,0.32,0,0.03,492.62,545.05
0.1,0.1,0.32,0,0.04,492.22,563.48
0.1,0.1,0.32,0.01,0,510.1,494.57
0.1,0.1,0.32,0.01,0.01,509.77,510.32
0.1,0.1,0.32,0.01,0.02,511.55,527.48
0.1,0.1,0.32,0.01,0.03,510.39,545.53
0.1,0.1,0.32,0.01,0.04,510.15,562.91
0.1,0.1,0.32,0.02,0,527.08,493.04
0.1,0.1,0.32,0.02,0.01,528.29,510.5
0.1,0.1,0.32,0.02,0.02,527.71,527.6
0.1,0.1,0.32,0.02,0.03,528.57,545.32
0.1,0.1,0.32,0.02,0.04,528.23,563.22
0.1,0.1,0.32,0.03,0,545.37,492.68
0.1,0.1,0.32,0.03,0.01,546.02,510.38
0.1,0.1,0.32,0.03,0.02,545.51,527.99
0.1,0.1,0.32,0.03,0.03,545.23,545.57
-0.04,-0.005,0.33,0.03,0.04,303,378.67
-0.04,0.03,0.33,0,0,251.56,370.79
-0.04,0.03,0.33,0,0.01,252.41,387.78
-0.04,0.03,0.33,0,0.02,253.28,404.38
-0.04,0.03,0.33,0,0.03,253.09,421.35
-0.04,0.03,0.33,0,0.04,253.17,438.47
-0.04,0.03,0.33,0.01,0,269.9,370.44
-0.04,0.03,0.33,0.01,0.01,269.28,387.46
-0.04,0.03,0.33,0.01,0.02,268.9,404.08
-0.04,0.03,0.33,0.01,0.03,269.09,420.38
-0.04,0.03,0.33,0.01,0.04,269.16,436.49
-0.04,0.03,0.33,0.02,0,286.6,370.63
-0.04,0.03,0.33,0.02,0.01,286.64,386.72
-0.04,0.03,0.33,0.02,0.02,286.93,403.54
-0.04,0.03,0.33,0.02,0.03,285.43,420.73
-0.04,0.03,0.33,0.02,0.04,285.38,438.22
-0.04,0.03,0.33,0.03,0,303.55,371.26
-0.04,0.03,0.33,0.03,0.01,303.1,386.89
-0.04,0.03,0.33,0.03,0.02,302.91,403.26
-0.04,0.03,0.33,0.03,0.03,303.09,420.98
-0.04,0.03,0.33,0.03,0.04,303.51,437.47
-0.04,0.065,0.33,0,0,253.28,429.22
-0.04,0.065,0.33,0,0.01,252.54,445.53
-0.04,0.065,0.33,0,0.02,252.54,462.9
-0.04,0.065,0.33,0,0.03,253.25,479.23
-0.04,0.065,0.33,0,0.04,251.92,495.13
-0.04,0.065,0.33,0.01,0,270.13,428.75
-0.04,0.065,0.33,0.01,0.01,269.95,446.93
-0.04,0.065,0.33,0.01,0.02,269.57,463.32
-0.04,0.065,0.33,0.01,0.03,269.86,480.05
-0.04,0.065,0.33,0.01,0.04,268.86,497.23
-0.04,0.065,0.33,0.02,0,285.83,428.49
-0.04,0.065,0.33,0.02,0.01,286.63,445.84
-0.04,0.065,0.33,0.02,0.02,286.47,463.55
-0.04,0.065,0.33,0.02,0.03,286.36,480.34
-0.04,0.065,0.33,0.02,0.04,286.35,496.11
-0.04,0.065,0.33,0.03,0,303.87,428.99
-0.04,0.065,0.33,0.03,0.01,304.28,446.78
-0.04,0.065,0.33,0.03,0.02,303.19,462.92
-0.04,0.065,0.33,0.03,0.03,303.87,479.35
-0.04,0.065,0.33,0.03,0.04,303.65,496.52
-0.04,0.1,0.33,0,0,251.68,487.6
-0.04,0.1,0.33,0,0.01,252.44,504.56
-0.04,0.1,0.33,0,0.02,252.93,521.85
-0.04,0.1,0.33,0,0.03,252.76,538.06
-0.04,0.1,0.33,0,0.04,252.98,555.02
-0.04,0.1,0.33,0.01,0,269.91,488.3
-0.04,0.1,0.33,0.01,0.01,270.23,504.18
-0.04,0.1,0.33,0.01,0.02,269.79,521.86
-0.04,0.1,0.33,0.01,0.03,268.75,539.03
-0.04,0.1,0.33,0.01,0.04,270.02,554.89
-0.04,0.1,0.33,0.02,0,286.28,487.49
-0.04,0.1,0.33,0.02,0.01,286.77,504.29
-0.04,0.1,0.33,0.02,0.02,286.49,521.5
-0.04,0.1,0.33,0.02,0.03,286.42,537.45
-0.04,0.1,0.33,0.02,0.04,286.43,555.3
-0.04,0.1,0.33,0.03,0,303.23,488.74
-0.04,0.1,0.33,0.03,0.01,303.77,504.93
-0.04,0.1,0.33,0.03,0.02,303.91,522.45
-0.04,0.1,0.33,0.03,0.03,303.1,538.44
-0.005,-0.005,0.33,0.03,0.04,362.77,378.58
-0.005,0.03,0.33,0,0,311.54,370.4
-0.005,0.03,0.33,0,0.01,311.41,387.92
-0.005,0.03,0.33,0,0.02,311.77,404.04
-0.005,0.03,0.33,0,0.03,311.01,420.36
-0.005,0.03,0.33,0,0.04,311.82,437.81
-0.005,0.03,0.33,0.01,0,328.61,369.99
-0.005,0.03,0.33,0.01,0.01,328.08,386.99
-0.005,0.03,0.33,0.01,0.02,328.61,405.05
-0.005,0.03,0.33,0.01,0.03,328.23,420.31
-0.005,0.03,0.33,0.01,0.04,328.24,437.23
-0.005,0.03,0.33,0.02,0,345.71,369.41
-0.005,0.03,0.33,0.02,0.01,345.81,386.97
-0.005,0.03,0.33,0.02,0.02,345.3,403.73
-0.005,0.03,0.33,0.02,0.03,344.81,421.03
-0.005,0.03,0.33,0.02,0.04,345.73,437.59
-0.005,0.03,0.33,0.03,0,361.83,370.62
-0.005,0.03,0.33,0.03,0.01,362.59,386.9
-0.005,0.03,0.33,0.03,0.02,361.94,403.25
-0.005,0.03,0.33,0.03,0.03,362.53,421.12
-0.005,0.03,0.33,0.03,0.04,361.61,437.02
-0.005,0.065,0.33,0,0,312.67,429.43
-0.005,0.065,0.33,0,0.01,311.56,446.11
-0.005,0.065,0.33,0,0.02,311.84,463.14
-0.005,0.065,0.33,0,0.03,311.26,479.34
-0.005,0.065,0.33,0,0.04,310.93,495.86
-0.005,0.065,0.33,0.01,0,327.94,429.18
-0.005,0.065,0.33,0.01,0.01,327.93,445.81
-0.005,0.065,0.33,0.01,0.02,328.12,463.04
-0.005,0.065,0.33,0.01,0.03,328.64,480.19
-0.005,0.065,0.33,0.01,0.04,328.94,495.59
-0.005,0.065,0.33,0.02,0,344.47,429.7
-0.005,0.065,0.33,0.02,0.01,345.07,446.17
-0.005,0.065,0.33,0.02,0.02,344.73,461.4
-0.005,0.065,0.33,0.02,0.03,345.37,479.98
-0.005,0.065,0.33,0.02,0.04,345.27,496.11
-0.005,0.065,0.33,0.03,0,362.51,429.12
-0.005,0.065,0.33,0.03,0.01,361.83,445.73
-0.005,0.065,0.33,0.03,0.02,362.57,462.67
-0.005,0.065,0.33,0.03,0.03,361.17,479.63
-0.005,0.065,0.33,0.03,0.04,362.28,497.08
-0.005,0.1,0.33,0,0,311.73,487.89
-0.005,0.1,0.33,0,0.01,311.53,504.92
-0.005,0.1,0.33,0,0.02,311.34,521.98
-0.005,0.1,0.33,0,0.03,311.39,538.43
-0.005,0.1,0.33,0,0.04,312.26,555.49
-0.005,0.1,0.33,0.01,0,328.01,487.5
-0.005,0.1,0.33,0.01,0.01,327.02,505.31
-0.005,0.1,0.33,0.01,0.02,328.85,521.86
-0.005,0.1,0.33,0.01,0.03,328.31,538.52
-0.005,0.1,0.33,0.01,0.04,328.08,555.04
-0.005,0.1,0.33,0.02,0,344.41,489.33
-0.005,0.1,0.33,0.02,0.01,344.53,503.67
-0.005,0.1,0.33,0.02,0.02,345.48,521.69
-0.005,0.1,0.33,0.02,0.03,345.29,537.65
-0.005,0.1,0.33,0.02,0.04,344.78,554.77
-0.005,0.1,0.33,0.03,0,361.96,487.47
-0.005,0.1,0.33,0.03,0.01,361.98,504.64
-0.005,0.1,0.33,0.03,0.02,361.51,520.77
-0.005,0.1,0.33,0.03,0.03,361.42,538.32
0.03,-0.005,0.33,0.03,0.04,420.9,378.38
0.03,0.03,0.33,0,0,371.29,370.41
0.03,0.03,0.33,0,0.01,370.67,386.15
0.03,0.03,0.33,0,0.02,370.72,403.89
0.03,0.03,0.33,0,0.03,369.9,421.2
0.03,0.03,0.33,0,0.04,370.19,437.51
0.03,0.03,0.33,0.01,0,387.5,370.57
0.03,0.03,0.33,0.01,0.01,387.91,387.43
0.03,0.03,0.33,0.01,0.02,387.28,403.41
0.03,0.03,0.33,0.01,0.03,387.32,420.85
0.03,0.03,0.33,0.01,0.04,386.79,437.49
0.03,0.03,0.33,0.02,0,404.51,369.97
0.03,0.03,0.33,0.02,0.01,404.4,387.19
0.03,0.03,0.33,0.02,0.02,404.32,404.63
0.03,0.03,0.33,0.02,0.03,403.52,420.92
0.03,0.03,0.33,0.02,0.04,403.83,438.72
0.03,0.03,0.33,0.03,0,421.49,369.79
0.03,0.03,0.33,0.03,0.01,420.95,387.56
0.03,0.03,0.33,0.03,0.02,420.54,404.39
0.03,0.03,0.33,0.03,0.03,421.34,421.22
0.03,0.03,0.33,0.03,0.04,420.8,437.47
0.03,0.065,0.33,0,0,370.66,429.42
0.03,0.065,0.33,0,0.01,369.96,445.79
0.03,0.065,0.33,0,0.02,370.3,462.98
0.03,0.065,0.33,0,0.03,369.94,479.72
0.03,0.065,0.33,0,0.04,370.32,496.13
0.03,0.065,0.33,0.01,0,387.1,429.59
0.03,0.065,0.33,0.01,0.01,386.97,446.62
0.03,0.065,0.33,0.01,0.02,388.42,462.4
0.03,0.065,0.33,0.01,0.03,387.01,479.04
0.03,0.065,0.33,0.01,0.04,388.11,496.25
0.03,0.065,0.33,0.02,0,404.34,429.45
0.03,0.065,0.33,0.02,0.01,403.99,446.46
0.03,0.065,0.33,0.02,0.02,404.32,462.25
0.03,0.065,0.33,0.02,0.03,403.51,480.43
0.03,0.065,0.33,0.02,0.04,403.44,495.95
0.03,0.065,0.33,0.03,0,420.66,429.24
0.03,0.065,0.33,0.03,0.01,421.15,445.91
0.03,0.065,0.33,0.03,0.02,420.89,462.65
0.03,0.065,0.33,0.03,0.03,421.14,478.46
0.03,0.065,0.33,0.03,0.04,421.45,495.81
0.03,0.1,0.33,0,0,370.83,487.81
0.03,0.1,0.33,0,0.01,371.63,504.39
0.03,0.1,0.33,0,0.02,370.83,521.96
0.03,0.1,0.33,0,0.03,370.11,537.9
0.03,0.1,0.33,0,0.04,371.3,554.08
0.03,0.1,0.33,0.01,0,386.26,489.07
0.03,0.1,0.33,0.01,0.01,387.39,504.25
0.03,0.1,0.33,0.01,0.02,387.18,521.9
0.03,0.1,0.33,0.01,0.03,387.39,537.88
0.03,0.1,0.33,0.01,0.04,386.87,554.96
0.03,0.1,0.33,0.02,0,402.85,487.69
0.03,0.1,0.33,0.02,0.01,404.32,504.37
0.03,0.1,0.33,0.02,0.02,403.8,521.39
0.03,0.1,0.33,0.02,0.03,402.72,538.34
0.03,0.1,0.33,0.02,0.04,403.47,554.77
0.03,0.1,0.33,0.03,0,420.52,487.32
0.03,0.1,0.33,0.03,0.01,420.56,505.22
0.03,0.1,0.33,0.03,0.02,420.58,520.85
0.03,0.1,0.33,0.03,0.03,419.59,538.51
0.065,-0.005,0.33,0.03,0.04,480.27,379.26
0.065,0.03,0.33,0,0,428.61,368.96
0.065,0.03,0.33,0,0.01,429.45,387.08
0.065,0.03,0.33,0,0.02,429.83,404.1
0.065,0.03,0.33,0,0.03,429.5,421.43
0.065,0.03,0.33,0,0.04,429.4,437.8
0.065,0.03,0.33,0.01,0,446.41,370.28
0.065,0.03,0.33,0.01,0.01,445.9,387.11
0.065,0.03,0.33,0.01,0.02,445.09,404.37
0.065,0.03,0.33,0.01,0.03,446.34,420.64
0.065,0.03,0.33,0.01,0.04,445.88,437.06
0.065,0.03,0.33,0.02,0,462.83,370.7
0.065,0.03,0.33,0.02,0.01,462.33,387.38
0.065,0.03,0.33,0.02,0.02,462.03,403.74
0.065,0.03,0.33,0.02,0.03,462.76,420.87
0.065,0.03,0.33,0.02,0.04,462.39,438.62
0.065,0.03,0.33,0.03,0,478.57,370.02
0.065,0.03,0.33,0.03,0.01,479.9,386.58
0.065,0.03,0.33,0.03,0.02,479.31,404.35
0.065,0.03,0.33,0.03,0.03,480.12,420.48
0.065,0.03,0.33,0.03,0.04,479.35,437.08
0.065,0.065,0.33,0,0,428.45,429.05
0.065,0.065,0.33,0,0.01,430,446.11
0.065,0.065,0.33,0,0.02,429.19,462.84
0.065,0.065,0.33,0,0.03,429.14,480.04
0.065,0.065,0.33,0,0.04,428.19,495.98
0.065,0.065,0.33,0.01,0,445.23,429.12
0.065,0.065,0.33,0.01,0.01,446.49,446.09
0.065,0.065,0.33,0.01,0.02,445.86,462.08
0.065,0.065,0.33,0.01,0.03,446.73,479.13
0.065,0.065,0.33,0.01,0.04,445.13,496.86
0.065,0.065,0.33,0.02,0,462.93,429.63
0.065,0.065,0.33,0.02,0.01,462.75,444.79
0.065,0.065,0.33,0.02,0.02,462.77,463.48
0.065,0.065,0.33,0.02,0.03,462.32,479.25
0.065,0.065,0.33,0.02,0.04,461.98,496.49
0.065,0.065,0.33,0.03,0,479.95,428.64
0.065,0.065,0.33,0.03,0.01,479.63,445.83
0.065,0.065,0.33,0.03,0.02,478.26,462.5
0.065,0.065,0.33,0.03,0.03,479.98,479.3
0.065,0.065,0.33,0.03,0.04,478.88,497.17
0.065,0.1,0.33,0,0,429.79,487.95
0.065,0.1,0.33,0,0.01,429.59,504.93
0.065,0.1,0.33,0,0.02,429.26,520.41
0.065,0.1,0.33,0,0.03,428.69,538.54
0.065,0.1,0.33,0,0.04,429.6,554.88
0.065,0.1,0.33,0.01,0,445.91,488.18
0.065,0.1,0.33,0.01,0.01,446.8,505.21
0.065,0.1,0.33,0.01,0.02,445.85,521.3
0.065,0.1,0.33,0.01,0.03,446.15,538.15
0.065,0.1,0.33,0.01,0.04,445.49,554.69
0.065,0.1,0.33,0.02,0,462.89,487.54
0.065,0.1,0.33,0.02,0.01,463.74,504.42
0.065,0.1,0.33,0.02,0.02,463.01,521.74
0.065,0.1,0.33,0.02,0.03,463.4,538.57
0.065,0.1,0.33,0.02,0.04,462.74,554.94
0.065,0.1,0.33,0.03,0,479.42,488.42
0.065,0.1,0.33,0.03,0.01,479.66,505.25
0.065,0.1,0.33,0.03,0.02,479.73,520.58
0.065,0.1,0.33,0.03,0.03,479.09,537.99
0.1,-0.005,0.33,0.03,0.04,537.48,378.73
0.1,0.03,0.33,0,0,487.49,370.58
0.1,0.03,0.33,0,0.01,487.83,387.47
0.1,0.03,0.33,0,0.02,486.71,403.31
0.1,0.03,0.33,0,0.03,487.4,420.1
0.1,0.03,0.33,0,0.04,487.76,437.74
0.1,0.03,0.33,0.01,0,505.22,369.94
0.1,0.03,0.33,0.01,0.01,505.5,385.98
0.1,0.03,0.33,0.01,0.02,505.25,403.3
0.1,0.03,0.33,0.01,0.03,504.55,421
0.1,0.03,0.33,0.01,0.04,505.07,438.04
0.1,0.03,0.33,0.02,0,520.39,371.23
0.1,0.03,0.33,0.02,0.01,521.4,387.11
0.1,0.03,0.33,0.02,0.02,521.44,403.63
0.1,0.03,0.33,0.02,0.03,521.67,421.4
0.1,0.03,0.33,0.02,0.04,521.54,437.22
0.1,0.03,0.33,0.03,0,538.4,369.82
0.1,0.03,0.33,0.03,0.01,538.42,387.14
0.1,0.03,0.33,0.03,0.02,538.58,404.97
0.1,0.03,0.33,0.03,0.03,538.48,420.45
0.1,0.03,0.33,0.03,0.04,538.34,437.22
0.1,0.065,0.33,0,0,487.96,428.87
0.1,0.065,0.33,0,0.01,488.72,445.76
0.1,0.065,0.33,0,0.02,488.61,461.91
0.1,0.065,0.33,0,0.03,487.77,479.95
0.1,0.065,0.33,0,0.04,487.34,497.4
0.1,0.065,0.33,0.01,0,505.25,429.14
0.1,0.065,0.33,0.01,0.01,504.61,446.36
0.1,0.065,0.33,0.01,0.02,505.3,461.94
0.1,0.065,0.33,0.01,0.03,504.44,479.59
0.1,0.065,0.33,0.01,0.04,504.88,495.57
0.1,0.065,0.33,0.02,0,521.34,429.64
0.1,0.065,0.33,0.02,0.01,521.76,446.35
0.1,0.065,0.33,0.02,0.02,521.69,463.85
0.1,0.065,0.33,0.02,0.03,521.48,480.72
0.1,0.065,0.33,0.02,0.04,522.07,496.13
0.1,0.065,0.33,0.03,0,538.46,428.66
0.1,0.065,0.33,0.03,0.01,538.13,446.36
0.1,0.065,0.33,0.03,0.02,538.09,462.77
0.1,0.065,0.33,0.03,0.03,538.67,478.72
0.1,0.065,0.33,0.03,0.04,538.22,496.8
0.1,0.1,0.33,0,0,488.53,487.92
0.1,0.1,0.33,0,0.01,488.14,503.63
0.1,0.1,0.33,0,0.02,488.65,521.07
0.1,0.1,0.33,0,0.03,488.17,538.05
0.1,0.1,0.33,0,0.04,487.45,555.18
0.1,0.1,0.33,0.01,0,505.24,488.06
0.1,0.1,0.33,0.01,0.01,504.9,505.53
0.1,0.1,0.33,0.01,0.02,504.93,522.39
0.1,0.1,0.33,0.01,0.03,504.3,538.2
0.1,0.1,0.33,0.01,0.04,504.54,555.5
0.1,0.1,0.33,0.02,0,520.6,487.9
0.1,0.1,0.33,0.02,0.01,521.39,505.19
0.1,0.1,0.33,0.02,0.02,521.81,521.02
0.1,0.1,0.33,0.02,0.03,522.14,539.01
0.1,0.1,0.33,0.02,0.04,522.74,554.26
0.1,0.1,0.33,0.03,0,538.44,487.79
0.1,0.1,0.33,0.03,0.01,538.41,504.42
0.1,0.1,0.33,0.03,0.02,537.83,521.59
0.1,0.1,0.33,0.03,0.03,539.26,538.42
-0.04,-0.005,0.34,0.03,0.04,304.13,377.97
-0.04,0.03,0.34,0,0,255.01,368.67
-0.04,0.03,0.34,0,0.01,254.52,385.26
-0.04,0.03,0.34,0,0.02,254.92,402.32
-0.04,0.03,0.34,0,0.03,254.45,418.32
-0.04,0.03,0.34,0,0.04,254.33,433.6
-0.04,0.03,0.34,0.01,0,270.97,369.33
-0.04,0.03,0.34,0.01,0.01,271.19,385.13
-0.04,0.03,0.34,0.01,0.02,271.17,402.23
-0.04,0.03,0.34,0.01,0.03,271.36,418.31
-0.04,0.03,0.34,0.01,0.04,270.28,433.67
-0.04,0.03,0.34,0.02,0,287.28,368.5
-0.04,0.03,0.34,0.02,0.01,287.34,384.83
-0.04,0.03,0.34,0.02,0.02,287.79,401.37
-0.04,0.03,0.34,0.02,0.03,287.08,417.53
-0.04,0.03,0.34,0.02,0.04,287.96,434.4
-0.04,0.03,0.34,0.03,0,303.37,369.29
-0.04,0.03,0.34,0.03,0.01,303.54,384.99
-0.04,0.03,0.34,0.03,0.02,302.96,401.37
-0.04,0.03,0.34,0.03,0.03,304.05,417.72
-0.04,0.03,0.34,0.03,0.04,303.6,434.99
-0.04,0.065,0.34,0,0,254.59,425.86
-0.04,0.065,0.34,0,0.01,254.27,442.19
-0.04,0.065,0.34,0,0.02,254.8,458.45
-0.04,0.065,0.34,0,0.03,255.08,474.61
-0.04,0.065,0.34,0,0.04,254.93,490.85
-0.04,0.065,0.34,0.01,0,271.15,426.22
-0.04,0.065,0.34,0.01,0.01,271.3,442.49
-0.04,0.065,0.34,0.01,0.02,270.38,458.12
-0.04,0.065,0.34,0.01,0.03,270.75,474.68
-0.04,0.065,0.34,0.01,0.04,271.61,490.66
-0.04,0.065,0.34,0.02,0,287.29,426.08
-0.04,0.065,0.34,0.02,0.01,288.27,441.76
-0.04,0.065,0.34,0.02,0.02,287.01,457.82
-0.04,0.065,0.34,0.02,0.03,288.09,474.97
-0.04,0.065,0.34,0.02,0.04,287.05,491.32
-0.04,0.065,0.34,0.03,0,304.36,426.11
-0.04,0.065,0.34,0.03,0.01,303.28,442.57
-0.04,0.065,0.34,0.03,0.02,302.62,458.63
-0.04,0.065,0.34,0.03,0.03,303.97,475.18
-0.04,0.065,0.34,0.03,0.04,303.38,490.85
-0.04,0.1,0.34,0,0,255.48,482.78
-0.04,0.1,0.34,0,0.01,254.7,499.45
-0.04,0.1,0.34,0,0.02,254.29,516.21
-0.04,0.1,0.34,0,0.03,254.57,532.53
-0.04,0.1,0.34,0,0.04,255.34,547.66
-0.04,0.1,0.34,0.01,0,271.24,483.21
-0.04,0.1,0.34,0.01,0.01,271.66,499.18
-0.04,0.1,0.34,0.01,0.02,271.63,515.19
-0.04,0.1,0.34,0.01,0.03,270.63,531.38
-0.04,0.1,0.34,0.01,0.04,270.79,548.75
-0.04,0.1,0.34,0.02,0,286.67,483.58
-0.04,0.1,0.34,0.02,0.01,286.17,499.65
-0.04,0.1,0.34,0.02,0.02,287.62,516.35
-0.04,0.1,0.34,0.02,0.03,287.3,531.25
-0.04,0.1,0.34,0.02,0.04,287.21,547.69
-0.04,0.1,0.34,0.03,0,303.97,483.87
-0.04,0.1,0.34,0.03,0.01,303.89,500.17
-0.04,0.1,0.34,0.03,0.02,303.55,516.22
-0.04,0.1,0.34,0.03,0.03,303.25,532.27
-0.005,-0.005,0.34,0.03,0.04,360.69,377.28
-0.005,0.03,0.34,0,0,311.68,368.54
-0.005,0.03,0.34,0,0.01,311.72,384.78
-0.005,0.03,0.34,0,0.02,312,401.56
-0.005,0.03,0.34,0,0.03,312.58,417.41
-0.005,0.03,0.34,0,0.04,312.03,434.04
-0.005,0.03,0.34,0.01,0,328.48,368.67
-0.005,0.03,0.34,0.01,0.01,327.5,385.13
-0.005,0.03,0.34,0.01,0.02,328.38,401.18
-0.005,0.03,0.34,0.01,0.03,327.13,418.4
-0.005,0.03,0.34,0.01,0.04,328.69,434.69
-0.005,0.03,0.34,0.02,0,344.48,369.32
-0.005,0.03,0.34,0.02,0.01,344.72,385.25
-0.005,0.03,0.34,0.02,0.02,344.61,401.19
-0.005,0.03,0.34,0.02,0.03,345.02,417.23
-0.005,0.03,0.34,0.02,0.04,344.31,434.32
-0.005,0.03,0.34,0.03,0,360.71,369.4
-0.005,0.03,0.34,0.03,0.01,360.84,385.62
-0.005,0.03,0.34,0.03,0.02,361.21,401.96
-0.005,0.03,0.34,0.03,0.03,360.5,417.28
-0.005,0.03,0.34,0.03,0.04,360.38,433.92
-0.005,0.065,0.34,0,0,311.66,425.11
-0.005,0.065,0.34,0,0.01,312.21,441.84
-0.005,0.065,0.34,0,0.02,312.63,457.6
-0.005,0.065,0.34,0,0.03,311.83,474.54
-0.005,0.065,0.34,0,0.04,312.6,491.12
-0.005,0.065,0.34,0.01,0,327.6,426.61
-0.005,0.065,0.34,0.01,0.01,328.11,442.65
-0.005,0.065,0.34,0.01,0.02,328.32,458.49
-0.005,0.065,0.34,0.01,0.03,328.6,474.3
-0.005,0.065,0.34,0.01,0.04,328.04,490.72
-0.005,0.065,0.34,0.02,0,343.92,425.31
-0.005,0.065,0.34,0.02,0.01,344.19,442.7
-0.005,0.065,0.34,0.02,0.02,345.25,459.57
-0.005,0.065,0.34,0.02,0.03,344.68,474.61
-0.005,0.065,0.34,0.02,0.04,345.07,491
-0.005,0.065,0.34,0.03,0,361.36,426.24
-0.005,0.065,0.34,0.03,0.01,359.96,442.04
-0.005,0.065,0.34,0.03,0.02,360.38,458.5
-0.005,0.065,0.34,0.03,0.03,361.86,475.09
-0.005,0.065,0.34,0.03,0.04,361.02,491.78
-0.005,0.1,0.34,0,0,312.11,482.29
-0.005,0.1,0.34,0,0.01,311.59,499.25
-0.005,0.1,0.34,0,0.02,311.39,515.77
-0.005,0.1,0.34,0,0.03,311.92,531.72
-0.005,0.1,0.34,0,0.04,311.62,548.37
-0.005,0.1,0.34,0.01,0,328.37,483.77
-0.005,0.1,0.34,0.01,0.01,328.17,499.46
-0.005,0.1,0.34,0.01,0.02,328.03,515.93
-0.005,0.1,0.34,0.01,0.03,328.36,532.01
-0.005,0.1,0.34,0.01,0.04,328.81,548.11
-0.005,0.1,0.34,0.02,0,344.59,482.99
-0.005,0.1,0.34,0.02,0.01,344.42,498.82
-0.005,0.1,0.34,0.02,0.02,344.36,515.73
-0.005,0.1,0.34,0.02,0.03,344.01,533.29
-0.005,0.1,0.34,0.02,0.04,343.88,548.36
-0.005,0.1,0.34,0.03,0,360.06,482.75
-0.005,0.1,0.34,0.03,0.01,360.55,498.71
-0.005,0.1,0.34,0.03,0.02,360.15,515.4
-0.005,0.1,0.34,0.03,0.03,360.87,531.79
0.03,-0.005,0.34,0.03,0.04,418.32,377.23
0.03,0.03,0.34,0,0,368.9,368.64
0.03,0.03,0.34,0,0.01,368.71,384.26
0.03,0.03,0.34,0,0.02,368.29,401.26
0.03,0.03,0.34,0,0.03,369.87,418.32
0.03,0.03,0.34,0,0.04,368.68,434.38
0.03,0.03,0.34,0.01,0,384.7,368.59
0.03,0.03,0.34,0.01,0.01,385.27,384.84
0.03,0.03,0.34,0.01,0.02,385.08,401.21
0.03,0.03,0.34,0.01,0.03,385.79,417.39
0.03,0.03,0.34,0.01,0.04,384.74,433.97
0.03,0.03,0.34,0.02,0,401.53,369.11
0.03,0.03,0.34,0.02,0.01,401.19,384.4
0.03,0.03,0.34,0.02,0.02,401.87,401.82
0.03,0.03,0.34,0.02,0.03,401.15,418.39
0.03,0.03,0.34,0.02,0.04,401.12,433.69
0.03,0.03,0.34,0.03,0,417.35,369.82
0.03,0.03,0.34,0.03,0.01,417.98,384.88
0.03,0.03,0.34,0.03,0.02,417.97,401.95
0.03,0.03,0.34,0.03,0.03,417.43,417.56
0.03,0.03,0.34,0.03,0.04,417.7,433.9
0.03,0.065,0.34,0,0,368.79,425.97
0.03,0.065,0.34,0,0.01,369.33,442.3
0.03,0.065,0.34,0,0.02,368.61,459.6
0.03,0.065,0.34,0,0.03,368.03,475.16
0.03,0.065,0.34,0,0.04,369.07,492.18
0.03,0.065,0.34,0.01,0,385.42,425.8
0.03,0.065,0.34,0.01,0.01,385.59,442.73
0.03,0.065,0.34,0.01,0.02,384.92,458.51
0.03,0.065,0.34,0.01,0.03,384.84,474.12
0.03,0.065,0.34,0.01,0.04,384.99,491.29
0.03,0.065,0.34,0.02,0,401.87,425.79
0.03,0.065,0.34,0.02,0.01,402.49,443.29
0.03,0.065,0.34,0.02,0.02,402.16,458.89
0.03,0.065,0.34,0.02,0.03,401.11,475.04
0.03,0.065,0.34,0.02,0.04,401.46,491.56
0.03,0.065,0.34,0.03,0,418.49,426.2
0.03,0.065,0.34,0.03,0.01,417.61,442.64
0.03,0.065,0.34,0.03,0.02,418.15,457.47
0.03,0.065,0.34,0.03,0.03,417.43,475.1
0.03,0.065,0.34,0.03,0.04,416.56,492.29
0.03,0.1,0.34,0,0,367.86,483.09
0.03,0.1,0.34,0,0.01,368.71,499.12
0.03,0.1,0.34,0,0.02,368.91,515.02
0.03,0.1,0.34,0,0.03,368.08,531.87
0.03,0.1,0.34,0,0.04,369.05,548.64
0.03,0.1,0.34,0.01,0,384.33,483.63
0.03,0.1,0.34,0.01,0.01,384.59,498.98
0.03,0.1,0.34,0.01,0.02,384.53,514.17
0.03,0.1,0.34,0.01,0.03,385.12,531.15
0.03,0.1,0.34,0.01,0.04,384.69,547.92
0.03,0.1,0.34,0.02,0,401.99,482.9
0.03,0.1,0.34,0.02,0.01,401.57,499.21
0.03,0.1,0.34,0.02,0.02,401.39,516.62
0.03,0.1,0.34,0.02,0.03,401.38,532.04
0.03,0.1,0.34,0.02,0.04,401.93,548.55
0.03,0.1,0.34,0.03,0,417.84,483.13
0.03,0.1,0.34,0.03,0.01,416.56,499.48
0.03,0.1,0.34,0.03,0.02,417.99,515.75
0.03,0.1,0.34,0.03,0.03,418.37,531.53
0.065,-0.005,0.34,0.03,0.04,474.31,377.19
0.065,0.03,0.34,0,0,425.14,368.89
0.065,0.03,0.34,0,0.01,426.34,385.19
0.065,0.03,0.34,0,0.02,425.68,402.11
0.065,0.03,0.34,0,0.03,426.36,418.13
0.065,0.03,0.34,0,0.04,426.17,433.95
0.065,0.03,0.34,0.01,0,442.74,368.37
0.065,0.03,0.34,0.01,0.01,442.42,385.33
0.065,0.03,0.34,0.01,0.02,442.05,400.95
0.065,0.03,0.34,0.01,0.03,442.55,418.48
0.065,0.03,0.34,0.01,0.04,441.84,434.88
0.065,0.03,0.34,0.02,0,459.29,368.49
0.065,0.03,0.34,0.02,0.01,458.26,385.33
0.065,0.03,0.34,0.02,0.02,458.72,401.73
0.065,0.03,0.34,0.02,0.03,459.11,417.79
0.065,0.03,0.34,0.02,0.04,457.89,433.82
0.065,0.03,0.34,0.03,0,474.14,368.54
0.065,0.03,0.34,0.03,0.01,475.79,385.05
0.065,0.03,0.34,0.03,0.02,474.73,401.2
0.065,0.03,0.34,0.03,0.03,474.99,417.89
0.065,0.03,0.34,0.03,0.04,475.35,434.16
0.065,0.065,0.34,0,0,425.35,426.2
0.065,0.065,0.34,0,0.01,425.73,442.13
0.065,0.065,0.34,0,0.02,425.41,458.16
0.065,0.065,0.34,0,0.03,426.51,475.02
0.065,0.065,0.34,0,0.04,425.06,491.12
0.065,0.065,0.34,0.01,0,442.49,426.22
0.065,0.065,0.34,0.01,0.01,441.47,443.1
0.065,0.065,0.34,0.01,0.02,442.39,458.03
0.065,0.065,0.34,0.01,0.03,442.56,474.96
0.065,0.065,0.34,0.01,0.04,442.49,491.38
0.065,0.065,0.34,0.02,0,458.84,426.1
0.065,0.065,0.34,0.02,0.01,459.26,442.69
0.065,0.065,0.34,0.02,0.02,457.88,458.02
0.065,0.065,0.34,0.02,0.03,458.13,475.25
0.065,0.065,0.34,0.02,0.04,458.43,489.88
0.065,0.065,0.34,0.03,0,475.61,425.99
0.065,0.065,0.34,0.03,0.01,474.99,442.65
0.065,0.065,0.34,0.03,0.02,474.21,457.97
0.065,0.065,0.34,0.03,0.03,474.62,475.15
0.065,0.065,0.34,0.03,0.04,475.56,491.29
0.065,0.1,0.34,0,0,426.61,483.89
0.065,0.1,0.34,0,0.01,426.17,499.51
0.065,0.1,0.34,0,0.02,425.31,515.45
0.065,0.1,0.34,0,0.03,425.52,531.27
0.065,0.1,0.34,0,0.04,425.33,548.34
0.065,0.1,0.34,0.01,0,442.64,482.53
0.065,0.1,0.34,0.01,0.01,441.94,500.23
0.065,0.1,0.34,0.01,0.02,443.31,515.03
0.065,0.1,0.34,0.01,0.03,441.43,531.79
0.065,0.1,0.34,0.01,0.04,442.17,549.23
0.065,0.1,0.34,0.02,0,458.05,481.95
0.065,0.1,0.34,0.02,0.01,457.97,499.42
0.065,0.1,0.34,0.02,0.02,459.05,515.55
0.065,0.1,0.34,0.02,0.03,458.56,532.34
0.065,0.1,0.34,0.02,0.04,458.83,547.19
0.065,0.1,0.34,0.03,0,475.82,483.53
0.065,0.1,0.34,0.03,0.01,474.63,500.04
0.065,0.1,0.34,0.03,0.02,475.12,516.97
0.065,0.1,0.34,0.03,0.03,474.99,532.49
0.1,-0.005,0.34,0.03,0.04,531.71,377.21
0.1,0.03,0.34,0,0,483.46,369.89
0.1,0.03,0.34,0,0.01,482.88,385.24
0.1,0.03,0.34,0,0.02,482.96,400.75
0.1,0.03,0.34,0,0.03,482.89,417.53
0.1,0.03,0.34,0,0.04,482.42,434.55
0.1,0.03,0.34,0.01,0,499.93,369.08
0.1,0.03,0.34,0.01,0.01,500.09,384.63
0.1,0.03,0.34,0.01,0.02,499.23,401.42
0.1,0.03,0.34,0.01,0.03,500.31,417.48
0.1,0.03,0.34,0.01,0.04,499.94,434.32
0.1,0.03,0.34,0.02,0,515.2,369.36
0.1,0.03,0.34,0.02,0.01,515.88,385.32
0.1,0.03,0.34,0.02,0.02,515.16,401.33
0.1,0.03,0.34,0.02,0.03,515.15,417.98
0.1,0.03,0.34,0.02,0.04,515.64,433.45
0.1,0.03,0.34,0.03,0,531.88,368.84
0.1,0.03,0.34,0.03,0.01,532.23,385.19
0.1,0.03,0.34,0.03,0.02,531.9,402.64
0.1,0.03,0.34,0.03,0.03,531.59,417.82
0.1,0.03,0.34,0.03,0.04,532.09,433.35
0.1,0.065,0.34,0,0,483.38,425.46
0.1,0.065,0.34,0,0.01,483.26,441.85
0.1,0.065,0.34,0,0.02,482.92,457.9
0.1,0.065,0.34,0,0.03,482.29,474.69
0.1,0.065,0.34,0,0.04,483.65,492.01
0.1,0.065,0.34,0.01,0,499.63,425.67
0.1,0.065,0.34,0.01,0.01,499.52,441.74
0.1,0.065,0.34,0.01,0.02,498.72,458.83
0.1,0.065,0.34,0.01,0.03,499.15,475.72
0.1,0.065,0.34,0.01,0.04,499.51,491.07
0.1,0.065,0.34,0.02,0,514.85,425.96
0.1,0.065,0.34,0.02,0.01,515.59,441.48
0.1,0.065,0.34,0.02,0.02,515.37,458.7
0.1,0.065,0.34,0.02,0.03,514.95,474.43
0.1,0.065,0.34,0.02,0.04,515.68,491.88
0.1,0.065,0.34,0.03,0,531.68,426.03
0.1,0.065,0.34,0.03,0.01,532,441.53
0.1,0.065,0.34,0.03,0.02,532.1,459.23
0.1,0.065,0.34,0.03,0.03,532.41,473.69
0.1,0.065,0.34,0.03,0.04,531.3,490.68
0.1,0.1,0.34,0,0,482.45,482.62
0.1,0.1,0.34,0,0.01,483.53,500.05
0.1,0.1,0.34,0,0.02,483.22,516.3
0.1,0.1,0.34,0,0.03,483.52,531.27
0.1,0.1,0.34,0,0.04,483.35,548.18
0.1,0.1,0.34,0.01,0,499.19,482.79
0.1,0.1,0.34,0.01,0.01,499.57,499.21
0.1,0.1,0.34,0.01,0.02,499,516.3
0.1,0.1,0.34,0.01,0.03,499.3,532.34
0.1,0.1,0.34,0.01,0.04,499.16,548.12
0.1,0.1,0.34,0.02,0,516.35,482.87
0.1,0.1,0.34,0.02,0.01,515.18,499.78
0.1,0.1,0.34,0.02,0.02,515.29,515.72
0.1,0.1,0.34,0.02,0.03,515.2,531.87
0.1,0.1,0.34,0.02,0.04,516.19,548.72
0.1,0.1,0.34,0.03,0,531.77,482.8
0.1,0.1,0.34,0.03,0.01,532.71,498.76
0.1,0.1,0.34,0.03,0.02,532.85,515.03
0.1,0.1,0.34,0.03,0.03,531.8,531.21
-0.04,-0.005,0.35,0.03,0.04,303.47,375.46
-0.04,0.03,0.35,0,0,256.77,367.08
-0.04,0.03,0.35,0,0.01,257.13,383.62
-0.04,0.03,0.35,0,0.02,256.84,398.72
-0.04,0.03,0.35,0,0.03,256.53,414.11
-0.04,0.03,0.35,0,0.04,256.36,430.52
-0.04,0.03,0.35,0.01,0,272.92,367.65
-0.04,0.03,0.35,0.01,0.01,271.86,383.22
-0.04,0.03,0.35,0.01,0.02,272.35,398.83
-0.04,0.03,0.35,0.01,0.03,272.05,415.7
-0.04,0.03,0.35,0.01,0.04,272.71,430.84
-0.04,0.03,0.35,0.02,0,288.67,367.69
-0.04,0.03,0.35,0.02,0.01,287.4,383.33
-0.04,0.03,0.35,0.02,0.02,288.21,399.94
-0.04,0.03,0.35,0.02,0.03,287.82,414.91
-0.04,0.03,0.35,0.02,0.04,288.56,431.02
-0.04,0.03,0.35,0.03,0,304.04,368.07
-0.04,0.03,0.35,0.03,0.01,303.23,383.55
-0.04,0.03,0.35,0.03,0.02,304.83,399.33
-0.04,0.03,0.35,0.03,0.03,304.18,414.53
-0.04,0.03,0.35,0.03,0.04,303.75,430.91
-0.04,0.065,0.35,0,0,256.15,423.47
-0.04,0.065,0.35,0,0.01,256.92,438.35
-0.04,0.065,0.35,0,0.02,257.02,455.22
-0.04,0.065,0.35,0,0.03,256.64,470.43
-0.04,0.065,0.35,0,0.04,257.01,486.53
-0.04,0.065,0.35,0.01,0,272.86,422.65
-0.04,0.065,0.35,0.01,0.01,273.09,438.83
-0.04,0.065,0.35,0.01,0.02,273.47,454.37
-0.04,0.065,0.35,0.01,0.03,272.49,470.22
-0.04,0.065,0.35,0.01,0.04,272.45,486.76
-0.04,0.065,0.35,0.02,0,287.81,422.18
-0.04,0.065,0.35,0.02,0.01,288.08,439.03
-0.04,0.065,0.35,0.02,0.02,288.86,454.73
-0.04,0.065,0.35,0.02,0.03,288.22,470.04
-0.04,0.065,0.35,0.02,0.04,288.43,485.21
-0.04,0.065,0.35,0.03,0,303.91,422.81
-0.04,0.065,0.35,0.03,0.01,304.86,438.36
-0.04,0.065,0.35,0.03,0.02,304.25,454.41
-0.04,0.065,0.35,0.03,0.03,304.52,470.51
-0.04,0.065,0.35,0.03,0.04,304.67,486.2
-0.04,0.1,0.35,0,0,255.85,478.72
-0.04,0.1,0.35,0,0.01,256.54,493.56
-0.04,0.1,0.35,0,0.02,257.25,509.93
-0.04,0.1,0.35,0,0.03,256.79,525.46
-0.04,0.1,0.35,0,0.04,256.59,541.83
-0.04,0.1,0.35,0.01,0,272.44,478.38
-0.04,0.1,0.35,0.01,0.01,273.05,494.25
-0.04,0.1,0.35,0.01,0.02,272.72,509.46
-0.04,0.1,0.35,0.01,0.03,271.94,525.62
-0.04,0.1,0.35,0.01,0.04,273.35,541.45
-0.04,0.1,0.35,0.02,0,288.44,478.82
-0.04,0.1,0.35,0.02,0.01,287.97,493.73
-0.04,0.1,0.35,0.02,0.02,288.44,510.3
-0.04,0.1,0.35,0.02,0.03,288.18,526.29
-0.04,0.1,0.35,0.02,0.04,289.03,541.01
-0.04,0.1,0.35,0.03,0,303.72,477.39
-0.04,0.1,0.35,0.03,0.01,304.76,493.85
-0.04,0.1,0.35,0.03,0.02,304.07,510.59
-0.04,0.1,0.35,0.03,0.03,304.57,526.47
-0.005,-0.005,0.35,0.03,0.04,359.54,374.96
-0.005,0.03,0.35,0,0,312.44,367.19
-0.005,0.03,0.35,0,0.01,311.71,383.45
-0.005,0.03,0.35,0,0.02,311.45,399.58
-0.005,0.03,0.35,0,0.03,312.63,416.04
-0.005,0.03,0.35,0,0.04,312.48,430.71
-0.005,0.03,0.35,0.01,0,329.04,367.75
-0.005,0.03,0.35,0.01,0.01,327.75,383
-0.005,0.03,0.35,0.01,0.02,328.09,398.22
-0.005,0.03,0.35,0.01,0.03,327.62,414.57
-0.005,0.03,0.35,0.01,0.04,328.41,430.52
-0.005,0.03,0.35,0.02,0,344.18,366.79
-0.005,0.03,0.35,0.02,0.01,343.64,384.53
-0.005,0.03,0.35,0.02,0.02,344.08,400.17
-0.005,0.03,0.35,0.02,0.03,342.47,415.41
-0.005,0.03,0.35,0.02,0.04,343.23,431.31
-0.005,0.03,0.35,0.03,0,359.8,367.58
-0.005,0.03,0.35,0.03,0.01,359.57,383.87
-0.005,0.03,0.35,0.03,0.02,359.87,399.68
-0.005,0.03,0.35,0.03,0.03,359.02,415.75
-0.005,0.03,0.35,0.03,0.04,359.56,430.48
-0.005,0.065,0.35,0,0,311.77,422.98
-0.005,0.065,0.35,0,0.01,311.72,438.11
-0.005,0.065,0.35,0,0.02,312.59,455.12
-0.005,0.065,0.35,0,0.03,311.13,470.45
-0.005,0.065,0.35,0,0.04,311.85,486.32
-0.005,0.065,0.35,0.01,0,327.53,422.63
-0.005,0.065,0.35,0.01,0.01,327.18,438.58
-0.005,0.065,0.35,0.01,0.02,327.98,454.66
-0.005,0.065,0.35,0.01,0.03,327.47,471.32
-0.005,0.065,0.35,0.01,0.04,327.62,485.74
-0.005,0.065,0.35,0.02,0,343.25,423.77
-0.005,0.065,0.35,0.02,0.01,344.6,438.88
-0.005,0.065,0.35,0.02,0.02,342.92,455.56
-0.005,0.065,0.35,0.02,0.03,343.84,471.38
-0.005,0.065,0.35,0.02,0.04,344.24,486.45
-0.005,0.065,0.35,0.03,0,359.49,423.09
-0.005,0.065,0.35,0.03,0.01,358.6,438.39
-0.005,0.065,0.35,0.03,0.02,359.14,454.89
-0.005,0.065,0.35,0.03,0.03,360,470.34
-0.005,0.065,0.35,0.03,0.04,359.27,486.2
-0.005,0.1,0.35,0,0,312.35,478.77
-0.005,0.1,0.35,0,0.01,311.68,493.18
-0.005,0.1,0.35,0,0.02,312.23,510.37
-0.005,0.1,0.35,0,0.03,311.4,525.56
-0.005,0.1,0.35,0,0.04,312.4,541.75
-0.005,0.1,0.35,0.01,0,327.64,479
-0.005,0.1,0.35,0.01,0.01,328.24,494.19
-0.005,0.1,0.35,0.01,0.02,327.6,509.39
-0.005,0.1,0.35,0.01,0.03,327.94,525.15
-0.005,0.1,0.35,0.01,0.04,328.42,541.81
-0.005,0.1,0.35,0.02,0,344.23,478.75
-0.005,0.1,0.35,0.02,0.01,344.07,493.77
-0.005,0.1,0.35,0.02,0.02,343.6,510.51
-0.005,0.1,0.35,0.02,0.03,343.41,525.97
-0.005,0.1,0.35,0.02,0.04,344.18,541.47
-0.005,0.1,0.35,0.03,0,359.05,478.12
-0.005,0.1,0.35,0.03,0.01,359.57,494.2
-0.005,0.1,0.35,0.03,0.02,360,509.81
-0.005,0.1,0.35,0.03,0.03,359.68,525.87
0.03,-0.005,0.35,0.03,0.04,414.78,374.72
0.03,0.03,0.35,0,0,367.33,367.48
0.03,0.03,0.35,0,0.01,368.07,382.26
0.03,0.03,0.35,0,0.02,367.44,399.65
0.03,0.03,0.35,0,0.03,367.94,414.9
0.03,0.03,0.35,0,0.04,367.59,430.85
0.03,0.03,0.35,0.01,0,382.64,367
0.03,0.03,0.35,0.01,0.01,383.82,383.93
0.03,0.03,0.35,0.01,0.02,383.4,398.95
0.03,0.03,0.35,0.01,0.03,384.36,414.92
0.03,0.03,0.35,0.01,0.04,382.53,430.56
0.03,0.03,0.35,0.02,0,399.57,368.45
0.03,0.03,0.35,0.02,0.01,399.04,383.56
0.03,0.03,0.35,0.02,0.02,399.17,399.15
0.03,0.03,0.35,0.02,0.03,399.19,415.07
0.03,0.03,0.35,0.02,0.04,399.34,431.58
0.03,0.03,0.35,0.03,0,414.92,367.71
0.03,0.03,0.35,0.03,0.01,415.23,383.8
0.03,0.03,0.35,0.03,0.02,414.91,398.87
0.03,0.03,0.35,0.03,0.03,415.22,415.91
0.03,0.03,0.35,0.03,0.04,415.3,431.64
0.03,0.065,0.35,0,0,368.13,423.1
0.03,0.065,0.35,0,0.01,366.7,438.39
0.03,0.065,0.35,0,0.02,366.89,454.04
0.03,0.065,0.35,0,0.03,367.96,470.53
0.03,0.065,0.35,0,0.04,367.74,486.59
0.03,0.065,0.35,0.01,0,383.01,422.43
0.03,0.065,0.35,0.01,0.01,383.07,438.54
0.03,0.065,0.35,0.01,0.02,383.06,453.44
0.03,0.065,0.35,0.01,0.03,383.25,471.14
0.03,0.065,0.35,0.01,0.04,383.85,486.14
0.03,0.065,0.35,0.02,0,399.13,423.75
0.03,0.065,0.35,0.02,0.01,399.58,438.76
0.03,0.065,0.35,0.02,0.02,398.43,454.32
0.03,0.065,0.35,0.02,0.03,399.14,471.59
0.03,0.065,0.35,0.02,0.04,399.23,487.15
0.03,0.065,0.35,0.03,0,415.58,422.48
0.03,0.065,0.35,0.03,0.01,415.43,438.9
0.03,0.065,0.35,0.03,0.02,415.06,454.69
0.03,0.065,0.35,0.03,0.03,415.12,470.98
0.03,0.065,0.35,0.03,0.04,414.66,485.82
0.03,0.1,0.35,0,0,367.38,478.74
0.03,0.1,0.35,0,0.01,366.91,494.55
0.03,0.1,0.35,0,0.02,367.81,509.81
0.03,0.1,0.35,0,0.03,367.48,526.19
0.03,0.1,0.35,0,0.04,366.75,542.21
0.03,0.1,0.35,0.01,0,383.06,477.61
0.03,0.1,0.35,0.01,0.01,382.78,494.17
0.03,0.1,0.35,0.01,0.02,383.83,509.89
0.03,0.1,0.35,0.01,0.03,383.91,525.29
0.03,0.1,0.35,0.01,0.04,383.63,542.02
0.03,0.1,0.35,0.02,0,398.68,478.3
0.03,0.1,0.35,0.02,0.01,399.55,495
0.03,0.1,0.35,0.02,0.02,399.21,510.13
0.03,0.1,0.35,0.02,0.03,398.48,525.48
0.03,0.1,0.35,0.02,0.04,398.97,541.62
0.03,0.1,0.35,0.03,0,415.25,477.96
0.03,0.1,0.35,0.03,0.01,415.55,493.96
0.03,0.1,0.35,0.03,0.02,415.76,510.05
0.03,0.1,0.35,0.03,0.03,414.77,525.61
0.065,-0.005,0.35,0.03,0.04,470.08,374.25
0.065,0.03,0.35,0,0,422.64,366.84
0.065,0.03,0.35,0,0.01,421.79,382.72
0.065,0.03,0.35,0,0.02,422.08,399.28
0.065,0.03,0.35,0,0.03,422.11,415.85
0.065,0.03,0.35,0,0.04,423.4,431.55
0.065,0.03,0.35,0.01,0,439.24,367.84
0.065,0.03,0.35,0.01,0.01,439.15,382.73
0.065,0.03,0.35,0.01,0.02,437.83,399.67
0.065,0.03,0.35,0.01,0.03,439.14,415.25
0.065,0.03,0.35,0.01,0.04,438.77,431.29
0.065,0.03,0.35,0.02,0,455.13,368.01
0.065,0.03,0.35,0.02,0.01,454.13,383.85
0.065,0.03,0.35,0.02,0.02,455.33,398.56
0.065,0.03,0.35,0.02,0.03,454.31,414.66
0.065,0.03,0.35,0.02,0.04,454.44,430.47
0.065,0.03,0.35,0.03,0,470.71,368.35
0.065,0.03,0.35,0.03,0.01,471.08,383.78
0.065,0.03,0.35,0.03,0.02,470.25,398.46
0.065,0.03,0.35,0.03,0.03,470.07,414.24
0.065,0.03,0.35,0.03,0.04,469.76,431.25
0.065,0.065,0.35,0,0,422.72,422.8
0.065,0.065,0.35,0,0.01,422.55,438.79
0.065,0.065,0.35,0,0.02,422.69,453.96
0.065,0.065,0.35,0,0.03,422.82,469.94
0.065,0.065,0.35,0,0.04,422.67,486.6
0.065,0.065,0.35,0.01,0,438.54,423.21
0.065,0.065,0.35,0.01,0.01,438.69,438.17
0.065,0.065,0.35,0.01,0.02,438.24,454.43
0.065,0.065,0.35,0.01,0.03,439.23,470.03
0.065,0.065,0.35,0.01,0.04,438.85,486.47
0.065,0.065,0.35,0.02,0,454.62,422.81
0.065,0.065,0.35,0.02,0.01,454.58,438.22
0.065,0.065,0.35,0.02,0.02,454.98,454.77
0.065,0.065,0.35,0.02,0.03,454.82,470.87
0.065,0.065,0.35,0.02,0.04,454.23,486.23
0.065,0.065,0.35,0.03,0,470.36,422.51
0.065,0.065,0.35,0.03,0.01,470.13,438.43
0.065,0.065,0.35,0.03,0.02,470.05,454.69
0.065,0.065,0.35,0.03,0.03,470.68,471.25
0.065,0.065,0.35,0.03,0.04,469.99,487.55
0.065,0.1,0.35,0,0,422.76,478.42
0.065,0.1,0.35,0,0.01,422.22,494.16
0.065,0.1,0.35,0,0.02,422.79,509.96
0.065,0.1,0.35,0,0.03,423.21,525.98
0.065,0.1,0.35,0,0.04,423.38,540.91
0.065,0.1,0.35,0.01,0,438.08,478.5
0.065,0.1,0.35,0.01,0.01,438.21,495.66
0.065,0.1,0.35,0.01,0.02,438.42,508.87
0.065,0.1,0.35,0.01,0.03,439,525.19
0.065,0.1,0.35,0.01,0.04,439.6,541.04
0.065,0.1,0.35,0.02,0,454.45,477.56
0.065,0.1,0.35,0.02,0.01,455.67,493.83
0.065,0.1,0.35,0.02,0.02,453.81,509.63
0.065,0.1,0.35,0.02,0.03,454.01,525.42
0.065,0.1,0.35,0.02,0.04,454.97,541.81
0.065,0.1,0.35,0.03,0,470.51,477.82
0.065,0.1,0.35,0.03,0.01,470.92,493.95
0.065,0.1,0.35,0.03,0.02,470.43,509.98
0.065,0.1,0.35,0.03,0.03,470.53,525.62
0.1,-0.005,0.35,0.03,0.04,525.99,374.9
0.1,0.03,0.35,0,0,478.59,367.4
0.1,0.03,0.35,0,0.01,478.28,383.23
0.1,0.03,0.35,0,0.02,477.96,399.14
0.1,0.03,0.35,0,0.03,479.07,415.45
0.1,0.03,0.35,0,0.04,478.85,431.18
0.1,0.03,0.35,0.01,0,494.69,367.39
0.1,0.03,0.35,0.01,0.01,493.16,383.57
0.1,0.03,0.35,0.01,0.02,493.98,399.04
0.1,0.03,0.35,0.01,0.03,494.17,415.24
0.1,0.03,0.35,0.01,0.04,494.52,430.32
0.1,0.03,0.35,0.02,0,510.31,367.8
0.1,0.03,0.35,0.02,0.01,509.56,383.13
0.1,0.03,0.35,0.02,0.02,511.13,399.1
0.1,0.03,0.35,0.02,0.03,510.08,414.94
0.1,0.03,0.35,0.02,0.04,510.12,430.95
0.1,0.03,0.35,0.03,0,526.54,368.78
0.1,0.03,0.35,0.03,0.01,525.22,382.83
0.1,0.03,0.35,0.03,0.02,526.2,398.91
0.1,0.03,0.35,0.03,0.03,526.75,414.99
0.1,0.03,0.35,0.03,0.04,526.22,430.92
0.1,0.065,0.35,0,0,478.3,423.06
0.1,0.065,0.35,0,0.01,478.57,438.92
0.1,0.065,0.35,0,0.02,477.75,454.69
0.1,0.065,0.35,0,0.03,477.4,469.94
0.1,0.065,0.35,0,0.04,477.98,486.48
0.1,0.065,0.35,0.01,0,494.52,422.84
0.1,0.065,0.35,0.01,0.01,494.15,438.51
0.1,0.065,0.35,0.01,0.02,494.06,454.24
0.1,0.065,0.35,0.01,0.03,494.82,471.1
0.1,0.065,0.35,0.01,0.04,493.76,486.11
0.1,0.065,0.35,0.02,0,509.91,422.98
0.1,0.065,0.35,0.02,0.01,509.19,438.39
0.1,0.065,0.35,0.02,0.02,509.11,454.73
0.1,0.065,0.35,0.02,0.03,509.19,470.43
0.1,0.065,0.35,0.02,0.04,510.16,485.85
0.1,0.065,0.35,0.03,0,525.95,423.03
0.1,0.065,0.35,0.03,0.01,525.34,439.08
0.1,0.065,0.35,0.03,0.02,526.25,454.77
0.1,0.065,0.35,0.03,0.03,525.51,470.3
0.1,0.065,0.35,0.03,0.04,525.76,487.01
0.1,0.1,0.35,0,0,478.79,478.2
0.1,0.1,0.35,0,0.01,478.65,494.37
0.1,0.1,0.35,0,0.02,479.08,510.21
0.1,0.1,0.35,0,0.03,479.48,526.47
0.1,0.1,0.35,0,0.04,479.06,542.13
0.1,0.1,0.35,0.01,0,494.4,478.6
0.1,0.1,0.35,0.01,0.01,494.6,493.13
0.1,0.1,0.35,0.01,0.02,494.35,509.84
0.1,0.1,0.35,0.01,0.03,494.01,525.73
0.1,0.1,0.35,0.01,0.04,494.65,542.04
0.1,0.1,0.35,0.02,0,509.78,478.03
0.1,0.1,0.35,0.02,0.01,509.87,493.7
0.1,0.1,0.35,0.02,0.02,509.64,510.91
0.1,0.1,0.35,0.02,0.03,509.81,525.56
0.1,0.1,0.35,0.02,0.04,510.55,540.56
0.1,0.1,0.35,0.03,0,525.91,478.17
0.1,0.1,0.35,0.03,0.01,526.02,494.63
0.1,0.1,0.35,0.03,0.02,526.14,510.86
0.1,0.1,0.35,0.03,0.03,525.1,525.65
-0.04,-0.005,0.36,0.03,0.04,304.72,374.87
-0.04,0.03,0.36,0,0,257.97,366.93
-0.04,0.03,0.36,0,0.01,258.92,382.26
-0.04,0.03,0.36,0,0.02,257.04,396.92
-0.04,0.03,0.36,0,0.03,259.16,411.71
-0.04,0.03,0.36,0,0.04,258.15,427.25
-0.04,0.03,0.36,0.01,0,273.43,366.68
-0.04,0.03,0.36,0.01,0.01,273.99,382.12
-0.04,0.03,0.36,0.01,0.02,273.96,397.7
-0.04,0.03,0.36,0.01,0.03,273.87,412.51
-0.04,0.03,0.36,0.01,0.04,273.73,429.1
-0.04,0.03,0.36,0.02,0,288.62,366.37
-0.04,0.03,0.36,0.02,0.01,289.06,382.18
-0.04,0.03,0.36,0.02,0.02,289.36,397.48
-0.04,0.03,0.36,0.02,0.03,288.98,412.14
-0.04,0.03,0.36,0.02,0.04,288.84,427.25
-0.04,0.03,0.36,0.03,0,304.9,365.85
-0.04,0.03,0.36,0.03,0.01,305.21,380.99
-0.04,0.03,0.36,0.03,0.02,304.48,397.15
-0.04,0.03,0.36,0.03,0.03,304.73,412.45
-0.04,0.03,0.36,0.03,0.04,303.72,428.21
-0.04,0.065,0.36,0,0,258.68,420.58
-0.04,0.065,0.36,0,0.01,258.45,435.4
-0.04,0.065,0.36,0,0.02,257.37,450.37
-0.04,0.065,0.36,0,0.03,258.06,466.99
-0.04,0.065,0.36,0,0.04,257.86,481.88
-0.04,0.065,0.36,0.01,0,273.96,419.12
-0.04,0.065,0.36,0.01,0.01,273.95,435.51
-0.04,0.065,0.36,0.01,0.02,274,451.43
-0.04,0.065,0.36,0.01,0.03,273.73,466.16
-0.04,0.065,0.36,0.01,0.04,273.34,481.11
-0.04,0.065,0.36,0.02,0,288.69,420.15
-0.04,0.065,0.36,0.02,0.01,288.31,435.75
-0.04,0.065,0.36,0.02,0.02,288.21,450.23
-0.04,0.065,0.36,0.02,0.03,289.91,466.32
-0.04,0.065,0.36,0.02,0.04,289.42,480.9
-0.04,0.065,0.36,0.03,0,304.13,419.96
-0.04,0.065,0.36,0.03,0.01,304.51,435.7
-0.04,0.065,0.36,0.03,0.02,304.83,451.1
-0.04,0.065,0.36,0.03,0.03,304.42,466.63
-0.04,0.065,0.36,0.03,0.04,304.74,481.06
-0.04,0.1,0.36,0,0,258.31,472.9
-0.04,0.1,0.36,0,0.01,258.51,489.77
-0.04,0.1,0.36,0,0.02,258.38,505.18
-0.04,0.1,0.36,0,0.03,257.8,519.81
-0.04,0.1,0.36,0,0.04,258.33,535.58
-0.04,0.1,0.36,0.01,0,273.08,473.62
-0.04,0.1,0.36,0.01,0.01,273.98,489.04
-0.04,0.1,0.36,0.01,0.02,273.67,505.24
-0.04,0.1,0.36,0.01,0.03,274.52,519.86
-0.04,0.1,0.36,0.01,0.04,274.3,536.47
-0.04,0.1,0.36,0.02,0,289.62,473.48
-0.04,0.1,0.36,0.02,0.01,288.81,490.11
-0.04,0.1,0.36,0.02,0.02,288.7,504.12
-0.04,0.1,0.36,0.02,0.03,288.3,519.61
-0.04,0.1,0.36,0.02,0.04,289.37,535.68
-0.04,0.1,0.36,0.03,0,304.53,473.28
-0.04,0.1,0.36,0.03,0.01,305.34,489.85
-0.04,0.1,0.36,0.03,0.02,304.13,504.97
-0.04,0.1,0.36,0.03,0.03,304.02,520.3
-0.005,-0.005,0.36,0.03,0.04,358.19,373.69
-0.005,0.03,0.36,0,0,312.16,366.09
-0.005,0.03,0.36,0,0.01,312.12,382.07
-0.005,0.03,0.36,0,0.02,311.58,396.66
-0.005,0.03,0.36,0,0.03,312.77,413.72
-0.005,0.03,0.36,0,0.04,312.52,427.51
-0.005,0.03,0.36,0.01,0,327.79,365.06
-0.005,0.03,0.36,0.01,0.01,327.53,382.17
-0.005,0.03,0.36,0.01,0.02,327.83,396.36
-0.005,0.03,0.36,0.01,0.03,327.43,411.87
-0.005,0.03,0.36,0.01,0.04,326.88,427.77
-0.005,0.03,0.36,0.02,0,344.09,367.17
-0.005,0.03,0.36,0.02,0.01,342.31,381.53
-0.005,0.03,0.36,0.02,0.02,342.61,396.69
-0.005,0.03,0.36,0.02,0.03,343.49,412.44
-0.005,0.03,0.36,0.02,0.04,342.71,428.39
-0.005,0.03,0.36,0.03,0,357.68,367.34
-0.005,0.03,0.36,0.03,0.01,357.32,381.96
-0.005,0.03,0.36,0.03,0.02,358.67,396.81
-0.005,0.03,0.36,0.03,0.03,357.96,412.74
-0.005,0.03,0.36,0.03,0.04,358.39,427.98
-0.005,0.065,0.36,0,0,312.09,420.34
-0.005,0.065,0.36,0,0.01,312.51,434.5
-0.005,0.065,0.36,0,0.02,313.1,450.74
-0.005,0.065,0.36,0,0.03,313.08,466.18
-0.005,0.065,0.36,0,0.04,311.59,482.56
-0.005,0.065,0.36,0.01,0,327.28,420.18
-0.005,0.065,0.36,0.01,0.01,328.69,435.75
-0.005,0.065,0.36,0.01,0.02,328.29,450.48
-0.005,0.065,0.36,0.01,0.03,327.6,466.22
-0.005,0.065,0.36,0.01,0.04,327.7,482.92
-0.005,0.065,0.36,0.02,0,342.9,420.02
-0.005,0.065,0.36,0.02,0.01,342.53,434.69
-0.005,0.065,0.36,0.02,0.02,343.08,451.67
-0.005,0.065,0.36,0.02,0.03,342.45,466.58
-0.005,0.065,0.36,0.02,0.04,343.01,482
-0.005,0.065,0.36,0.03,0,358.57,420.17
-0.005,0.065,0.36,0.03,0.01,358.26,435.75
-0.005,0.065,0.36,0.03,0.02,359.12,450.43
-0.005,0.065,0.36,0.03,0.03,359.19,466.01
-0.005,0.065,0.36,0.03,0.04,358.38,481.96
-0.005,0.1,0.36,0,0,312.12,474.28
-0.005,0.1,0.36,0,0.01,311.91,488.85
-0.005,0.1,0.36,0,0.02,312.56,504.9
-0.005,0.1,0.36,0,0.03,312.19,520.16
-0.005,0.1,0.36,0,0.04,311.7,535.43
-0.005,0.1,0.36,0.01,0,327.9,473.42
-0.005,0.1,0.36,0.01,0.01,328.2,489.32
-0.005,0.1,0.36,0.01,0.02,328.06,505.58
-0.005,0.1,0.36,0.01,0.03,327.75,520.36
-0.005,0.1,0.36,0.01,0.04,328.03,535.06
-0.005,0.1,0.36,0.02,0,343.17,474.53
-0.005,0.1,0.36,0.02,0.01,343.37,489.91
-0.005,0.1,0.36,0.02,0.02,343.04,505.53
-0.005,0.1,0.36,0.02,0.03,343.4,519.69
-0.005,0.1,0.36,0.02,0.04,343.22,535.74
-0.005,0.1,0.36,0.03,0,358.11,474.48
-0.005,0.1,0.36,0.03,0.01,358.52,489.42
-0.005,0.1,0.36,0.03,0.02,358.76,504.8
-0.005,0.1,0.36,0.03,0.03,358.55,519.57
0.03,-0.005,0.36,0.03,0.04,412.59,374.03
0.03,0.03,0.36,0,0,365.64,366.81
0.03,0.03,0.36,0,0.01,366.21,381.78
0.03,0.03,0.36,0,0.02,366.48,396.85
0.03,0.03,0.36,0,0.03,366.49,412.74
0.03,0.03,0.36,0,0.04,366.12,428.49
0.03,0.03,0.36,0.01,0,382.01,365.87
0.03,0.03,0.36,0.01,0.01,382.08,382.56
0.03,0.03,0.36,0.01,0.02,381.12,396.79
0.03,0.03,0.36,0.01,0.03,381.79,411.97
0.03,0.03,0.36,0.01,0.04,380.2,427.12
0.03,0.03,0.36,0.02,0,396.88,365.59
0.03,0.03,0.36,0.02,0.01,397.01,381.77
0.03,0.03,0.36,0.02,0.02,396.24,397.47
0.03,0.03,0.36,0.02,0.03,397.15,412.36
0.03,0.03,0.36,0.02,0.04,396.63,427.59
0.03,0.03,0.36,0.03,0,412.89,366.3
0.03,0.03,0.36,0.03,0.01,412.56,381.92
0.03,0.03,0.36,0.03,0.02,412.59,396.52
0.03,0.03,0.36,0.03,0.03,411.49,411.7
0.03,0.03,0.36,0.03,0.04,413.72,427.01
0.03,0.065,0.36,0,0,366.77,420.31
0.03,0.065,0.36,0,0.01,366.08,435.74
0.03,0.065,0.36,0,0.02,365.43,451.03
0.03,0.065,0.36,0,0.03,366.2,466.34
0.03,0.065,0.36,0,0.04,365.77,481.68
0.03,0.065,0.36,0.01,0,381.91,419.57
0.03,0.065,0.36,0.01,0.01,381.77,435.34
0.03,0.065,0.36,0.01,0.02,381.13,450.98
0.03,0.065,0.36,0.01,0.03,381.75,465.73
0.03,0.065,0.36,0.01,0.04,382.3,482.48
0.03,0.065,0.36,0.02,0,396.96,419.86
0.03,0.065,0.36,0.02,0.01,397.2,435.64
0.03,0.065,0.36,0.02,0.02,397.58,450.42
0.03,0.065,0.36,0.02,0.03,397.09,466.56
0.03,0.065,0.36,0.02,0.04,397.21,481.7
0.03,0.065,0.36,0.03,0,412.47,420.08
0.03,0.065,0.36,0.03,0.01,413.01,435.59
0.03,0.065,0.36,0.03,0.02,412.71,451.53
0.03,0.065,0.36,0.03,0.03,413.17,466
0.03,0.065,0.36,0.03,0.04,412.36,481.73
0.03,0.1,0.36,0,0,366.76,474.32
0.03,0.1,0.36,0,0.01,366.08,488.69
0.03,0.1,0.36,0,0.02,366.13,503.68
0.03,0.1,0.36,0,0.03,365.53,520.42
0.03,0.1,0.36,0,0.04,365.87,536.53
0.03,0.1,0.36,0.01,0,381.63,474.38
0.03,0.1,0.36,0.01,0.01,382.27,488.71
0.03,0.1,0.36,0.01,0.02,382.54,505.02
0.03,0.1,0.36,0.01,0.03,381.76,519.59
0.03,0.1,0.36,0.01,0.04,381.56,535.92
0.03,0.1,0.36,0.02,0,397.9,474.16
0.03,0.1,0.36,0.02,0.01,396.84,489.05
0.03,0.1,0.36,0.02,0.02,397.12,504.34
0.03,0.1,0.36,0.02,0.03,397.85,520.59
0.03,0.1,0.36,0.02,0.04,396.98,536.22
0.03,0.1,0.36,0.03,0,412.96,474.63
0.03,0.1,0.36,0.03,0.01,412.91,489.08
0.03,0.1,0.36,0.03,0.02,412.94,504.63
0.03,0.1,0.36,0.03,0.03,412.73,519.34
0.065,-0.005,0.36,0.03,0.04,465.92,372.78
0.065,0.03,0.36,0,0,419.52,366.99
0.065,0.03,0.36,0,0.01,420.89,381.24
0.065,0.03,0.36,0,0.02,419.39,397.87
0.065,0.03,0.36,0,0.03,420.85,412.71
0.065,0.03,0.36,0,0.04,419.44,427.79
0.065,0.03,0.36,0.01,0,434.76,366.36
0.065,0.03,0.36,0.01,0.01,435.85,381.2
0.065,0.03,0.36,0.01,0.02,433.8,397.04
0.065,0.03,0.36,0.01,0.03,435.9,412.81
0.065,0.03,0.36,0.01,0.04,435.31,427.33
0.065,0.03,0.36,0.02,0,451.67,366.34
0.065,0.03,0.36,0.02,0.01,450.88,381.22
0.065,0.03,0.36,0.02,0.02,450.97,396.24
0.065,0.03,0.36,0.02,0.03,451.11,412.73
0.065,0.03,0.36,0.02,0.04,450.37,427.47
0.065,0.03,0.36,0.03,0,466.38,366.89
0.065,0.03,0.36,0.03,0.01,466.02,381.83
0.065,0.03,0.36,0.03,0.02,465.91,397.26
0.065,0.03,0.36,0.03,0.03,465.36,412.38
0.065,0.03,0.36,0.03,0.04,466.3,429.5
0.065,0.065,0.36,0,0,420.97,420.07
0.065,0.065,0.36,0,0.01,420.39,435.51
0.065,0.065,0.36,0,0.02,420.02,450.31
0.065,0.065,0.36,0,0.03,420.2,466.51
0.065,0.065,0.36,0,0.04,419.47,481.96
0.065,0.065,0.36,0.01,0,434.89,419.93
0.065,0.065,0.36,0.01,0.01,435.84,435.37
0.065,0.065,0.36,0.01,0.02,435.74,450.88
0.065,0.065,0.36,0.01,0.03,434.6,465.33
0.065,0.065,0.36,0.01,0.04,435.61,481.75
0.065,0.065,0.36,0.02,0,450.79,420.14
0.065,0.065,0.36,0.02,0.01,451.3,435.92
0.065,0.065,0.36,0.02,0.02,449.61,450.28
0.065,0.065,0.36,0.02,0.03,451.2,466.64
0.065,0.065,0.36,0.02,0.04,450.26,481.03
0.065,0.065,0.36,0.03,0,465.06,420.05
0.065,0.065,0.36,0.03,0.01,466.68,435.43
0.065,0.065,0.36,0.03,0.02,465.57,451.08
0.065,0.065,0.36,0.03,0.03,465.85,466.18
0.065,0.065,0.36,0.03,0.04,466.5,481.33
0.065,0.1,0.36,0,0,420.17,473.79
0.065,0.1,0.36,0,0.01,420.52,489.07
0.065,0.1,0.36,0,0.02,419.27,503.6
0.065,0.1,0.36,0,0.03,420.37,520.67
0.065,0.1,0.36,0,0.04,419.75,535.69
0.065,0.1,0.36,0.01,0,435.38,473.65
0.065,0.1,0.36,0.01,0.01,435.34,489.33
0.065,0.1,0.36,0.01,0.02,435.65,505.23
0.065,0.1,0.36,0.01,0.03,436.77,519.79
0.065,0.1,0.36,0.01,0.04,435.36,535.95
0.065,0.1,0.36,0.02,0,451.14,473.85
0.065,0.1,0.36,0.02,0.01,450.9,489.18
0.065,0.1,0.36,0.02,0.02,451.71,505.18
0.065,0.1,0.36,0.02,0.03,451.12,519.65
0.065,0.1,0.36,0.02,0.04,450.84,535.75
0.065,0.1,0.36,0.03,0,466.24,474.54
0.065,0.1,0.36,0.03,0.01,465.62,489.04
0.065,0.1,0.36,0.03,0.02,466.17,505.19
0.065,0.1,0.36,0.03,0.03,465.79,519.24
0.1,-0.005,0.36,0.03,0.04,520.37,374.29
0.1,0.03,0.36,0,0,473.5,366.68
0.1,0.03,0.36,0,0.01,474.6,381.62
0.1,0.03,0.36,0,0.02,473.46,397.16
0.1,0.03,0.36,0,0.03,474.11,412.83
0.1,0.03,0.36,0,0.04,474.5,428.26
0.1,0.03,0.36,0.01,0,489.75,365.75
0.1,0.03,0.36,0.01,0.01,488.91,381.43
0.1,0.03,0.36,0.01,0.02,489.58,396.61
0.1,0.03,0.36,0.01,0.03,489.77,411.5
0.1,0.03,0.36,0.01,0.04,490.12,427.45
0.1,0.03,0.36,0.02,0,504.7,366.2
0.1,0.03,0.36,0.02,0.01,503.98,381.34
0.1,0.03,0.36,0.02,0.02,505.04,396.89
0.1,0.03,0.36,0.02,0.03,504.93,412.55
0.1,0.03,0.36,0.02,0.04,504.9,428.26
0.1,0.03,0.36,0.03,0,520.6,366.55
0.1,0.03,0.36,0.03,0.01,520.72,380.68
0.1,0.03,0.36,0.03,0.02,520.57,396.6
0.1,0.03,0.36,0.03,0.03,519.92,411.46
0.1,0.03,0.36,0.03,0.04,521.02,427.9
0.1,0.065,0.36,0,0,473.99,420.6
0.1,0.065,0.36,0,0.01,474.66,435.04
0.1,0.065,0.36,0,0.02,473.52,451.17
0.1,0.065,0.36,0,0.03,474.11,466.58
0.1,0.065,0.36,0,0.04,473.92,482.02
0.1,0.065,0.36,0.01,0,488.51,420.2
0.1,0.065,0.36,0.01,0.01,489.63,435.32
0.1,0.065,0.36,0.01,0.02,489.22,450.92
0.1,0.065,0.36,0.01,0.03,488.62,466.28
0.1,0.065,0.36,0.01,0.04,488.05,481.73
0.1,0.065,0.36,0.02,0,504.84,419.16
0.1,0.065,0.36,0.02,0.01,504.73,435.27
0.1,0.065,0.36,0.02,0.02,504.35,450.76
0.1,0.065,0.36,0.02,0.03,504.8,466.07
0.1,0.065,0.36,0.02,0.04,505.37,481.64
0.1,0.065,0.36,0.03,0,519.59,420.84
0.1,0.065,0.36,0.03,0.01,520.38,435.99
0.1,0.065,0.36,0.03,0.02,519.73,451.22
0.1,0.065,0.36,0.03,0.03,519.96,466.15
0.1,0.065,0.36,0.03,0.04,519.75,482.08
0.1,0.1,0.36,0,0,474.42,473.71
0.1,0.1,0.36,0,0.01,474.21,489.38
0.1,0.1,0.36,0,0.02,473.55,504.34
0.1,0.1,0.36,0,0.03,473.68,519.8
0.1,0.1,0.36,0,0.04,473.73,535.13
0.1,0.1,0.36,0.01,0,488.98,474.31
0.1,0.1,0.36,0.01,0.01,490.02,489.08
0.1,0.1,0.36,0.01,0.02,489.04,504.91
0.1,0.1,0.36,0.01,0.03,488.9,520.53
0.1,0.1,0.36,0.01,0.04,490.39,535.27
0.1,0.1,0.36,0.02,0,505.54,474.22
0.1,0.1,0.36,0.02,0.01,503.46,489.38
0.1,0.1,0.36,0.02,0.02,504.14,505.79
0.1,0.1,0.36,0.02,0.03,505.45,520.17
0.1,0.1,0.36,0.02,0.04,504.7,535.63
0.1,0.1,0.36,0.03,0,520.3,475.38
0.1,0.1,0.36,0.03,0.01,521.39,488.82
0.1,0.1,0.36,0.03,0.02,521.05,504.76
0.1,0.1,0.36,0.03,0.03,519.37,520.14
-0.04,-0.005,0.37,0.03,0.04,305.37,372.08
-0.04,0.03,0.37,0,0,260.36,364.15
-0.04,0.03,0.37,0,0.01,259.66,380.38
-0.04,0.03,0.37,0,0.02,260.53,395.11
-0.04,0.03,0.37,0,0.03,260.32,410.24
-0.04,0.03,0.37,0,0.04,260.57,424.82
-0.04,0.03,0.37,0.01,0,275.03,364.7
-0.04,0.03,0.37,0.01,0.01,275.33,379.54
-0.04,0.03,0.37,0.01,0.02,275.6,395.07
-0.04,0.03,0.37,0.01,0.03,274.32,409.91
-0.04,0.03,0.37,0.01,0.04,274.19,423.75
-0.04,0.03,0.37,0.02,0,290.69,364.7
-0.04,0.03,0.37,0.02,0.01,289.51,379.12
-0.04,0.03,0.37,0.02,0.02,290.36,395.69
-0.04,0.03,0.37,0.02,0.03,290.01,410.31
-0.04,0.03,0.37,0.02,0.04,289.45,425.07
-0.04,0.03,0.37,0.03,0,305.79,364.47
-0.04,0.03,0.37,0.03,0.01,304.66,379.4
-0.04,0.03,0.37,0.03,0.02,305.09,394.82
-0.04,0.03,0.37,0.03,0.03,305.57,409.68
-0.04,0.03,0.37,0.03,0.04,305.56,424.79
-0.04,0.065,0.37,0,0,259.45,417.83
-0.04,0.065,0.37,0,0.01,260.43,433.32
-0.04,0.065,0.37,0,0.02,259.82,446.6
-0.04,0.065,0.37,0,0.03,259.87,463.13
-0.04,0.065,0.37,0,0.04,261.01,477.78
-0.04,0.065,0.37,0.01,0,274.87,416.96
-0.04,0.065,0.37,0.01,0.01,275.86,432.52
-0.04,0.065,0.37,0.01,0.02,275.15,447.23
-0.04,0.065,0.37,0.01,0.03,274.92,461.85
-0.04,0.065,0.37,0.01,0.04,274.67,477.6
-0.04,0.065,0.37,0.02,0,290.83,416.97
-0.04,0.065,0.37,0.02,0.01,289.66,432.18
-0.04,0.065,0.37,0.02,0.02,288.55,447.45
-0.04,0.065,0.37,0.02,0.03,290.63,463.89
-0.04,0.065,0.37,0.02,0.04,290.62,476.81
-0.04,0.065,0.37,0.03,0,304.01,418.09
-0.04,0.065,0.37,0.03,0.01,304.85,432.15
-0.04,0.065,0.37,0.03,0.02,304.58,446.52
-0.04,0.065,0.37,0.03,0.03,305.17,461.87
-0.04,0.065,0.37,0.03,0.04,305.35,477.97
-0.04,0.1,0.37,0,0,259.82,469.09
-0.04,0.1,0.37,0,0.01,259.55,484.15
-0.04,0.1,0.37,0,0.02,259.81,500.24
-0.04,0.1,0.37,0,0.03,259.43,514.25
-0.04,0.1,0.37,0,0.04,259.56,530.48
-0.04,0.1,0.37,0.01,0,274.94,470.1
-0.04,0.1,0.37,0.01,0.01,274.86,484.66
-0.04,0.1,0.37,0.01,0.02,274.8,500.4
-0.04,0.1,0.37,0.01,0.03,275.34,515.82
-0.04,0.1,0.37,0.01,0.04,275.53,529.15
-0.04,0.1,0.37,0.02,0,290.76,469.32
-0.04,0.1,0.37,0.02,0.01,290.03,485.29
-0.04,0.1,0.37,0.02,0.02,289.7,499.76
-0.04,0.1,0.37,0.02,0.03,290.44,515.22
-0.04,0.1,0.37,0.02,0.04,290.26,529.96
-0.04,0.1,0.37,0.03,0,304.69,469.04
-0.04,0.1,0.37,0.03,0.01,304.06,484
-0.04,0.1,0.37,0.03,0.02,305.17,500.6
-0.04,0.1,0.37,0.03,0.03,304.46,515.04
-0.005,-0.005,0.37,0.03,0.04,357.58,372.76
-0.005,0.03,0.37,0,0,312.95,365.14
-0.005,0.03,0.37,0,0.01,312.56,379.44
-0.005,0.03,0.37,0,0.02,311.49,394.1
-0.005,0.03,0.37,0,0.03,312.43,409.44
-0.005,0.03,0.37,0,0.04,311.96,424.41
-0.005,0.03,0.37,0.01,0,327.58,365.35
-0.005,0.03,0.37,0.01,0.01,326.94,380.25
-0.005,0.03,0.37,0.01,0.02,326.44,394.87
-0.005,0.03,0.37,0.01,0.03,327.22,410.17
-0.005,0.03,0.37,0.01,0.04,327.56,424.36
-0.005,0.03,0.37,0.02,0,342.1,365.57
-0.005,0.03,0.37,0.02,0.01,342.23,380.51
-0.005,0.03,0.37,0.02,0.02,342.05,394.76
-0.005,0.03,0.37,0.02,0.03,342.83,409.89
-0.005,0.03,0.37,0.02,0.04,342.97,423.93
-0.005,0.03,0.37,0.03,0,357.05,365.15
-0.005,0.03,0.37,0.03,0.01,358.09,379.72
-0.005,0.03,0.37,0.03,0.02,356.66,394.42
-0.005,0.03,0.37,0.03,0.03,357.48,409.51
-0.005,0.03,0.37,0.03,0.04,357.74,424.76
-0.005,0.065,0.37,0,0,312.27,416.97
-0.005,0.065,0.37,0,0.01,312.79,431.62
-0.005,0.065,0.37,0,0.02,312.99,448.13
-0.005,0.065,0.37,0,0.03,313.59,462.42
-0.005,0.065,0.37,0,0.04,311.65,477.35
-0.005,0.065,0.37,0.01,0,327.62,417.21
-0.005,0.065,0.37,0.01,0.01,327.53,431.83
-0.005,0.065,0.37,0.01,0.02,327.09,447.52
-0.005,0.065,0.37,0.01,0.03,327.94,462.1
-0.005,0.065,0.37,0.01,0.04,327.17,477.78
-0.005,0.065,0.37,0.02,0,342.65,416.93
-0.005,0.065,0.37,0.02,0.01,341.39,432.59
-0.005,0.065,0.37,0.02,0.02,341.8,447.27
-0.005,0.065,0.37,0.02,0.03,342.54,463.16
-0.005,0.065,0.37,0.02,0.04,343.43,477.64
-0.005,0.065,0.37,0.03,0,357.75,417.54
-0.005,0.065,0.37,0.03,0.01,357.32,432.51
-0.005,0.065,0.37,0.03,0.02,357.82,447.5
-0.005,0.065,0.37,0.03,0.03,356.81,461.67
-0.005,0.065,0.37,0.03,0.04,357.05,476.98
-0.005,0.1,0.37,0,0,312.37,470.4
-0.005,0.1,0.37,0,0.01,311.42,483.94
-0.005,0.1,0.37,0,0.02,312.98,500.71
-0.005,0.1,0.37,0,0.03,311.7,514.2
-0.005,0.1,0.37,0,0.04,311.63,529.58
-0.005,0.1,0.37,0.01,0,327.28,469.3
-0.005,0.1,0.37,0.01,0.01,327.86,485.33
-0.005,0.1,0.37,0.01,0.02,327.36,500.39
-0.005,0.1,0.37,0.01,0.03,327.17,514.23
-0.005,0.1,0.37,0.01,0.04,326.86,529.33
-0.005,0.1,0.37,0.02,0,343.3,469.39
-0.005,0.1,0.37,0.02,0.01,343.06,484.94
-0.005,0.1,0.37,0.02,0.02,342.51,500.04
-0.005,0.1,0.37,0.02,0.03,342.21,515.01
-0.005,0.1,0.37,0.02,0.04,343.03,529.62
-0.005,0.1,0.37,0.03,0,358.34,469.58
-0.005,0.1,0.37,0.03,0.01,357.96,484.6
-0.005,0.1,0.37,0.03,0.02,358.3,499.83
-0.005,0.1,0.37,0.03,0.03,357.01,514.66
0.03,-0.005,0.37,0.03,0.04,409.66,372.23
0.03,0.03,0.37,0,0,364.54,364.83
0.03,0.03,0.37,0,0.01,365.06,379.89
0.03,0.03,0.37,0,0.02,364.32,394.85
0.03,0.03,0.37,0,0.03,365.23,409.97
0.03,0.03,0.37,0,0.04,364.37,424.81
0.03,0.03,0.37,0.01,0,380.25,365.34
0.03,0.03,0.37,0.01,0.01,379.72,380.29
0.03,0.03,0.37,0.01,0.02,379.95,394.64
0.03,0.03,0.37,0.01,0.03,380.06,409.41
0.03,0.03,0.37,0.01,0.04,380.64,424.19
0.03,0.03,0.37,0.02,0,395.11,364.48
0.03,0.03,0.37,0.02,0.01,395.16,379.31
0.03,0.03,0.37,0.02,0.02,394.28,394.79
0.03,0.03,0.37,0.02,0.03,394.32,409.24
0.03,0.03,0.37,0.02,0.04,393.83,424.09
0.03,0.03,0.37,0.03,0,410.88,365.32
0.03,0.03,0.37,0.03,0.01,409.53,380.01
0.03,0.03,0.37,0.03,0.02,410.6,395.04
0.03,0.03,0.37,0.03,0.03,410.12,410.66
0.03,0.03,0.37,0.03,0.04,410.16,424.86
0.03,0.065,0.37,0,0,365.9,418.02
0.03,0.065,0.37,0,0.01,365.78,432.35
0.03,0.065,0.37,0,0.02,365.57,447.7
0.03,0.065,0.37,0,0.03,364.37,462.05
0.03,0.065,0.37,0,0.04,364.94,477.97
0.03,0.065,0.37,0.01,0,380.01,417.09
0.03,0.065,0.37,0.01,0.01,379.17,432.52
0.03,0.065,0.37,0.01,0.02,380.27,446.95
0.03,0.065,0.37,0.01,0.03,380.93,462.02
0.03,0.065,0.37,0.01,0.04,379.88,478.09
0.03,0.065,0.37,0.02,0,394.51,417.73
0.03,0.065,0.37,0.02,0.01,395.58,431.84
0.03,0.065,0.37,0.02,0.02,395.34,447.76
0.03,0.065,0.37,0.02,0.03,394.68,462.35
0.03,0.065,0.37,0.02,0.04,395.32,476.91
0.03,0.065,0.37,0.03,0,409.97,416.94
0.03,0.065,0.37,0.03,0.01,409.53,433.69
0.03,0.065,0.37,0.03,0.02,409.6,446.76
0.03,0.065,0.37,0.03,0.03,408.79,461.28
0.03,0.065,0.37,0.03,0.04,410.33,477.35
0.03,0.1,0.37,0,0,364.5,470.25
0.03,0.1,0.37,0,0.01,365.44,485.21
0.03,0.1,0.37,0,0.02,364.34,500.02
0.03,0.1,0.37,0,0.03,365.51,514.52
0.03,0.1,0.37,0,0.04,364.3,529.4
0.03,0.1,0.37,0.01,0,379.89,469.19
0.03,0.1,0.37,0.01,0.01,379.81,485.02
0.03,0.1,0.37,0.01,0.02,380.89,499.41
0.03,0.1,0.37,0.01,0.03,379.75,514.74
0.03,0.1,0.37,0.01,0.04,380.2,529.69
0.03,0.1,0.37,0.02,0,395.46,470.05
0.03,0.1,0.37,0.02,0.01,394.81,485.14
0.03,0.1,0.37,0.02,0.02,395.13,499.74
0.03,0.1,0.37,0.02,0.03,395.15,514.93
0.03,0.1,0.37,0.02,0.04,394.75,529.44
0.03,0.1,0.37,0.03,0,409.04,469.85
0.03,0.1,0.37,0.03,0.01,410.59,485.23
0.03,0.1,0.37,0.03,0.02,409.81,499.82
0.03,0.1,0.37,0.03,0.03,409.9,515.07
0.065,-0.005,0.37,0.03,0.04,462.82,372.22
0.065,0.03,0.37,0,0,417.46,364.79
0.065,0.03,0.37,0,0.01,417.04,380.47
0.065,0.03,0.37,0,0.02,417.1,394.77
0.065,0.03,0.37,0,0.03,416.48,409.56
0.065,0.03,0.37,0,0.04,416.85,425.33
0.065,0.03,0.37,0.01,0,432.37,365.7
0.065,0.03,0.37,0.01,0.01,432.79,380.56
0.065,0.03,0.37,0.01,0.02,432.83,394.99
0.065,0.03,0.37,0.01,0.03,432.51,408.98
0.065,0.03,0.37,0.01,0.04,432.09,424.69
0.065,0.03,0.37,0.02,0,447.18,365.44
0.065,0.03,0.37,0.02,0.01,447.05,379.83
0.065,0.03,0.37,0.02,0.02,446.42,394.38
0.065,0.03,0.37,0.02,0.03,447.66,410.19
0.065,0.03,0.37,0.02,0.04,447.19,424.36
0.065,0.03,0.37,0.03,0,462.85,364.69
0.065,0.03,0.37,0.03,0.01,462.96,379.79
0.065,0.03,0.37,0.03,0.02,462.36,394.98
0.065,0.03,0.37,0.03,0.03,462.81,410.38
0.065,0.03,0.37,0.03,0.04,462.27,424.52
0.065,0.065,0.37,0,0,417.2,417.28
0.065,0.065,0.37,0,0.01,418.03,432.87
0.065,0.065,0.37,0,0.02,417.73,446.92
0.065,0.065,0.37,0,0.03,417.07,462.36
0.065,0.065,0.37,0,0.04,417.11,476.95
0.065,0.065,0.37,0.01,0,433.01,417.72
0.065,0.065,0.37,0.01,0.01,433.24,432.34
0.065,0.065,0.37,0.01,0.02,431.37,446.91
0.065,0.065,0.37,0.01,0.03,432.71,462.79
0.065,0.065,0.37,0.01,0.04,432.1,476.93
0.065,0.065,0.37,0.02,0,447.04,417.19
0.065,0.065,0.37,0.02,0.01,446.64,432.51
0.065,0.065,0.37,0.02,0.02,447.54,447.22
0.065,0.065,0.37,0.02,0.03,447.7,461.8
0.065,0.065,0.37,0.02,0.04,447.09,477.54
0.065,0.065,0.37,0.03,0,462.69,417.18
0.065,0.065,0.37,0.03,0.01,462.43,431.12
0.065,0.065,0.37,0.03,0.02,461.55,447.81
0.065,0.065,0.37,0.03,0.03,462.03,461.43
0.065,0.065,0.37,0.03,0.04,461.83,476.69
0.065,0.1,0.37,0,0,417.94,470.49
0.065,0.1,0.37,0,0.01,417.63,484.87
0.065,0.1,0.37,0,0.02,417.01,500.02
0.065,0.1,0.37,0,0.03,418.3,514.6
0.065,0.1,0.37,0,0.04,417.29,530.15
0.065,0.1,0.37,0.01,0,432.3,469.7
0.065,0.1,0.37,0.01,0.01,432.39,484.51
0.065,0.1,0.37,0.01,0.02,433.04,499.86
0.065,0.1,0.37,0.01,0.03,432.8,514.65
0.065,0.1,0.37,0.01,0.04,433.29,530.45
0.065,0.1,0.37,0.02,0,446.77,470.45
0.065,0.1,0.37,0.02,0.01,446.87,485.28
0.065,0.1,0.37,0.02,0.02,448.08,499.25
0.065,0.1,0.37,0.02,0.03,447.65,514.37
0.065,0.1,0.37,0.02,0.04,446.92,529.22
0.065,0.1,0.37,0.03,0,462.53,470
0.065,0.1,0.37,0.03,0.01,463.43,485.39
0.065,0.1,0.37,0.03,0.02,462.23,500.04
0.065,0.1,0.37,0.03,0.03,462.58,515.11
0.1,-0.005,0.37,0.03,0.04,514.73,371.95
0.1,0.03,0.37,0,0,468.5,364.99
0.1,0.03,0.37,0,0.01,469.8,379.87
0.1,0.03,0.37,0,0.02,470.14,394.68
0.1,0.03,0.37,0,0.03,469.97,409.01
0.1,0.03,0.37,0,0.04,471.11,425.33
0.1,0.03,0.37,0.01,0,485.42,365.93
0.1,0.03,0.37,0.01,0.01,485.02,378.81
0.1,0.03,0.37,0.01,0.02,485.65,394.46
0.1,0.03,0.37,0.01,0.03,485.23,409.88
0.1,0.03,0.37,0.01,0.04,485,425.32
0.1,0.03,0.37,0.02,0,498.73,364.68
0.1,0.03,0.37,0.02,0.01,500.18,379.77
0.1,0.03,0.37,0.02,0.02,500.5,394.61
0.1,0.03,0.37,0.02,0.03,499.43,410.36
0.1,0.03,0.37,0.02,0.04,499.79,425.42
0.1,0.03,0.37,0.03,0,515.23,365.46
0.1,0.03,0.37,0.03,0.01,515.54,380.52
0.1,0.03,0.37,0.03,0.02,514.99,395.09
0.1,0.03,0.37,0.03,0.03,514.92,409.56
0.1,0.03,0.37,0.03,0.04,514.89,424.96
0.1,0.065,0.37,0,0,470.25,417.03
0.1,0.065,0.37,0,0.01,469.92,432.71
0.1,0.065,0.37,0,0.02,469.47,446.38
0.1,0.065,0.37,0,0.03,470.5,462.6
0.1,0.065,0.37,0,0.04,469.63,477.22
0.1,0.065,0.37,0.01,0,485.28,417.09
0.1,0.065,0.37,0.01,0.01,484.19,432.8
0.1,0.065,0.37,0.01,0.02,485.37,447.71
0.1,0.065,0.37,0.01,0.03,484.76,463.94
0.1,0.065,0.37,0.01,0.04,484.78,477.51
0.1,0.065,0.37,0.02,0,499.68,417.47
0.1,0.065,0.37,0.02,0.01,499.79,432.32
0.1,0.065,0.37,0.02,0.02,499.17,448.04
0.1,0.065,0.37,0.02,0.03,500.33,462.79
0.1,0.065,0.37,0.02,0.04,499.61,477.29
0.1,0.065,0.37,0.03,0,514.86,417.96
0.1,0.065,0.37,0.03,0.01,514.62,432.74
0.1,0.065,0.37,0.03,0.02,515.42,447.78
0.1,0.065,0.37,0.03,0.03,514.51,462.02
0.1,0.065,0.37,0.03,0.04,515.02,477.27
0.1,0.1,0.37,0,0,469.55,470.61
0.1,0.1,0.37,0,0.01,469.91,485.85
0.1,0.1,0.37,0,0.02,469.7,498.41
0.1,0.1,0.37,0,0.03,470.05,514.07
0.1,0.1,0.37,0,0.04,470.41,529.07
0.1,0.1,0.37,0.01,0,485.03,469.2
0.1,0.1,0.37,0.01,0.01,483.81,484.29
0.1,0.1,0.37,0.01,0.02,484.75,499.83
0.1,0.1,0.37,0.01,0.03,485.33,514.94
0.1,0.1,0.37,0.01,0.04,485.11,529.94
0.1,0.1,0.37,0.02,0,500.39,469.45
0.1,0.1,0.37,0.02,0.01,500.33,484.11
0.1,0.1,0.37,0.02,0.02,500.59,499.72
0.1,0.1,0.37,0.02,0.03,499.16,514.51
0.1,0.1,0.37,0.02,0.04,500.09,528.85
0.1,0.1,0.37,0.03,0,514.47,469.65
0.1,0.1,0.37,0.03,0.01,513.95,484.91
0.1,0.1,0.37,0.03,0.02,514.95,499.23
0.1,0.1,0.37,0.03,0.03,514.65,514.56
-0.04,-0.005,0.38,0.03,0.04,305.15,371.2
-0.04,0.03,0.38,0,0,261.05,363.94
-0.04,0.03,0.38,0,0.01,261.72,378.41
-0.04,0.03,0.38,0,0.02,261.74,392.53
-0.04,0.03,0.38,0,0.03,261.47,407.5
-0.04,0.03,0.38,0,0.04,262.25,422.69
-0.04,0.03,0.38,0.01,0,276.24,364.27
-0.04,0.03,0.38,0.01,0.01,276.6,378.67
-0.04,0.03,0.38,0.01,0.02,276.19,392.78
-0.04,0.03,0.38,0.01,0.03,276.37,407.98
-0.04,0.03,0.38,0.01,0.04,276.33,422.63
-0.04,0.03,0.38,0.02,0,291.75,365.1
-0.04,0.03,0.38,0.02,0.01,290.76,377.92
-0.04,0.03,0.38,0.02,0.02,291.03,392.36
-0.04,0.03,0.38,0.02,0.03,291.24,407.46
-0.04,0.03,0.38,0.02,0.04,290.23,423.21
-0.04,0.03,0.38,0.03,0,305.1,364.23
-0.04,0.03,0.38,0.03,0.01,305.64,378.5
-0.04,0.03,0.38,0.03,0.02,305.37,392.42
-0.04,0.03,0.38,0.03,0.03,305.43,406.47
-0.04,0.03,0.38,0.03,0.04,304.57,422.33
-0.04,0.065,0.38,0,0,262.28,414.92
-0.04,0.065,0.38,0,0.01,261.4,428.75
-0.04,0.065,0.38,0,0.02,262.25,444.42
-0.04,0.065,0.38,0,0.03,262.04,458.94
-0.04,0.065,0.38,0,0.04,260.65,472.98
-0.04,0.065,0.38,0.01,0,276.46,415.5
-0.04,0.065,0.38,0.01,0.01,276.46,429.06
-0.04,0.065,0.38,0.01,0.02,275.77,443.92
-0.04,0.065,0.38,0.01,0.03,276.02,457.99
-0.04,0.065,0.38,0.01,0.04,276.48,473.43
-0.04,0.065,0.38,0.02,0,290.23,414.73
-0.04,0.065,0.38,0.02,0.01,290.52,430.15
-0.04,0.065,0.38,0.02,0.02,289.5,443.85
-0.04,0.065,0.38,0.02,0.03,290.27,458.39
-0.04,0.065,0.38,0.02,0.04,290.89,473.13
-0.04,0.065,0.38,0.03,0,305.3,414.99
-0.04,0.065,0.38,0.03,0.01,304.56,429.87
-0.04,0.065,0.38,0.03,0.02,305.27,443.99
-0.04,0.065,0.38,0.03,0.03,305.19,458.4
-0.04,0.065,0.38,0.03,0.04,305.9,473.14
-0.04,0.1,0.38,0,0,262.36,466.79
-0.04,0.1,0.38,0,0.01,260.5,480.97
-0.04,0.1,0.38,0,0.02,261.24,494.91
-0.04,0.1,0.38,0,0.03,262.09,509.39
-0.04,0.1,0.38,0,0.04,261.72,524.14
-0.04,0.1,0.38,0.01,0,276,465.51
-0.04,0.1,0.38,0.01,0.01,275.54,481.09
-0.04,0.1,0.38,0.01,0.02,276.31,495.27
-0.04,0.1,0.38,0.01,0.03,276.56,508.37
-0.04,0.1,0.38,0.01,0.04,276.1,523.9
-0.04,0.1,0.38,0.02,0,291.08,466.89
-0.04,0.1,0.38,0.02,0.01,291.23,480.64
-0.04,0.1,0.38,0.02,0.02,290.86,495.22
-0.04,0.1,0.38,0.02,0.03,290.79,509.83
-0.04,0.1,0.38,0.02,0.04,291.28,525.29
-0.04,0.1,0.38,0.03,0,304.76,465.74
-0.04,0.1,0.38,0.03,0.01,304.78,480.61
-0.04,0.1,0.38,0.03,0.02,305.8,495.18
-0.04,0.1,0.38,0.03,0.03,305.71,510.18
-0.005,-0.005,0.38,0.03,0.04,356.82,370.83
-0.005,0.03,0.38,0,0,312.88,363.56
-0.005,0.03,0.38,0,0.01,313.16,377.87
-0.005,0.03,0.38,0,0.02,312.25,392.89
-0.005,0.03,0.38,0,0.03,312.71,407.38
-0.005,0.03,0.38,0,0.04,313.7,422.82
-0.005,0.03,0.38,0.01,0,327.15,363.6
-0.005,0.03,0.38,0.01,0.01,328.03,377.85
-0.005,0.03,0.38,0.01,0.02,326.66,391.87
-0.005,0.03,0.38,0.01,0.03,327.14,407.46
-0.005,0.03,0.38,0.01,0.04,327.29,422.6
-0.005,0.03,0.38,0.02,0,341.55,364.05
-0.005,0.03,0.38,0.02,0.01,343.22,378.07
-0.005,0.03,0.38,0.02,0.02,341.63,393.38
-0.005,0.03,0.38,0.02,0.03,342.97,407.88
-0.005,0.03,0.38,0.02,0.04,341.23,421.69
-0.005,0.03,0.38,0.03,0,356.38,363.28
-0.005,0.03,0.38,0.03,0.01,355.54,377.81
-0.005,0.03,0.38,0.03,0.02,355.91,392.76
-0.005,0.03,0.38,0.03,0.03,356.45,407.31
-0.005,0.03,0.38,0.03,0.04,356.81,422.51
-0.005,0.065,0.38,0,0,313.31,415.03
-0.005,0.065,0.38,0,0.01,312.6,428.97
-0.005,0.065,0.38,0,0.02,311.86,444.22
-0.005,0.065,0.38,0,0.03,312.44,459.41
-0.005,0.065,0.38,0,0.04,312.69,473.2
-0.005,0.065,0.38,0.01,0,326.38,414.23
-0.005,0.065,0.38,0.01,0.01,328.18,429.96
-0.005,0.065,0.38,0.01,0.02,327.29,443.07
-0.005,0.065,0.38,0.01,0.03,328.1,457.94
-0.005,0.065,0.38,0.01,0.04,327.08,473.03
-0.005,0.065,0.38,0.02,0,342.05,413.8
-0.005,0.065,0.38,0.02,0.01,341.8,429.34
-0.005,0.065,0.38,0.02,0.02,341.74,445.2
-0.005,0.065,0.38,0.02,0.03,341.35,458.27
-0.005,0.065,0.38,0.02,0.04,341.84,472.84
-0.005,0.065,0.38,0.03,0,356.6,413.85
-0.005,0.065,0.38,0.03,0.01,355.92,428.32
-0.005,0.065,0.38,0.03,0.02,355.68,443.74
-0.005,0.065,0.38,0.03,0.03,356.65,459.37
-0.005,0.065,0.38,0.03,0.04,356.14,473.34
-0.005,0.1,0.38,0,0,313.34,465.96
-0.005,0.1,0.38,0,0.01,312.36,480.77
-0.005,0.1,0.38,0,0.02,312.26,494.2
-0.005,0.1,0.38,0,0.03,313.24,509.96
-0.005,0.1,0.38,0,0.04,312.65,524.02
-0.005,0.1,0.38,0.01,0,328.54,465.52
-0.005,0.1,0.38,0.01,0.01,326.8,480.82
-0.005,0.1,0.38,0.01,0.02,326.44,495.35
-0.005,0.1,0.38,0.01,0.03,326.81,509.43
-0.005,0.1,0.38,0.01,0.04,326.89,523.92
-0.005,0.1,0.38,0.02,0,342.01,466.54
-0.005,0.1,0.38,0.02,0.01,341.31,479.71
-0.005,0.1,0.38,0.02,0.02,341.44,494.62
-0.005,0.1,0.38,0.02,0.03,341.35,509.66
-0.005,0.1,0.38,0.02,0.04,342.25,523.7
-0.005,0.1,0.38,0.03,0,356.82,465.77
-0.005,0.1,0.38,0.03,0.01,357.1,479.77
-0.005,0.1,0.38,0.03,0.02,356.34,494.38
-0.005,0.1,0.38,0.03,0.03,356.94,509.15
0.03,-0.005,0.38,0.03,0.04,407.25,370.87
0.03,0.03,0.38,0,0,363.78,364.04
0.03,0.03,0.38,0,0.01,363.67,378.72
0.03,0.03,0.38,0,0.02,364.19,393.07
0.03,0.03,0.38,0,0.03,364.06,406.87
0.03,0.03,0.38,0,0.04,363.32,422.63
0.03,0.03,0.38,0.01,0,378.09,363.48
0.03,0.03,0.38,0.01,0.01,377.59,377.93
0.03,0.03,0.38,0.01,0.02,377.76,392.9
0.03,0.03,0.38,0.01,0.03,378.53,407.84
0.03,0.03,0.38,0.01,0.04,378.31,422.54
0.03,0.03,0.38,0.02,0,392.44,363.64
0.03,0.03,0.38,0.02,0.01,392.7,377.71
0.03,0.03,0.38,0.02,0.02,392.75,392.17
0.03,0.03,0.38,0.02,0.03,392.77,407.76
0.03,0.03,0.38,0.02,0.04,393.87,422.37
0.03,0.03,0.38,0.03,0,407.29,364.06
0.03,0.03,0.38,0.03,0.01,407.85,378.11
0.03,0.03,0.38,0.03,0.02,407.57,393.37
0.03,0.03,0.38,0.03,0.03,407.68,407.56
0.03,0.03,0.38,0.03,0.04,407.3,421.97
0.03,0.065,0.38,0,0,364.13,414.87
0.03,0.065,0.38,0,0.01,363.18,429.24
0.03,0.065,0.38,0,0.02,364.24,444.78
0.03,0.065,0.38,0,0.03,363.04,458.52
0.03,0.065,0.38,0,0.04,363.66,473.53
0.03,0.065,0.38,0.01,0,378.67,415.32
0.03,0.065,0.38,0.01,0.01,377.8,429.53
0.03,0.065,0.38,0.01,0.02,377.86,444.98
0.03,0.065,0.38,0.01,0.03,378.36,459.11
0.03,0.065,0.38,0.01,0.04,378.06,473.35
0.03,0.065,0.38,0.02,0,392.91,414.86
0.03,0.065,0.38,0.02,0.01,392.74,429.03
0.03,0.065,0.38,0.02,0.02,392.59,444.45
0.03,0.065,0.38,0.02,0.03,392.92,458.08
0.03,0.065,0.38,0.02,0.04,392.99,472.3
0.03,0.065,0.38,0.03,0,408.15,414
0.03,0.065,0.38,0.03,0.01,408.25,429.47
0.03,0.065,0.38,0.03,0.02,407.62,444.19
0.03,0.065,0.38,0.03,0.03,407.81,458.28
0.03,0.065,0.38,0.03,0.04,406.85,473.29
0.03,0.1,0.38,0,0,363.68,465.89
0.03,0.1,0.38,0,0.01,362.89,479.59
0.03,0.1,0.38,0,0.02,363.2,494.55
0.03,0.1,0.38,0,0.03,364.25,509.44
0.03,0.1,0.38,0,0.04,364.01,523.21
0.03,0.1,0.38,0.01,0,377.71,466.02
0.03,0.1,0.38,0.01,0.01,378.52,482.1
0.03,0.1,0.38,0.01,0.02,377.76,495.33
0.03,0.1,0.38,0.01,0.03,377.83,509.11
0.03,0.1,0.38,0.01,0.04,378.32,524.51
0.03,0.1,0.38,0.02,0,393.57,466.06
0.03,0.1,0.38,0.02,0.01,393.85,480.91
0.03,0.1,0.38,0.02,0.02,392.9,495.28
0.03,0.1,0.38,0.02,0.03,393.28,508.56
0.03,0.1,0.38,0.02,0.04,393.65,523.97
0.03,0.1,0.38,0.03,0,407.65,466.12
0.03,0.1,0.38,0.03,0.01,406.97,480.68
0.03,0.1,0.38,0.03,0.02,407.29,494.54
0.03,0.1,0.38,0.03,0.03,406.69,508.71
0.065,-0.005,0.38,0.03,0.04,459.06,369.68
0.065,0.03,0.38,0,0,415.45,363.14
0.065,0.03,0.38,0,0.01,414.96,378.32
0.065,0.03,0.38,0,0.02,413.99,393.1
0.065,0.03,0.38,0,0.03,414.68,406.74
0.065,0.03,0.38,0,0.04,414.05,421.46
0.065,0.03,0.38,0.01,0,429.32,362.9
0.065,0.03,0.38,0.01,0.01,428.89,378.59
0.065,0.03,0.38,0.01,0.02,430.33,393.08
0.065,0.03,0.38,0.01,0.03,429.05,407.96
0.065,0.03,0.38,0.01,0.04,428.97,422.18
0.065,0.03,0.38,0.02,0,443.22,363.47
0.065,0.03,0.38,0.02,0.01,444.89,377.93
0.065,0.03,0.38,0.02,0.02,443.42,393.09
0.065,0.03,0.38,0.02,0.03,443.94,407.83
0.065,0.03,0.38,0.02,0.04,443.69,422.55
0.065,0.03,0.38,0.03,0,458.85,363.77
0.065,0.03,0.38,0.03,0.01,459.18,377.9
0.065,0.03,0.38,0.03,0.02,458.29,393.6
0.065,0.03,0.38,0.03,0.03,458.35,406.97
0.065,0.03,0.38,0.03,0.04,458.55,422.55
0.065,0.065,0.38,0,0,415.26,415.27
0.065,0.065,0.38,0,0.01,414.39,430.2
0.065,0.065,0.38,0,0.02,415.14,443.2
0.065,0.065,0.38,0,0.03,415.4,458.53
0.065,0.065,0.38,0,0.04,414.47,473.53
0.065,0.065,0.38,0.01,0,429.81,415.12
0.065,0.065,0.38,0.01,0.01,429.16,429.55
0.065,0.065,0.38,0.01,0.02,429.66,444.7
0.065,0.065,0.38,0.01,0.03,429.29,459.11
0.065,0.065,0.38,0.01,0.04,429.42,473.28
0.065,0.065,0.38,0.02,0,442.93,414.43
0.065,0.065,0.38,0.02,0.01,443.3,428.67
0.065,0.065,0.38,0.02,0.02,444.05,445.24
0.065,0.065,0.38,0.02,0.03,444.35,458.21
0.065,0.065,0.38,0.02,0.04,443.78,472.97
0.065,0.065,0.38,0.03,0,458.7,415.4
0.065,0.065,0.38,0.03,0.01,458.08,429.26
0.065,0.065,0.38,0.03,0.02,459.38,443.38
0.065,0.065,0.38,0.03,0.03,458.52,458.04
0.065,0.065,0.38,0.03,0.04,458.86,473.01
0.065,0.1,0.38,0,0,414.83,465.95
0.065,0.1,0.38,0,0.01,416.02,480.16
0.065,0.1,0.38,0,0.02,414.87,494.63
0.065,0.1,0.38,0,0.03,413.96,509.15
0.065,0.1,0.38,0,0.04,414.2,524.11
0.065,0.1,0.38,0.01,0,431.42,466.13
0.065,0.1,0.38,0.01,0.01,428.79,479.94
0.065,0.1,0.38,0.01,0.02,429.31,494.6
0.065,0.1,0.38,0.01,0.03,430.17,509.89
0.065,0.1,0.38,0.01,0.04,428.85,524.89
0.065,0.1,0.38,0.02,0,444.93,465.68
0.065,0.1,0.38,0.02,0.01,444.12,480.92
0.065,0.1,0.38,0.02,0.02,443.62,495.36
0.065,0.1,0.38,0.02,0.03,444.04,509.68
0.065,0.1,0.38,0.02,0.04,444.66,524.89
0.065,0.1,0.38,0.03,0,458.79,465.99
0.065,0.1,0.38,0.03,0.01,459.29,480.65
0.065,0.1,0.38,0.03,0.02,457.49,495.14
0.065,0.1,0.38,0.03,0.03,459.76,509.31
0.1,-0.005,0.38,0.03,0.04,509.35,371.62
0.1,0.03,0.38,0,0,465.32,363.19
0.1,0.03,0.38,0,0.01,465.75,377.7
0.1,0.03,0.38,0,0.02,466.23,393.01
0.1,0.03,0.38,0,0.03,465.31,407
0.1,0.03,0.38,0,0.04,465.91,422.03
0.1,0.03,0.38,0.01,0,481.62,362.62
0.1,0.03,0.38,0.01,0.01,480.48,379
0.1,0.03,0.38,0.01,0.02,480.44,393.34
0.1,0.03,0.38,0.01,0.03,480.46,406.7
0.1,0.03,0.38,0.01,0.04,481.27,421.99
0.1,0.03,0.38,0.02,0,495.29,364.72
0.1,0.03,0.38,0.02,0.01,495.67,378.24
0.1,0.03,0.38,0.02,0.02,494.74,391.51
0.1,0.03,0.38,0.02,0.03,495.27,407.48
0.1,0.03,0.38,0.02,0.04,495.32,422.18
0.1,0.03,0.38,0.03,0,509.67,363.51
0.1,0.03,0.38,0.03,0.01,509.86,378.99
0.1,0.03,0.38,0.03,0.02,509.4,393.03
0.1,0.03,0.38,0.03,0.03,509.49,406.96
0.1,0.03,0.38,0.03,0.04,509.3,421.89
0.1,0.065,0.38,0,0,466,414.22
0.1,0.065,0.38,0,0.01,465.74,429.02
0.1,0.065,0.38,0,0.02,465.53,443.43
0.1,0.065,0.38,0,0.03,465.56,458.12
0.1,0.065,0.38,0,0.04,466.01,473.05
0.1,0.065,0.38,0.01,0,480.41,415.2
0.1,0.065,0.38,0.01,0.01,479.45,430.26
0.1,0.065,0.38,0.01,0.02,481.46,445.52
0.1,0.065,0.38,0.01,0.03,480.3,459.26
0.1,0.065,0.38,0.01,0.04,480.18,473.8
0.1,0.065,0.38,0.02,0,495.38,414.42
0.1,0.065,0.38,0.02,0.01,494.05,428.99
0.1,0.065,0.38,0.02,0.02,494.77,443.94
0.1,0.065,0.38,0.02,0.03,495.89,458.58
0.1,0.065,0.38,0.02,0.04,496.7,472.76
0.1,0.065,0.38,0.03,0,509.32,415.14
0.1,0.065,0.38,0.03,0.01,510.39,428.79
0.1,0.065,0.38,0.03,0.02,510.42,444.07
0.1,0.065,0.38,0.03,0.03,509.55,458.69
0.1,0.065,0.38,0.03,0.04,510.37,473.67
0.1,0.1,0.38,0,0,465.73,465.87
0.1,0.1,0.38,0,0.01,465.95,480.43
0.1,0.1,0.38,0,0.02,465.5,495.48
0.1,0.1,0.38,0,0.03,465.61,509.67
0.1,0.1,0.38,0,0.04,465.88,524.45
0.1,0.1,0.38,0.01,0,480.31,465.19
0.1,0.1,0.38,0.01,0.01,480.44,480.7
0.1,0.1,0.38,0.01,0.02,480.56,495.68
0.1,0.1,0.38,0.01,0.03,480.56,510.17
0.1,0.1,0.38,0.01,0.04,479.87,524.51
0.1,0.1,0.38,0.02,0,494.6,466.56
0.1,0.1,0.38,0.02,0.01,494.3,480.32
0.1,0.1,0.38,0.02,0.02,496.08,495.1
0.1,0.1,0.38,0.02,0.03,494.58,509.92
0.1,0.1,0.38,0.02,0.04,495.21,523.4
0.1,0.1,0.38,0.03,0,509.35,466.99
0.1,0.1,0.38,0.03,0.01,509.61,479.73
0.1,0.1,0.38,0.03,0.02,509.9,495.72
0.1,0.1,0.38,0.03,0.03,510.11,509.89
-0.04,-0.005,0.39,0.03,0.04,305.7,369.9
-0.04,0.03,0.39,0,0,263.95,362.52
-0.04,0.03,0.39,0,0.01,262.59,376.81
-0.04,0.03,0.39,0,0.02,263.09,391.46
-0.04,0.03,0.39,0,0.03,263.93,405.74
-0.04,0.03,0.39,0,0.04,263.61,419.1
-0.04,0.03,0.39,0.01,0,277.01,363.21
-0.04,0.03,0.39,0.01,0.01,276.65,376.62
-0.04,0.03,0.39,0.01,0.02,277.13,390.71
-0.04,0.03,0.39,0.01,0.03,276.95,406.03
-0.04,0.03,0.39,0.01,0.04,277.8,419.03
-0.04,0.03,0.39,0.02,0,292.07,362.25
-0.04,0.03,0.39,0.02,0.01,291.7,376.71
-0.04,0.03,0.39,0.02,0.02,291.53,390.76
-0.04,0.03,0.39,0.02,0.03,291.34,405.5
-0.04,0.03,0.39,0.02,0.04,292.68,419.32
-0.04,0.03,0.39,0.03,0,305.79,362.71
-0.04,0.03,0.39,0.03,0.01,305.55,376.26
-0.04,0.03,0.39,0.03,0.02,306.98,391.14
-0.04,0.03,0.39,0.03,0.03,305.97,405.15
-0.04,0.03,0.39,0.03,0.04,306.91,419.97
-0.04,0.065,0.39,0,0,262.98,412.12
-0.04,0.065,0.39,0,0.01,263.26,427.08
-0.04,0.065,0.39,0,0.02,263.22,440.72
-0.04,0.065,0.39,0,0.03,262.41,455.06
-0.04,0.065,0.39,0,0.04,263.14,469.19
-0.04,0.065,0.39,0.01,0,277.78,412.81
-0.04,0.065,0.39,0.01,0.01,277.3,426.28
-0.04,0.065,0.39,0.01,0.02,277.79,441.86
-0.04,0.065,0.39,0.01,0.03,277.03,454.6
-0.04,0.065,0.39,0.01,0.04,276.63,469.46
-0.04,0.065,0.39,0.02,0,291.35,412.95
-0.04,0.065,0.39,0.02,0.01,291.18,427.18
-0.04,0.065,0.39,0.02,0.02,291.15,440.34
-0.04,0.065,0.39,0.02,0.03,290.62,454.56
-0.04,0.065,0.39,0.02,0.04,291.38,469.14
-0.04,0.065,0.39,0.03,0,305.15,412.89
-0.04,0.065,0.39,0.03,0.01,305.9,426.29
-0.04,0.065,0.39,0.03,0.02,305.6,440.57
-0.04,0.065,0.39,0.03,0.03,306.21,455.73
-0.04,0.065,0.39,0.03,0.04,305.48,469.72
-0.04,0.1,0.39,0,0,262.82,461.5
-0.04,0.1,0.39,0,0.01,263.45,476.39
-0.04,0.1,0.39,0,0.02,263.41,490.54
-0.04,0.1,0.39,0,0.03,263.14,504.55
-0.04,0.1,0.39,0,0.04,263.23,518.71
-0.04,0.1,0.39,0.01,0,277.21,461.35
-0.04,0.1,0.39,0.01,0.01,277.27,476.3
-0.04,0.1,0.39,0.01,0.02,276.95,491.36
-0.04,0.1,0.39,0.01,0.03,277.63,504.18
-0.04,0.1,0.39,0.01,0.04,277.61,518.81
-0.04,0.1,0.39,0.02,0,291.46,462.05
-0.04,0.1,0.39,0.02,0.01,291.07,476.16
-0.04,0.1,0.39,0.02,0.02,292.02,490.68
-0.04,0.1,0.39,0.02,0.03,290.94,504.84
-0.04,0.1,0.39,0.02,0.04,291.36,519.57
-0.04,0.1,0.39,0.03,0,305.33,462.3
-0.04,0.1,0.39,0.03,0.01,305.93,475.69
-0.04,0.1,0.39,0.03,0.02,304.66,490.49
-0.04,0.1,0.39,0.03,0.03,306.16,504.92
-0.005,-0.005,0.39,0.03,0.04,355.57,370.48
-0.005,0.03,0.39,0,0,312.73,363.11
-0.005,0.03,0.39,0,0.01,313.06,375.76
-0.005,0.03,0.39,0,0.02,312.65,390.87
-0.005,0.03,0.39,0,0.03,312.52,405.28
-0.005,0.03,0.39,0,0.04,314.04,419.55
-0.005,0.03,0.39,0.01,0,327.21,363.48
-0.005,0.03,0.39,0.01,0.01,326.94,377.03
-0.005,0.03,0.39,0.01,0.02,327.01,391.32
-0.005,0.03,0.39,0.01,0.03,327.59,404.52
-0.005,0.03,0.39,0.01,0.04,327.55,419.14
-0.005,0.03,0.39,0.02,0,341.53,363.41
-0.005,0.03,0.39,0.02,0.01,342,376.01
-0.005,0.03,0.39,0.02,0.02,342,390.43
-0.005,0.03,0.39,0.02,0.03,340.7,405.97
-0.005,0.03,0.39,0.02,0.04,340.78,419.27
-0.005,0.03,0.39,0.03,0,355.28,362.54
-0.005,0.03,0.39,0.03,0.01,355.3,376.38
-0.005,0.03,0.39,0.03,0.02,356.58,390.52
-0.005,0.03,0.39,0.03,0.03,356.18,405.25
-0.005,0.03,0.39,0.03,0.04,354.98,419.32
-0.005,0.065,0.39,0,0,312.89,412.61
-0.005,0.065,0.39,0,0.01,312.75,426.95
-0.005,0.065,0.39,0,0.02,313.1,440.47
-0.005,0.065,0.39,0,0.03,312.24,454.79
-0.005,0.065,0.39,0,0.04,313.62,469.17
-0.005,0.065,0.39,0.01,0,326.69,412.63
-0.005,0.065,0.39,0.01,0.01,327.2,426.98
-0.005,0.065,0.39,0.01,0.02,326.59,441.64
-0.005,0.065,0.39,0.01,0.03,326.6,455.5
-0.005,0.065,0.39,0.01,0.04,327.03,469.61
-0.005,0.065,0.39,0.02,0,341.93,412.37
-0.005,0.065,0.39,0.02,0.01,341.06,426.47
-0.005,0.065,0.39,0.02,0.02,341.57,440.51
-0.005,0.065,0.39,0.02,0.03,342.21,454.75
-0.005,0.065,0.39,0.02,0.04,342.09,469.4
-0.005,0.065,0.39,0.03,0,354.9,412.17
-0.005,0.065,0.39,0.03,0.01,355.61,426.87
-0.005,0.065,0.39,0.03,0.02,355.27,441.18
-0.005,0.065,0.39,0.03,0.03,355.59,454.51
-0.005,0.065,0.39,0.03,0.04,355.12,469.57
-0.005,0.1,0.39,0,0,311.96,461
-0.005,0.1,0.39,0,0.01,312.85,477.15
-0.005,0.1,0.39,0,0.02,313.67,490.34
-0.005,0.1,0.39,0,0.03,312.31,505.44
-0.005,0.1,0.39,0,0.04,312.85,519.5
-0.005,0.1,0.39,0.01,0,327.08,462.85
-0.005,0.1,0.39,0.01,0.01,327.29,477.1
-0.005,0.1,0.39,0.01,0.02,327.07,491.77
-0.005,0.1,0.39,0.01,0.03,326.89,505.51
-0.005,0.1,0.39,0.01,0.04,328.57,519.36
-0.005,0.1,0.39,0.02,0,340.57,462.54
-0.005,0.1,0.39,0.02,0.01,341.58,475.19
-0.005,0.1,0.39,0.02,0.02,340.62,491.3
-0.005,0.1,0.39,0.02,0.03,342.36,504.48
-0.005,0.1,0.39,0.02,0.04,341.37,518.52
-0.005,0.1,0.39,0.03,0,355.35,461.98
-0.005,0.1,0.39,0.03,0.01,355.73,477.44
-0.005,0.1,0.39,0.03,0.02,356.66,490.03
-0.005,0.1,0.39,0.03,0.03,355.35,504.83
0.03,-0.005,0.39,0.03,0.04,405.05,369.37
0.03,0.03,0.39,0,0,363.18,363.36
0.03,0.03,0.39,0,0.01,362.2,376.93
0.03,0.03,0.39,0,0.02,362.49,390.15
0.03,0.03,0.39,0,0.03,362.36,404.66
0.03,0.03,0.39,0,0.04,362.48,419.59
0.03,0.03,0.39,0.01,0,376.88,362.36
0.03,0.03,0.39,0.01,0.01,376.74,377.25
0.03,0.03,0.39,0.01,0.02,376.65,391.08
0.03,0.03,0.39,0.01,0.03,375.87,405.24
0.03,0.03,0.39,0.01,0.04,376.56,418.94
0.03,0.03,0.39,0.02,0,390.95,362.46
0.03,0.03,0.39,0.02,0.01,390.21,376.7
0.03,0.03,0.39,0.02,0.02,390.68,391.38
0.03,0.03,0.39,0.02,0.03,390.63,405.14
0.03,0.03,0.39,0.02,0.04,391.54,419.51
0.03,0.03,0.39,0.03,0,405.17,362.54
0.03,0.03,0.39,0.03,0.01,405.5,376.43
0.03,0.03,0.39,0.03,0.02,406,390.87
0.03,0.03,0.39,0.03,0.03,404.93,405.1
0.03,0.03,0.39,0.03,0.04,405.89,419.75
0.03,0.065,0.39,0,0,361.57,411.32
0.03,0.065,0.39,0,0.01,363.23,426.53
0.03,0.065,0.39,0,0.02,361.92,441.39
0.03,0.065,0.39,0,0.03,362.09,455.25
0.03,0.065,0.39,0,0.04,361.86,469.2
0.03,0.065,0.39,0.01,0,376.67,412.09
0.03,0.065,0.39,0.01,0.01,377.97,426.44
0.03,0.065,0.39,0.01,0.02,377.68,441.58
0.03,0.065,0.39,0.01,0.03,376.22,454.81
0.03,0.065,0.39,0.01,0.04,377.77,469.54
0.03,0.065,0.39,0.02,0,391.33,412.21
0.03,0.065,0.39,0.02,0.01,391.4,426.32
0.03,0.065,0.39,0.02,0.02,391.5,440.58
0.03,0.065,0.39,0.02,0.03,391.17,455.37
0.03,0.065,0.39,0.02,0.04,390.62,468.8
0.03,0.065,0.39,0.03,0,405.68,411.16
0.03,0.065,0.39,0.03,0.01,405.65,425.91
0.03,0.065,0.39,0.03,0.02,404.85,441
0.03,0.065,0.39,0.03,0.03,405.2,454.89
0.03,0.065,0.39,0.03,0.04,406.4,469.2
0.03,0.1,0.39,0,0,362.78,462.66
0.03,0.1,0.39,0,0.01,362.91,476.78
0.03,0.1,0.39,0,0.02,361.72,490.68
0.03,0.1,0.39,0,0.03,362.46,505.19
0.03,0.1,0.39,0,0.04,362.38,518.69
0.03,0.1,0.39,0.01,0,376.15,461.77
0.03,0.1,0.39,0.01,0.01,377.82,476.38
0.03,0.1,0.39,0.01,0.02,377.33,490.66
0.03,0.1,0.39,0.01,0.03,375.94,504.67
0.03,0.1,0.39,0.01,0.04,377.18,519.05
0.03,0.1,0.39,0.02,0,391.16,461.89
0.03,0.1,0.39,0.02,0.01,391.63,476.35
0.03,0.1,0.39,0.02,0.02,391.36,489.89
0.03,0.1,0.39,0.02,0.03,392.28,504.71
0.03,0.1,0.39,0.02,0.04,391.09,520.21
0.03,0.1,0.39,0.03,0,405.5,462.81
0.03,0.1,0.39,0.03,0.01,405.63,476.55
0.03,0.1,0.39,0.03,0.02,405.03,490.82
0.03,0.1,0.39,0.03,0.03,404.32,504.41
0.065,-0.005,0.39,0.03,0.04,455.4,369.78
0.065,0.03,0.39,0,0,412.2,362.76
0.065,0.03,0.39,0,0.01,412.44,376.98
0.065,0.03,0.39,0,0.02,412.44,391.33
0.065,0.03,0.39,0,0.03,413.14,404.79
0.065,0.03,0.39,0,0.04,412.75,419.57
0.065,0.03,0.39,0.01,0,426.91,363.03
0.065,0.03,0.39,0.01,0.01,427.03,376.77
0.065,0.03,0.39,0.01,0.02,426.97,391.31
0.065,0.03,0.39,0.01,0.03,427.04,405.09
0.065,0.03,0.39,0.01,0.04,426.21,419.04
0.065,0.03,0.39,0.02,0,440.17,362.09
0.065,0.03,0.39,0.02,0.01,440.55,376.76
0.065,0.03,0.39,0.02,0.02,440.27,391.24
0.065,0.03,0.39,0.02,0.03,441.21,405.01
0.065,0.03,0.39,0.02,0.04,441.28,419.31
0.065,0.03,0.39,0.03,0,456.14,362.68
0.065,0.03,0.39,0.03,0.01,454.43,377.21
0.065,0.03,0.39,0.03,0.02,454.42,390.91
0.065,0.03,0.39,0.03,0.03,455.63,405.99
0.065,0.03,0.39,0.03,0.04,455.24,420.05
0.065,0.065,0.39,0,0,411.3,412.21
0.065,0.065,0.39,0,0.01,412.23,426.61
0.065,0.065,0.39,0,0.02,412.93,440.86
0.065,0.065,0.39,0,0.03,412.33,455.09
0.065,0.065,0.39,0,0.04,412.43,469.21
0.065,0.065,0.39,0.01,0,426.93,412.23
0.065,0.065,0.39,0.01,0.01,427.14,426.66
0.065,0.065,0.39,0.01,0.02,426.29,440.67
0.065,0.065,0.39,0.01,0.03,426.68,455.48
0.065,0.065,0.39,0.01,0.04,427.04,469.44
0.065,0.065,0.39,0.02,0,440.98,413.18
0.065,0.065,0.39,0.02,0.01,440.58,425.94
0.065,0.065,0.39,0.02,0.02,441.22,440.79
0.065,0.065,0.39,0.02,0.03,441.07,455.29
0.065,0.065,0.39,0.02,0.04,440.03,469.44
0.065,0.065,0.39,0.03,0,455.36,412.21
0.065,0.065,0.39,0.03,0.01,454.92,426.17
0.065,0.065,0.39,0.03,0.02,455.76,441.96
0.065,0.065,0.39,0.03,0.03,454.96,454.53
0.065,0.065,0.39,0.03,0.04,455.29,469.96
0.065,0.1,0.39,0,0,412.75,462.09
0.065,0.1,0.39,0,0.01,412.05,475.62
0.065,0.1,0.39,0,0.02,412.79,490.75
0.065,0.1,0.39,0,0.03,412.52,504.52
0.065,0.1,0.39,0,0.04,412.37,518.49
0.065,0.1,0.39,0.01,0,426.86,462.73
0.065,0.1,0.39,0.01,0.01,425.97,476.79
0.065,0.1,0.39,0.01,0.02,426.51,490.17
0.065,0.1,0.39,0.01,0.03,426.58,504.22
0.065,0.1,0.39,0.01,0.04,426.72,519.69
0.065,0.1,0.39,0.02,0,441.3,461.79
0.065,0.1,0.39,0.02,0.01,440.54,476.39
0.065,0.1,0.39,0.02,0.02,439.82,490.59
0.065,0.1,0.39,0.02,0.03,440.28,504.32
0.065,0.1,0.39,0.02,0.04,440.99,519.43
0.065,0.1,0.39,0.03,0,455.25,462.41
0.065,0.1,0.39,0.03,0.01,455.24,476.13
0.065,0.1,0.39,0.03,0.02,455.08,490.76
0.065,0.1,0.39,0.03,0.03,453.93,504.58
0.1,-0.005,0.39,0.03,0.04,505.47,368.78
0.1,0.03,0.39,0,0,462.54,362.16
0.1,0.03,0.39,0,0.01,462.46,376.58
0.1,0.03,0.39,0,0.02,462.34,391.03
0.1,0.03,0.39,0,0.03,461.83,405.82
0.1,0.03,0.39,0,0.04,462.42,419.38
0.1,0.03,0.39,0.01,0,475.74,362.97
0.1,0.03,0.39,0.01,0.01,476.38,376.44
0.1,0.03,0.39,0.01,0.02,476.79,392.6
0.1,0.03,0.39,0.01,0.03,476.22,404.88
0.1,0.03,0.39,0.01,0.04,476.18,419.38
0.1,0.03,0.39,0.02,0,489.92,362.86
0.1,0.03,0.39,0.02,0.01,491.23,375.75
0.1,0.03,0.39,0.02,0.02,489.81,390.69
0.1,0.03,0.39,0.02,0.03,490.63,406.57
0.1,0.03,0.39,0.02,0.04,489.76,419.54
0.1,0.03,0.39,0.03,0,505.72,362.44
0.1,0.03,0.39,0.03,0.01,504.61,376.86
0.1,0.03,0.39,0.03,0.02,505.2,391.8
0.1,0.03,0.39,0.03,0.03,504.86,405.05
0.1,0.03,0.39,0.03,0.04,504.83,419.68
0.1,0.065,0.39,0,0,461.38,412.29
0.1,0.065,0.39,0,0.01,462.1,427.02
0.1,0.065,0.39,0,0.02,461.71,441.03
0.1,0.065,0.39,0,0.03,461.12,455.29
0.1,0.065,0.39,0,0.04,461.64,468.87
0.1,0.065,0.39,0.01,0,476.7,412.45
0.1,0.065,0.39,0.01,0.01,476.13,426.78
0.1,0.065,0.39,0.01,0.02,475.77,440.52
0.1,0.065,0.39,0.01,0.03,476.99,455.57
0.1,0.065,0.39,0.01,0.04,475.77,469.84
0.1,0.065,0.39,0.02,0,489.61,412.17
0.1,0.065,0.39,0.02,0.01,489.94,426.79
0.1,0.065,0.39,0.02,0.02,489.95,440.77
0.1,0.065,0.39,0.02,0.03,490.66,455.78
0.1,0.065,0.39,0.02,0.04,490.01,469.93
0.1,0.065,0.39,0.03,0,504.7,412.38
0.1,0.065,0.39,0.03,0.01,504.49,426.65
0.1,0.065,0.39,0.03,0.02,504.89,440.75
0.1,0.065,0.39,0.03,0.03,504.97,454.31
0.1,0.065,0.39,0.03,0.04,503.72,469.05
0.1,0.1,0.39,0,0,462.72,461.63
0.1,0.1,0.39,0,0.01,462.36,476.56
0.1,0.1,0.39,0,0.02,461.73,489.74
0.1,0.1,0.39,0,0.03,462.47,504.64
0.1,0.1,0.39,0,0.04,462.25,519.38
0.1,0.1,0.39,0.01,0,476.45,462.96
0.1,0.1,0.39,0.01,0.01,476.87,477.41
0.1,0.1,0.39,0.01,0.02,477.1,490.27
0.1,0.1,0.39,0.01,0.03,476.29,504.89
0.1,0.1,0.39,0.01,0.04,476.84,519.25
0.1,0.1,0.39,0.02,0,490.65,462.33
0.1,0.1,0.39,0.02,0.01,489.9,477.19
0.1,0.1,0.39,0.02,0.02,489.65,489.9
0.1,0.1,0.39,0.02,0.03,490.52,504.86
0.1,0.1,0.39,0.02,0.04,491.1,518.95
0.1,0.1,0.39,0.03,0,504.72,462.05
0.1,0.1,0.39,0.03,0.01,505.33,476.69
0.1,0.1,0.39,0.03,0.02,505.14,490.3
0.1,0.1,0.39,0.03,0.03,504.93,504.84
-0.04,-0.005,0.4,0.03,0.04,305.79,368.46
-0.04,0.03,0.4,0,0,264.68,361.86
-0.04,0.03,0.4,0,0.01,264.6,375.04
-0.04,0.03,0.4,0,0.02,265.3,389.01
-0.04,0.03,0.4,0,0.03,263.35,403.41
-0.04,0.03,0.4,0,0.04,264.16,416.84
-0.04,0.03,0.4,0.01,0,278.2,362.45
-0.04,0.03,0.4,0.01,0.01,278.71,375.37
-0.04,0.03,0.4,0.01,0.02,278.65,388.81
-0.04,0.03,0.4,0.01,0.03,278.41,403.59
-0.04,0.03,0.4,0.01,0.04,277.46,417.5
-0.04,0.03,0.4,0.02,0,292.14,361.45
-0.04,0.03,0.4,0.02,0.01,292.78,375.51
-0.04,0.03,0.4,0.02,0.02,291.51,389.7
-0.04,0.03,0.4,0.02,0.03,292.12,402.81
-0.04,0.03,0.4,0.02,0.04,291.93,417.51
-0.04,0.03,0.4,0.03,0,306.07,361.44
-0.04,0.03,0.4,0.03,0.01,306.32,374.9
-0.04,0.03,0.4,0.03,0.02,306.4,389.13
-0.04,0.03,0.4,0.03,0.03,306.4,403.26
-0.04,0.03,0.4,0.03,0.04,305.88,417.29
-0.04,0.065,0.4,0,0,264.97,410.09
-0.04,0.065,0.4,0,0.01,264.68,423.99
-0.04,0.065,0.4,0,0.02,263.99,438.16
-0.04,0.065,0.4,0,0.03,264.07,452.18
-0.04,0.065,0.4,0,0.04,264.55,466.6
-0.04,0.065,0.4,0.01,0,279.58,410.32
-0.04,0.065,0.4,0.01,0.01,278.58,423.47
-0.04,0.065,0.4,0.01,0.02,278.09,437.67
-0.04,0.065,0.4,0.01,0.03,278.77,451.91
-0.04,0.065,0.4,0.01,0.04,279.15,466.4
-0.04,0.065,0.4,0.02,0,292.6,409.64
-0.04,0.065,0.4,0.02,0.01,291.25,423.58
-0.04,0.065,0.4,0.02,0.02,291.82,438.51
-0.04,0.065,0.4,0.02,0.03,293.72,451.62
-0.04,0.065,0.4,0.02,0.04,291.66,465.12
-0.04,0.065,0.4,0.03,0,305.58,410.37
-0.04,0.065,0.4,0.03,0.01,305.89,424.4
-0.04,0.065,0.4,0.03,0.02,306.01,437.97
-0.04,0.065,0.4,0.03,0.03,306.13,451.49
-0.04,0.065,0.4,0.03,0.04,306.42,465.7
-0.04,0.1,0.4,0,0,264.21,458.57
-0.04,0.1,0.4,0,0.01,264.64,472.75
-0.04,0.1,0.4,0,0.02,264.29,486.22
-0.04,0.1,0.4,0,0.03,263.94,499.75
-0.04,0.1,0.4,0,0.04,264.19,512.92
-0.04,0.1,0.4,0.01,0,278,458.69
-0.04,0.1,0.4,0.01,0.01,278.33,472.42
-0.04,0.1,0.4,0.01,0.02,278.15,486.47
-0.04,0.1,0.4,0.01,0.03,278.34,500.29
-0.04,0.1,0.4,0.01,0.04,279.03,514.45
-0.04,0.1,0.4,0.02,0,292.62,459.52
-0.04,0.1,0.4,0.02,0.01,291.37,472.25
-0.04,0.1,0.4,0.02,0.02,291.83,486.15
-0.04,0.1,0.4,0.02,0.03,290.58,500.03
-0.04,0.1,0.4,0.02,0.04,292.08,514.26
-0.04,0.1,0.4,0.03,0,306.49,458.68
-0.04,0.1,0.4,0.03,0.01,306.64,472.29
-0.04,0.1,0.4,0.03,0.02,306.62,485.83
-0.04,0.1,0.4,0.03,0.03,305.97,499.83
-0.005,-0.005,0.4,0.03,0.04,354.38,368.55
-0.005,0.03,0.4,0,0,312.91,362.22
-0.005,0.03,0.4,0,0.01,312.86,375.34
-0.005,0.03,0.4,0,0.02,312.88,389.36
-0.005,0.03,0.4,0,0.03,313.11,403.36
-0.005,0.03,0.4,0,0.04,313.3,417.66
-0.005,0.03,0.4,0.01,0,326.71,361.22
-0.005,0.03,0.4,0.01,0.01,327.37,375.78
-0.005,0.03,0.4,0.01,0.02,326.62,388.3
-0.005,0.03,0.4,0.01,0.03,326.07,403.98
-0.005,0.03,0.4,0.01,0.04,326.73,416.54
-0.005,0.03,0.4,0.02,0,340.43,361.78
-0.005,0.03,0.4,0.02,0.01,340.96,375.39
-0.005,0.03,0.4,0.02,0.02,340.95,389.2
-0.005,0.03,0.4,0.02,0.03,340.09,402.64
-0.005,0.03,0.4,0.02,0.04,340.07,416.56
-0.005,0.03,0.4,0.03,0,354.32,361.27
-0.005,0.03,0.4,0.03,0.01,354.82,374.25
-0.005,0.03,0.4,0.03,0.02,355.52,389.64
-0.005,0.03,0.4,0.03,0.03,353.83,403.11
-0.005,0.03,0.4,0.03,0.04,354.97,417.46
-0.005,0.065,0.4,0,0,312.89,409.57
-0.005,0.065,0.4,0,0.01,313.42,423.54
-0.005,0.065,0.4,0,0.02,313.11,437.12
-0.005,0.065,0.4,0,0.03,312.8,452.43
-0.005,0.065,0.4,0,0.04,313.35,465.71
-0.005,0.065,0.4,0.01,0,326.9,410.49
-0.005,0.065,0.4,0.01,0.01,326.23,424.35
-0.005,0.065,0.4,0.01,0.02,327.06,437.73
-0.005,0.065,0.4,0.01,0.03,326.51,452.13
-0.005,0.065,0.4,0.01,0.04,327.79,464.79
-0.005,0.065,0.4,0.02,0,340.39,409.99
-0.005,0.065,0.4,0.02,0.01,340.67,423.65
-0.005,0.065,0.4,0.02,0.02,341.12,437.55
-0.005,0.065,0.4,0.02,0.03,340.75,451.68
-0.005,0.065,0.4,0.02,0.04,340.31,464.93
-0.005,0.065,0.4,0.03,0,355.41,410.28
-0.005,0.065,0.4,0.03,0.01,354.82,424.1
-0.005,0.065,0.4,0.03,0.02,354.91,438.21
-0.005,0.065,0.4,0.03,0.03,355.62,452.88
-0.005,0.065,0.4,0.03,0.04,354.59,464.71
-0.005,0.1,0.4,0,0,313.69,458.66
-0.005,0.1,0.4,0,0.01,312.26,472.57
-0.005,0.1,0.4,0,0.02,312.74,485.7
-0.005,0.1,0.4,0,0.03,311.83,499.42
-0.005,0.1,0.4,0,0.04,313.07,514.06
-0.005,0.1,0.4,0.01,0,326.96,458.66
-0.005,0.1,0.4,0.01,0.01,327.21,473.73
-0.005,0.1,0.4,0.01,0.02,327.12,486.45
-0.005,0.1,0.4,0.01,0.03,326.37,499.83
-0.005,0.1,0.4,0.01,0.04,326.64,514.26
-0.005,0.1,0.4,0.02,0,340.84,458.41
-0.005,0.1,0.4,0.02,0.01,340.83,472.42
-0.005,0.1,0.4,0.02,0.02,340.49,485.93
-0.005,0.1,0.4,0.02,0.03,341.57,499.43
-0.005,0.1,0.4,0.02,0.04,340.06,514.21
-0.005,0.1,0.4,0.03,0,355.03,458.7
-0.005,0.1,0.4,0.03,0.01,353.82,472.5
-0.005,0.1,0.4,0.03,0.02,354.78,486.26
-0.005,0.1,0.4,0.03,0.03,354,500.88
0.03,-0.005,0.4,0.03,0.04,403.49,368.54
0.03,0.03,0.4,0,0,361.89,362.03
0.03,0.03,0.4,0,0.01,361.62,375.42
0.03,0.03,0.4,0,0.02,361.85,389.08
0.03,0.03,0.4,0,0.03,361.04,403.1
0.03,0.03,0.4,0,0.04,362.09,417.16
0.03,0.03,0.4,0.01,0,374.8,360.48
0.03,0.03,0.4,0.01,0.01,375.5,375.74
0.03,0.03,0.4,0.01,0.02,375.29,389.66
0.03,0.03,0.4,0.01,0.03,375.24,403.31
0.03,0.03,0.4,0.01,0.04,376.25,417.69
0.03,0.03,0.4,0.02,0,389.19,362.73
0.03,0.03,0.4,0.02,0.01,390.26,374.73
0.03,0.03,0.4,0.02,0.02,389,389.03
0.03,0.03,0.4,0.02,0.03,388.52,402.98
0.03,0.03,0.4,0.02,0.04,388.84,417.21
0.03,0.03,0.4,0.03,0,403.44,361.49
0.03,0.03,0.4,0.03,0.01,402.61,375.51
0.03,0.03,0.4,0.03,0.02,402.77,389.66
0.03,0.03,0.4,0.03,0.03,402.81,403.22
0.03,0.03,0.4,0.03,0.04,402.99,416.96
0.03,0.065,0.4,0,0,361.87,410.13
0.03,0.065,0.4,0,0.01,361.44,423.4
0.03,0.065,0.4,0,0.02,361.23,437.73
0.03,0.065,0.4,0,0.03,361.82,451.24
0.03,0.065,0.4,0,0.04,360.61,465.08
0.03,0.065,0.4,0.01,0,375.11,409.92
0.03,0.065,0.4,0.01,0.01,375.19,423.51
0.03,0.065,0.4,0.01,0.02,374.91,438.64
0.03,0.065,0.4,0.01,0.03,375.34,451.95
0.03,0.065,0.4,0.01,0.04,376.1,466.22
0.03,0.065,0.4,0.02,0,390.09,409.65
0.03,0.065,0.4,0.02,0.01,388.14,423.49
0.03,0.065,0.4,0.02,0.02,389.44,437.47
0.03,0.065,0.4,0.02,0.03,389.2,451.45
0.03,0.065,0.4,0.02,0.04,389.19,465.82
0.03,0.065,0.4,0.03,0,402.38,410.09
0.03,0.065,0.4,0.03,0.01,403.12,424.11
0.03,0.065,0.4,0.03,0.02,403.14,437.9
0.03,0.065,0.4,0.03,0.03,402.53,451.64
0.03,0.065,0.4,0.03,0.04,403.44,464.52
0.03,0.1,0.4,0,0,361.6,458.52
0.03,0.1,0.4,0,0.01,361.36,472.16
0.03,0.1,0.4,0,0.02,361.01,486.55
0.03,0.1,0.4,0,0.03,361.73,499.99
0.03,0.1,0.4,0,0.04,361.1,513.27
0.03,0.1,0.4,0.01,0,375.49,460.28
0.03,0.1,0.4,0.01,0.01,376.24,472.84
0.03,0.1,0.4,0.01,0.02,374.96,485.93
0.03,0.1,0.4,0.01,0.03,375.15,500.69
0.03,0.1,0.4,0.01,0.04,375.13,514.72
0.03,0.1,0.4,0.02,0,388.7,458.41
0.03,0.1,0.4,0.02,0.01,388.84,472.18
0.03,0.1,0.4,0.02,0.02,389.88,486.8
0.03,0.1,0.4,0.02,0.03,388.57,500.46
0.03,0.1,0.4,0.02,0.04,388.4,513.36
0.03,0.1,0.4,0.03,0,403.52,458.5
0.03,0.1,0.4,0.03,0.01,403.16,472.45
0.03,0.1,0.4,0.03,0.02,404.31,486.49
0.03,0.1,0.4,0.03,0.03,403.13,499.66
0.065,-0.005,0.4,0.03,0.04,452.78,368.14
0.065,0.03,0.4,0,0,410.24,360.92
0.065,0.03,0.4,0,0.01,409.98,376.13
0.065,0.03,0.4,0,0.02,410.18,389.22
0.065,0.03,0.4,0,0.03,410.33,403
0.065,0.03,0.4,0,0.04,410.46,416.88
0.065,0.03,0.4,0.01,0,424.2,361.14
0.065,0.03,0.4,0.01,0.01,424.39,375.73
0.065,0.03,0.4,0.01,0.02,424.24,388.52
0.065,0.03,0.4,0.01,0.03,425.11,402.82
0.065,0.03,0.4,0.01,0.04,423.2,416.43
0.065,0.03,0.4,0.02,0,437.84,361.1
0.065,0.03,0.4,0.02,0.01,439.28,375.54
0.065,0.03,0.4,0.02,0.02,437.49,389.23
0.065,0.03,0.4,0.02,0.03,437.98,403.2
0.065,0.03,0.4,0.02,0.04,438.31,417.96
0.065,0.03,0.4,0.03,0,451.87,361.46
0.065,0.03,0.4,0.03,0.01,452.09,375.51
0.065,0.03,0.4,0.03,0.02,451.75,388.51
0.065,0.03,0.4,0.03,0.03,451.91,403.72
0.065,0.03,0.4,0.03,0.04,452.55,417.82
0.065,0.065,0.4,0,0,410.67,410.02
0.065,0.065,0.4,0,0.01,410.28,423.58
0.065,0.065,0.4,0,0.02,409.97,437.34
0.065,0.065,0.4,0,0.03,409.05,451.15
0.065,0.065,0.4,0,0.04,410.24,466.07
0.065,0.065,0.4,0.01,0,424.48,410.08
0.065,0.065,0.4,0.01,0.01,423.66,423.82
0.065,0.065,0.4,0.01,0.02,424.35,438.48
0.065,0.065,0.4,0.01,0.03,424.18,450.9
0.065,0.065,0.4,0.01,0.04,423.05,465.79
0.065,0.065,0.4,0.02,0,437.38,410.36
0.065,0.065,0.4,0.02,0.01,438.07,423.82
0.065,0.065,0.4,0.02,0.02,437.72,437.84
0.065,0.065,0.4,0.02,0.03,437.95,452.01
0.065,0.065,0.4,0.02,0.04,437.68,466.48
0.065,0.065,0.4,0.03,0,452.16,409.82
0.065,0.065,0.4,0.03,0.01,451.27,424.02
0.065,0.065,0.4,0.03,0.02,450.9,437.52
0.065,0.065,0.4,0.03,0.03,451.85,451.19
0.065,0.065,0.4,0.03,0.04,451.07,466.57
0.065,0.1,0.4,0,0,410.78,459.22
0.065,0.1,0.4,0,0.01,409.29,471.39
0.065,0.1,0.4,0,0.02,409.73,485.95
0.065,0.1,0.4,0,0.03,410.96,500.74
0.065,0.1,0.4,0,0.04,409.43,513.06
0.065,0.1,0.4,0.01,0,422.92,458.09
0.065,0.1,0.4,0.01,0.01,424.43,471.7
0.065,0.1,0.4,0.01,0.02,423.23,486.91
0.065,0.1,0.4,0.01,0.03,423.44,500.18
0.065,0.1,0.4,0.01,0.04,423.91,513.94
0.065,0.1,0.4,0.02,0,437.14,458.71
0.065,0.1,0.4,0.02,0.01,437.67,471.45
0.065,0.1,0.4,0.02,0.02,438.43,486.49
0.065,0.1,0.4,0.02,0.03,438.35,500.3
0.065,0.1,0.4,0.02,0.04,437.73,513.66
0.065,0.1,0.4,0.03,0,452.34,459.28
0.065,0.1,0.4,0.03,0.01,452.03,472.12
0.065,0.1,0.4,0.03,0.02,452.01,485.68
0.065,0.1,0.4,0.03,0.03,451.87,500.27
0.1,-0.005,0.4,0.03,0.04,500.53,368.76
0.1,0.03,0.4,0,0,459.12,360.63
0.1,0.03,0.4,0,0.01,458.3,375.88
0.1,0.03,0.4,0,0.02,458.67,389.81
0.1,0.03,0.4,0,0.03,459.24,402.65
0.1,0.03,0.4,0,0.04,458.09,417.2
0.1,0.03,0.4,0.01,0,472.55,361.91
0.1,0.03,0.4,0.01,0.01,472.43,374.72
0.1,0.03,0.4,0.01,0.02,472.37,388.91
0.1,0.03,0.4,0.01,0.03,472.25,402.83
0.1,0.03,0.4,0.01,0.04,472.76,416.52
0.1,0.03,0.4,0.02,0,487.13,361.37
0.1,0.03,0.4,0.02,0.01,486.42,375.42
0.1,0.03,0.4,0.02,0.02,486.83,388.66
0.1,0.03,0.4,0.02,0.03,486.15,402.66
0.1,0.03,0.4,0.02,0.04,485.91,417.04
0.1,0.03,0.4,0.03,0,501.14,361.57
0.1,0.03,0.4,0.03,0.01,501.13,375.9
0.1,0.03,0.4,0.03,0.02,499.94,389.27
0.1,0.03,0.4,0.03,0.03,500.19,402.98
0.1,0.03,0.4,0.03,0.04,499.45,416.44
0.1,0.065,0.4,0,0,459.33,409.9
0.1,0.065,0.4,0,0.01,459.06,423.71
0.1,0.065,0.4,0,0.02,458.05,439.31
0.1,0.065,0.4,0,0.03,458.06,451.81
0.1,0.065,0.4,0,0.04,459.76,465.37
0.1,0.065,0.4,0.01,0,472.82,410.82
0.1,0.065,0.4,0.01,0.01,472.25,423.8
0.1,0.065,0.4,0.01,0.02,472.58,437.63
0.1,0.065,0.4,0.01,0.03,472.37,452.15
0.1,0.065,0.4,0.01,0.04,473.12,465.62
0.1,0.065,0.4,0.02,0,485.79,409.87
0.1,0.065,0.4,0.02,0.01,486.78,424
0.1,0.065,0.4,0.02,0.02,484.99,437.4
0.1,0.065,0.4,0.02,0.03,486.56,451.24
0.1,0.065,0.4,0.02,0.04,486.41,465.66
0.1,0.065,0.4,0.03,0,499.51,410.06
0.1,0.065,0.4,0.03,0.01,500.8,423.91
0.1,0.065,0.4,0.03,0.02,500.08,437.58
0.1,0.065,0.4,0.03,0.03,500.51,451.53
0.1,0.065,0.4,0.03,0.04,500.06,465.36
0.1,0.1,0.4,0,0,459.19,458.73
0.1,0.1,0.4,0,0.01,457.93,472.7
0.1,0.1,0.4,0,0.02,459.11,486.67
0.1,0.1,0.4,0,0.03,457.74,500.04
0.1,0.1,0.4,0,0.04,458.7,514.36
0.1,0.1,0.4,0.01,0,473.51,458.32
0.1,0.1,0.4,0.01,0.01,472.17,471.97
0.1,0.1,0.4,0.01,0.02,471.73,485.9
0.1,0.1,0.4,0.01,0.03,472.97,499.47
0.1,0.1,0.4,0.01,0.04,472.58,513.25
0.1,0.1,0.4,0.02,0,486.5,458.23
0.1,0.1,0.4,0.02,0.01,486.27,472.38
0.1,0.1,0.4,0.02,0.02,484.87,486.21
0.1,0.1,0.4,0.02,0.03,486.12,501.02
0.1,0.1,0.4,0.02,0.04,487.46,514.13
0.1,0.1,0.4,0.03,0,499.69,458.04
0.1,0.1,0.4,0.03,0.01,500.34,472.36
0.1,0.1,0.4,0.03,0.02,500.38,486.39
0.1,0.1,0.4,0.03,0.03,501.65,500.35
