0.08,0.08,0.3,0,0.04,467.91,542.03
0.08,0.08,0.3,0.01,0,486.55,468.07
0.08,0.08,0.3,0.01,0.01,486.96,485.84
0.08,0.08,0.3,0.01,0.02,486.68,505.25
0.08,0.08,0.3,0.01,0.03,486.61,523.71
0.08,0.08,0.3,0.01,0.04,486.42,541.73
0.08,0.08,0.3,0.02,0,505.37,467.32
0.08,0.08,0.3,0.02,0.01,504.97,486.47
0.08,0.08,0.3,0.02,0.02,504.17,504.85
0.08,0.08,0.3,0.02,0.03,504.21,523.47
0.08,0.08,0.3,0.02,0.04,504.31,541.64
0.08,0.08,0.3,0.03,0,523.5,467.37
0.08,0.08,0.3,0.03,0.01,524.02,486.52
0.08,0.08,0.3,0.03,0.02,523.84,504.64
0.08,0.08,0.3,0.03,0.03,524.29,523.43
0.08,0.08,0.3,0.03,0.04,523.36,540.87
0.08,0.085,0.3,0,0,468.11,476.8
0.08,0.085,0.3,0,0.01,468.38,496.74
0.08,0.085,0.3,0,0.02,467.76,513.3
0.08,0.085,0.3,0,0.03,467.47,532.27
0.08,0.085,0.3,0,0.04,467.75,551.39
0.08,0.085,0.3,0.01,0,486.8,476.26
0.08,0.085,0.3,0.01,0.01,486.88,495.04
0.08,0.085,0.3,0.01,0.02,486.63,514.55
0.08,0.085,0.3,0.01,0.03,486.77,532.03
0.08,0.085,0.3,0.01,0.04,485.85,551.58
0.08,0.085,0.3,0.02,0,503.74,477.88
0.08,0.085,0.3,0.02,0.01,505.33,495.83
0.08,0.085,0.3,0.02,0.02,505.65,513.08
0.08,0.085,0.3,0.02,0.03,503.56,531.63
0.08,0.085,0.3,0.02,0.04,504.73,550.96
0.08,0.085,0.3,0.03,0,523.29,477.48
0.08,0.085,0.3,0.03,0.01,523.52,495.31
0.08,0.085,0.3,0.03,0.02,522.41,513.63
0.08,0.085,0.3,0.03,0.03,524.09,532.44
0.08,0.085,0.3,0.03,0.04,523.4,551.84
0.08,0.09,0.3,0,0,468.14,485.69
0.08,0.09,0.3,0,0.01,467.8,504.3
0.08,0.09,0.3,0,0.02,468.4,523.84
0.08,0.09,0.3,0,0.03,467.19,541.9
0.08,0.09,0.3,0,0.04,467.41,559.83
0.08,0.09,0.3,0.01,0,485.84,486.23
0.08,0.09,0.3,0.01,0.01,486.21,504.63
0.08,0.09,0.3,0.01,0.02,486.21,523.35
0.08,0.09,0.3,0.01,0.03,486.68,541.31
0.08,0.09,0.3,0.01,0.04,485.45,559.74
0.08,0.09,0.3,0.02,0,504.77,486.54
0.08,0.09,0.3,0.02,0.01,504,504.27
0.08,0.09,0.3,0.02,0.02,505.11,523.05
0.08,0.09,0.3,0.02,0.03,505.26,541.45
0.08,0.09,0.3,0.02,0.04,504.78,560.49
0.08,0.09,0.3,0.03,0,522.73,485.69
0.08,0.09,0.3,0.03,0.01,523.21,505.48
0.08,0.09,0.3,0.03,0.02,523.06,523.49
0.08,0.09,0.3,0.03,0.03,523.76,541.37
0.08,0.09,0.3,0.03,0.04,523.38,560.04
0.08,0.095,0.3,0,0,467.67,494.91
0.08,0.095,0.3,0,0.01,467.57,513.31
0.08,0.095,0.3,0,0.02,467.95,532
0.08,0.095,0.3,0,0.03,466.95,550.57
0.08,0.095,0.3,0,0.04,467.52,569.43
0.08,0.095,0.3,0.01,0,486.65,495.1
0.08,0.095,0.3,0.01,0.01,487.2,513.4
0.08,0.095,0.3,0.01,0.02,486.42,532.32
0.08,0.095,0.3,0.01,0.03,487.61,551.81
0.08,0.095,0.3,0.01,0.04,486.63,569.1
0.08,0.095,0.3,0.02,0,505.29,495.85
0.08,0.095,0.3,0.02,0.01,504.75,513.87
0.08,0.095,0.3,0.02,0.02,504.44,532.77
0.08,0.095,0.3,0.02,0.03,505.02,551.58
0.08,0.095,0.3,0.02,0.04,504.75,569.82
0.08,0.095,0.3,0.03,0,522.54,496.26
0.08,0.095,0.3,0.03,0.01,522.69,514.79
0.08,0.095,0.3,0.03,0.02,523.8,533.04
0.08,0.095,0.3,0.03,0.03,523.22,550.72
0.08,0.095,0.3,0.03,0.04,524.07,569.44
0.08,0.1,0.3,0,0,468.62,504.24
0.08,0.1,0.3,0,0.01,467.84,522.78
0.08,0.1,0.3,0,0.02,467.47,541.03
0.08,0.1,0.3,0,0.03,468.2,560.19
0.08,0.1,0.3,0,0.04,467.72,579.41
0.08,0.1,0.3,0.01,0,486.28,505.65
0.08,0.1,0.3,0.01,0.01,486.08,523.41
0.08,0.1,0.3,0.01,0.02,485.96,541.34
0.08,0.1,0.3,0.01,0.03,486.37,560.37
0.08,0.1,0.3,0.01,0.04,486.08,578.58
0.08,0.1,0.3,0.02,0,504.99,504.42
0.08,0.1,0.3,0.02,0.01,505.28,523.08
0.08,0.1,0.3,0.02,0.02,505.05,541.32
0.08,0.1,0.3,0.02,0.03,505.25,559.44
0.08,0.1,0.3,0.02,0.04,504.19,577.81
0.08,0.1,0.3,0.03,0,523.55,504.6
0.08,0.1,0.3,0.03,0.01,523.03,523.5
0.08,0.1,0.3,0.03,0.02,523.65,541.34
0.08,0.1,0.3,0.03,0.03,524.05,560.34
0.085,0.08,0.3,0,0.04,476.28,541.97
0.085,0.08,0.3,0.01,0,495.54,468.06
0.085,0.08,0.3,0.01,0.01,495.65,485.91
0.085,0.08,0.3,0.01,0.02,495.76,504.69
0.085,0.08,0.3,0.01,0.03,495.7,523.25
0.085,0.08,0.3,0.01,0.04,495.6,542.66
0.085,0.08,0.3,0.02,0,514.47,468.43
0.085,0.08,0.3,0.02,0.01,513.83,486.35
0.085,0.08,0.3,0.02,0.02,514.64,504.15
0.085,0.08,0.3,0.02,0.03,513.89,523.17
0.085,0.08,0.3,0.02,0.04,513.28,541.57
0.085,0.08,0.3,0.03,0,533.75,467.69
0.085,0.08,0.3,0.03,0.01,532.66,486.52
0.085,0.08,0.3,0.03,0.02,532.5,505.02
0.085,0.08,0.3,0.03,0.03,532.72,522.36
0.085,0.08,0.3,0.03,0.04,532.43,541.97
0.085,0.085,0.3,0,0,477.96,477.12
0.085,0.085,0.3,0,0.01,477.08,495.89
0.085,0.085,0.3,0,0.02,476.47,514.33
0.085,0.085,0.3,0,0.03,477.13,533.32
0.085,0.085,0.3,0,0.04,477.17,550.03
0.085,0.085,0.3,0.01,0,496.16,475.72
0.085,0.085,0.3,0.01,0.01,495.34,495.51
0.085,0.085,0.3,0.01,0.02,495.12,512.99
0.085,0.085,0.3,0.01,0.03,494.98,531.94
0.085,0.085,0.3,0.01,0.04,495.49,550.77
0.085,0.085,0.3,0.02,0,513.92,477.15
0.085,0.085,0.3,0.02,0.01,512.78,495.79
0.085,0.085,0.3,0.02,0.02,514.3,514.19
0.085,0.085,0.3,0.02,0.03,514.33,532.43
0.085,0.085,0.3,0.02,0.04,514.17,550.5
0.085,0.085,0.3,0.03,0,532.39,476.9
0.085,0.085,0.3,0.03,0.01,531.59,495.39
0.085,0.085,0.3,0.03,0.02,533.06,513.93
0.085,0.085,0.3,0.03,0.03,532.66,531.8
0.085,0.085,0.3,0.03,0.04,532.16,550.42
0.085,0.09,0.3,0,0,476.91,487.3
0.085,0.09,0.3,0,0.01,477.31,505.82
0.085,0.09,0.3,0,0.02,476.91,523.28
0.085,0.09,0.3,0,0.03,476.13,540.7
0.085,0.09,0.3,0,0.04,476.79,560.26
0.085,0.09,0.3,0.01,0,495.61,486.07
0.085,0.09,0.3,0.01,0.01,495.42,505.6
0.085,0.09,0.3,0.01,0.02,495.34,524.71
0.085,0.09,0.3,0.01,0.03,496.45,541.2
0.085,0.09,0.3,0.01,0.04,496.01,560.01
0.085,0.09,0.3,0.02,0,513.76,485.81
0.085,0.09,0.3,0.02,0.01,513.38,504.7
0.085,0.09,0.3,0.02,0.02,513.71,523.3
0.085,0.09,0.3,0.02,0.03,514.43,541.95
0.085,0.09,0.3,0.02,0.04,514.8,560.68
0.085,0.09,0.3,0.03,0,533.64,486.06
0.085,0.09,0.3,0.03,0.01,531.62,504.91
0.085,0.09,0.3,0.03,0.02,532.57,523.05
0.085,0.09,0.3,0.03,0.03,532.44,542.75
0.085,0.09,0.3,0.03,0.04,531.38,560.61
0.085,0.095,0.3,0,0,476.77,496.04
0.085,0.095,0.3,0,0.01,476.87,515.55
0.085,0.095,0.3,0,0.02,477.28,532.94
0.085,0.095,0.3,0,0.03,477.56,551.28
0.085,0.095,0.3,0,0.04,477.51,569.46
0.085,0.095,0.3,0.01,0,495.99,495.04
0.085,0.095,0.3,0.01,0.01,495.32,514.32
0.085,0.095,0.3,0.01,0.02,495.85,532.29
0.085,0.095,0.3,0.01,0.03,496.33,551.42
0.085,0.095,0.3,0.01,0.04,494.88,569
0.085,0.095,0.3,0.02,0,515.16,495.88
0.085,0.095,0.3,0.02,0.01,514.27,514.95
0.085,0.095,0.3,0.02,0.02,514.68,532.23
0.085,0.095,0.3,0.02,0.03,513.82,551.07
0.085,0.095,0.3,0.02,0.04,514.65,569.15
0.085,0.095,0.3,0.03,0,532.81,495.38
0.085,0.095,0.3,0.03,0.01,533.53,513.76
0.085,0.095,0.3,0.03,0.02,531.48,532.12
0.085,0.095,0.3,0.03,0.03,532.17,551.46
0.085,0.095,0.3,0.03,0.04,533.31,569.42
0.085,0.1,0.3,0,0,476.52,504.59
0.085,0.1,0.3,0,0.01,476.47,523.21
0.085,0.1,0.3,0,0.02,477.36,542.9
0.085,0.1,0.3,0,0.03,476.09,559.93
0.085,0.1,0.3,0,0.04,477.19,577.4
0.085,0.1,0.3,0.01,0,495.49,504.42
0.085,0.1,0.3,0.01,0.01,495,523.37
0.085,0.1,0.3,0.01,0.02,495.93,541.68
0.085,0.1,0.3,0.01,0.03,496.28,559.9
0.085,0.1,0.3,0.01,0.04,494.31,578.82
0.085,0.1,0.3,0.02,0,513.17,504.44
0.085,0.1,0.3,0.02,0.01,514.67,522.31
0.085,0.1,0.3,0.02,0.02,513.63,541.73
0.085,0.1,0.3,0.02,0.03,513.92,560.29
0.085,0.1,0.3,0.02,0.04,513.91,579.25
0.085,0.1,0.3,0.03,0,532.23,504.87
0.085,0.1,0.3,0.03,0.01,532.57,523.46
0.085,0.1,0.3,0.03,0.02,533.21,541.23
0.085,0.1,0.3,0.03,0.03,532.2,559.63
0.09,0.08,0.3,0,0.04,486.2,541.31
0.09,0.08,0.3,0.01,0,504.98,467.19
0.09,0.08,0.3,0.01,0.01,504.62,486.89
0.09,0.08,0.3,0.01,0.02,505.09,505.52
0.09,0.08,0.3,0.01,0.03,504.68,522.75
0.09,0.08,0.3,0.01,0.04,504.87,542.47
0.09,0.08,0.3,0.02,0,523.33,468.3
0.09,0.08,0.3,0.02,0.01,523.19,486.04
0.09,0.08,0.3,0.02,0.02,523.55,504.74
0.09,0.08,0.3,0.02,0.03,522.95,522.66
0.09,0.08,0.3,0.02,0.04,523.57,541.9
0.09,0.08,0.3,0.03,0,541.46,467.89
0.09,0.08,0.3,0.03,0.01,541.22,486.39
0.09,0.08,0.3,0.03,0.02,541.33,504.33
0.09,0.08,0.3,0.03,0.03,541.43,523.23
0.09,0.08,0.3,0.03,0.04,541.3,541.37
0.09,0.085,0.3,0,0,486.39,477.8
0.09,0.085,0.3,0,0.01,485.93,496.24
0.09,0.085,0.3,0,0.02,486.06,513.75
0.09,0.085,0.3,0,0.03,486.38,532.66
0.09,0.085,0.3,0,0.04,486.17,550.54
0.09,0.085,0.3,0.01,0,504.99,477.26
0.09,0.085,0.3,0.01,0.01,504.9,496
0.09,0.085,0.3,0.01,0.02,504.52,514.06
0.09,0.085,0.3,0.01,0.03,504.32,532
0.09,0.085,0.3,0.01,0.04,504.34,550.38
0.09,0.085,0.3,0.02,0,522.49,476.77
0.09,0.085,0.3,0.02,0.01,522.34,495.05
0.09,0.085,0.3,0.02,0.02,522.43,514
0.09,0.085,0.3,0.02,0.03,522.4,532.71
0.09,0.085,0.3,0.02,0.04,522.73,551.18
0.09,0.085,0.3,0.03,0,542,476.74
0.09,0.085,0.3,0.03,0.01,542.25,494.79
0.09,0.085,0.3,0.03,0.02,542.31,514.09
0.09,0.085,0.3,0.03,0.03,541.89,532.73
0.09,0.085,0.3,0.03,0.04,541.49,550.77
0.09,0.09,0.3,0,0,486.13,487.22
0.09,0.09,0.3,0,0.01,485.79,504.32
0.09,0.09,0.3,0,0.02,487.11,523.64
0.09,0.09,0.3,0,0.03,486.34,542.02
0.09,0.09,0.3,0,0.04,486.59,560.95
0.09,0.09,0.3,0.01,0,504.43,486.14
0.09,0.09,0.3,0.01,0.01,505.16,505.05
0.09,0.09,0.3,0.01,0.02,504.19,523.21
0.09,0.09,0.3,0.01,0.03,505.13,541.87
0.09,0.09,0.3,0.01,0.04,505.53,560.62
0.09,0.09,0.3,0.02,0,523.66,485.3
0.09,0.09,0.3,0.02,0.01,523.02,504.3
0.09,0.09,0.3,0.02,0.02,522.27,522.9
0.09,0.09,0.3,0.02,0.03,523.22,541.67
0.09,0.09,0.3,0.02,0.04,523.09,559.99
0.09,0.09,0.3,0.03,0,541.59,486.35
0.09,0.09,0.3,0.03,0.01,541.39,504.57
0.09,0.09,0.3,0.03,0.02,541.83,522.69
0.09,0.09,0.3,0.03,0.03,542.13,542.62
0.09,0.09,0.3,0.03,0.04,541.88,559.87
0.09,0.095,0.3,0,0,486.12,495.92
0.09,0.095,0.3,0,0.01,486.52,514.52
0.09,0.095,0.3,0,0.02,486.26,533.1
0.09,0.095,0.3,0,0.03,486.72,550
0.09,0.095,0.3,0,0.04,485.93,569.52
0.09,0.095,0.3,0.01,0,504.62,495.68
0.09,0.095,0.3,0.01,0.01,505.36,514.05
0.09,0.095,0.3,0.01,0.02,505.48,532.47
0.09,0.095,0.3,0.01,0.03,504.09,550.12
0.09,0.095,0.3,0.01,0.04,503.92,569.63
0.09,0.095,0.3,0.02,0,523.54,495.83
0.09,0.095,0.3,0.02,0.01,523.01,513.72
0.09,0.095,0.3,0.02,0.02,523.17,532.57
0.09,0.095,0.3,0.02,0.03,523.63,551.33
0.09,0.095,0.3,0.02,0.04,523.86,569.72
0.09,0.095,0.3,0.03,0,542.37,495.89
0.09,0.095,0.3,0.03,0.01,541.18,513.54
0.09,0.095,0.3,0.03,0.02,542.02,532.88
0.09,0.095,0.3,0.03,0.03,542.03,550.9
0.09,0.095,0.3,0.03,0.04,541.73,568.08
0.09,0.1,0.3,0,0,486.68,505.01
0.09,0.1,0.3,0,0.01,487.07,523.69
0.09,0.1,0.3,0,0.02,485.69,541.44
0.09,0.1,0.3,0,0.03,486.16,559.79
0.09,0.1,0.3,0,0.04,486.21,578.5
0.09,0.1,0.3,0.01,0,505,504.28
0.09,0.1,0.3,0.01,0.01,504.52,522.49
0.09,0.1,0.3,0.01,0.02,504.53,543.2
0.09,0.1,0.3,0.01,0.03,504.71,559.9
0.09,0.1,0.3,0.01,0.04,504.8,578.55
0.09,0.1,0.3,0.02,0,522.52,505.49
0.09,0.1,0.3,0.02,0.01,523.21,523.46
0.09,0.1,0.3,0.02,0.02,523.06,541.53
0.09,0.1,0.3,0.02,0.03,522.87,560.98
0.09,0.1,0.3,0.02,0.04,523.36,578.53
0.09,0.1,0.3,0.03,0,541.29,505.07
0.09,0.1,0.3,0.03,0.01,541.97,522.67
0.09,0.1,0.3,0.03,0.02,541.34,542
0.09,0.1,0.3,0.03,0.03,542.31,560.14
0.095,0.08,0.3,0,0.04,495.86,541.84
0.095,0.08,0.3,0.01,0,514.92,467.66
0.095,0.08,0.3,0.01,0.01,513.65,486.59
0.095,0.08,0.3,0.01,0.02,513.79,504.39
0.095,0.08,0.3,0.01,0.03,513.85,523.03
0.095,0.08,0.3,0.01,0.04,514.99,540.78
0.095,0.08,0.3,0.02,0,531.66,468.01
0.095,0.08,0.3,0.02,0.01,531.61,486.13
0.095,0.08,0.3,0.02,0.02,532.58,504.6
0.095,0.08,0.3,0.02,0.03,531.59,521.85
0.095,0.08,0.3,0.02,0.04,532.21,540.84
0.095,0.08,0.3,0.03,0,551.15,468.32
0.095,0.08,0.3,0.03,0.01,550.61,486.57
0.095,0.08,0.3,0.03,0.02,551.24,503.86
0.095,0.08,0.3,0.03,0.03,550.65,523.23
0.095,0.08,0.3,0.03,0.04,551.13,541.99
0.095,0.085,0.3,0,0,495.48,477.78
0.095,0.085,0.3,0,0.01,495.01,495.53
0.095,0.085,0.3,0,0.02,495.27,514.53
0.095,0.085,0.3,0,0.03,495.94,533.44
0.095,0.085,0.3,0,0.04,495.03,551.47
0.095,0.085,0.3,0.01,0,514.32,477.15
0.095,0.085,0.3,0.01,0.01,513.63,495.08
0.095,0.085,0.3,0.01,0.02,513.61,513.58
0.095,0.085,0.3,0.01,0.03,514.64,532.54
0.095,0.085,0.3,0.01,0.04,514,550.97
0.095,0.085,0.3,0.02,0,532.2,477.83
0.095,0.085,0.3,0.02,0.01,531.99,495.37
0.095,0.085,0.3,0.02,0.02,532.79,514.76
0.095,0.085,0.3,0.02,0.03,532.26,532.73
0.095,0.085,0.3,0.02,0.04,532.13,550.41
0.095,0.085,0.3,0.03,0,550.48,476.42
0.095,0.085,0.3,0.03,0.01,550.62,495.45
0.095,0.085,0.3,0.03,0.02,550.16,513.71
0.095,0.085,0.3,0.03,0.03,549.67,531.84
0.095,0.085,0.3,0.03,0.04,550.78,551.02
0.095,0.09,0.3,0,0,494.75,485.96
0.095,0.09,0.3,0,0.01,495.55,504.23
0.095,0.09,0.3,0,0.02,494.93,522.64
0.095,0.09,0.3,0,0.03,496.38,541.42
0.095,0.09,0.3,0,0.04,495.06,561.08
0.095,0.09,0.3,0.01,0,514.32,485.85
0.095,0.09,0.3,0.01,0.01,514.03,504.75
0.095,0.09,0.3,0.01,0.02,513.84,522.98
0.095,0.09,0.3,0.01,0.03,514.07,541.66
0.095,0.09,0.3,0.01,0.04,513.07,560.74
0.095,0.09,0.3,0.02,0,532.88,486.52
0.095,0.09,0.3,0.02,0.01,531.88,504.07
0.095,0.09,0.3,0.02,0.02,532.52,523.56
0.095,0.09,0.3,0.02,0.03,531.79,542.03
0.095,0.09,0.3,0.02,0.04,531.61,561.75
0.095,0.09,0.3,0.03,0,551.13,486.31
0.095,0.09,0.3,0.03,0.01,551.13,505.23
0.095,0.09,0.3,0.03,0.02,550.98,522.91
0.095,0.09,0.3,0.03,0.03,551.67,541.41
0.095,0.09,0.3,0.03,0.04,550.76,560.64
0.095,0.095,0.3,0,0,495.24,495.64
0.095,0.095,0.3,0,0.01,495.6,514.06
0.095,0.095,0.3,0,0.02,496.17,531.69
0.095,0.095,0.3,0,0.03,494.9,550.4
0.095,0.095,0.3,0,0.04,495.09,568.95
0.095,0.095,0.3,0.01,0,513.68,495.53
0.095,0.095,0.3,0.01,0.01,514.31,514.08
0.095,0.095,0.3,0.01,0.02,514.68,532.24
0.095,0.095,0.3,0.01,0.03,513.77,551.33
0.095,0.095,0.3,0.01,0.04,514.07,570.27
0.095,0.095,0.3,0.02,0,532.2,495.24
0.095,0.095,0.3,0.02,0.01,531.96,514.14
0.095,0.095,0.3,0.02,0.02,532.66,532.09
0.095,0.095,0.3,0.02,0.03,533.23,551.4
0.095,0.095,0.3,0.02,0.04,534.27,568.82
0.095,0.095,0.3,0.03,0,550.7,495.44
0.095,0.095,0.3,0.03,0.01,551.41,513.93
0.095,0.095,0.3,0.03,0.02,551.54,532.47
0.095,0.095,0.3,0.03,0.03,550.69,550.6
0.095,0.095,0.3,0.03,0.04,551.16,568.34
0.095,0.1,0.3,0,0,495.17,504.87
0.095,0.1,0.3,0,0.01,495.69,524.1
0.095,0.1,0.3,0,0.02,495.62,541.99
0.095,0.1,0.3,0,0.03,495.6,560.78
0.095,0.1,0.3,0,0.04,496,579.28
0.095,0.1,0.3,0.01,0,513.84,504.65
0.095,0.1,0.3,0.01,0.01,513.97,522.37
0.095,0.1,0.3,0.01,0.02,514.35,540.83
0.095,0.1,0.3,0.01,0.03,514.15,558.89
0.095,0.1,0.3,0.01,0.04,513.18,579.35
0.095,0.1,0.3,0.02,0,532.11,504.48
0.095,0.1,0.3,0.02,0.01,532.72,524.03
0.095,0.1,0.3,0.02,0.02,533.36,541.62
0.095,0.1,0.3,0.02,0.03,531.48,559.86
0.095,0.1,0.3,0.02,0.04,531.94,577.94
0.095,0.1,0.3,0.03,0,550.74,505.29
0.095,0.1,0.3,0.03,0.01,550.32,523.88
0.095,0.1,0.3,0.03,0.02,550.97,542.25
0.095,0.1,0.3,0.03,0.03,550.99,560.67
0.1,0.08,0.3,0,0.04,505.64,541.32
0.1,0.08,0.3,0.01,0,524.23,467.13
0.1,0.08,0.3,0.01,0.01,523.54,486.12
0.1,0.08,0.3,0.01,0.02,523.45,504.73
0.1,0.08,0.3,0.01,0.03,523.07,522.68
0.1,0.08,0.3,0.01,0.04,523.49,541.39
0.1,0.08,0.3,0.02,0,541.86,467.81
0.1,0.08,0.3,0.02,0.01,541.57,487.2
0.1,0.08,0.3,0.02,0.02,542.2,504.83
0.1,0.08,0.3,0.02,0.03,541.77,523.53
0.1,0.08,0.3,0.02,0.04,542.19,541.7
0.1,0.08,0.3,0.03,0,561.24,467.76
0.1,0.08,0.3,0.03,0.01,559.37,486.11
0.1,0.08,0.3,0.03,0.02,560.79,504.56
0.1,0.08,0.3,0.03,0.03,559.51,522.44
0.1,0.08,0.3,0.03,0.04,560.17,542.09
0.1,0.085,0.3,0,0,504.01,477.51
0.1,0.085,0.3,0,0.01,504.67,495.77
0.1,0.085,0.3,0,0.02,505.06,512.94
0.1,0.085,0.3,0,0.03,505.16,532.23
0.1,0.085,0.3,0,0.04,504.84,551.14
0.1,0.085,0.3,0.01,0,523.61,476.76
0.1,0.085,0.3,0.01,0.01,523.87,494.94
0.1,0.085,0.3,0.01,0.02,522.54,513.8
0.1,0.085,0.3,0.01,0.03,522.55,532.54
0.1,0.085,0.3,0.01,0.04,523.04,551.18
0.1,0.085,0.3,0.02,0,540.15,477.32
0.1,0.085,0.3,0.02,0.01,541.86,495.36
0.1,0.085,0.3,0.02,0.02,541.97,514.09
0.1,0.085,0.3,0.02,0.03,541.28,533.17
0.1,0.085,0.3,0.02,0.04,542.02,550.84
0.1,0.085,0.3,0.03,0,560.76,476.86
0.1,0.085,0.3,0.03,0.01,559.62,495.13
0.1,0.085,0.3,0.03,0.02,560.32,513.52
0.1,0.085,0.3,0.03,0.03,559.8,532.15
0.1,0.085,0.3,0.03,0.04,559.55,550.61
0.1,0.09,0.3,0,0,505.31,485.91
0.1,0.09,0.3,0,0.01,504.64,504.95
0.1,0.09,0.3,0,0.02,504.65,523.14
0.1,0.09,0.3,0,0.03,504.54,541.39
0.1,0.09,0.3,0,0.04,504.71,560.25
0.1,0.09,0.3,0.01,0,524.2,486.07
0.1,0.09,0.3,0.01,0.01,523.21,505.38
0.1,0.09,0.3,0.01,0.02,523.16,523.13
0.1,0.09,0.3,0.01,0.03,523.33,541.74
0.1,0.09,0.3,0.01,0.04,523.54,559.5
0.1,0.09,0.3,0.02,0,540.45,485.49
0.1,0.09,0.3,0.02,0.01,541.91,505.31
0.1,0.09,0.3,0.02,0.02,541.81,523.63
0.1,0.09,0.3,0.02,0.03,540.81,540.47
0.1,0.09,0.3,0.02,0.04,541.82,561.02
0.1,0.09,0.3,0.03,0,560.08,487.18
0.1,0.09,0.3,0.03,0.01,559.84,504.47
0.1,0.09,0.3,0.03,0.02,561.67,523.01
0.1,0.09,0.3,0.03,0.03,559.51,541.03
0.1,0.09,0.3,0.03,0.04,559.74,560.05
0.1,0.095,0.3,0,0,504.76,495.73
0.1,0.095,0.3,0,0.01,505.04,514.09
0.1,0.095,0.3,0,0.02,505.48,533
0.1,0.095,0.3,0,0.03,504.17,551.47
0.1,0.095,0.3,0,0.04,504.63,568.49
0.1,0.095,0.3,0.01,0,523.45,495.37
0.1,0.095,0.3,0.01,0.01,523.85,513.46
0.1,0.095,0.3,0.01,0.02,522.76,532.91
0.1,0.095,0.3,0.01,0.03,523.25,550.9
0.1,0.095,0.3,0.01,0.04,523.23,568.77
0.1,0.095,0.3,0.02,0,542.09,495.09
0.1,0.095,0.3,0.02,0.01,541.51,514.39
0.1,0.095,0.3,0.02,0.02,541.85,532.68
0.1,0.095,0.3,0.02,0.03,541.26,551.06
0.1,0.095,0.3,0.02,0.04,542.04,569.46
0.1,0.095,0.3,0.03,0,560.1,496.21
0.1,0.095,0.3,0.03,0.01,561.02,512.84
0.1,0.095,0.3,0.03,0.02,559.8,532.85
0.1,0.095,0.3,0.03,0.03,560.41,551.26
0.1,0.095,0.3,0.03,0.04,560.54,569.48
0.1,0.1,0.3,0,0,504.74,504.55
0.1,0.1,0.3,0,0.01,505.41,522.67
0.1,0.1,0.3,0,0.02,504.88,541.52
0.1,0.1,0.3,0,0.03,504.93,560.41
0.1,0.1,0.3,0,0.04,505.08,578.25
0.1,0.1,0.3,0.01,0,523.94,504.88
0.1,0.1,0.3,0.01,0.01,523.54,523.89
0.1,0.1,0.3,0.01,0.02,523.56,541.58
0.1,0.1,0.3,0.01,0.03,522.3,560.35
0.1,0.1,0.3,0.01,0.04,523.39,578.46
0.1,0.1,0.3,0.02,0,541.3,504.01
0.1,0.1,0.3,0.02,0.01,541.71,523.71
0.1,0.1,0.3,0.02,0.02,541.76,542.31
0.1,0.1,0.3,0.02,0.03,541.19,559.8
0.1,0.1,0.3,0.02,0.04,541.38,579.21
0.1,0.1,0.3,0.03,0,559.69,504.31
0.1,0.1,0.3,0.03,0.01,560.06,523.33
0.1,0.1,0.3,0.03,0.02,560.38,542.79
0.1,0.1,0.3,0.03,0.03,559.93,559.92
0.08,0.08,0.31,0,0.04,462.94,533.63
0.08,0.08,0.31,0.01,0,481.97,462.5
0.08,0.08,0.31,0.01,0.01,481.03,480.06
0.08,0.08,0.31,0.01,0.02,481.08,498.93
0.08,0.08,0.31,0.01,0.03,481.21,516.44
0.08,0.08,0.31,0.01,0.04,480.71,534.86
0.08,0.08,0.31,0.02,0,498.66,462.43
0.08,0.08,0.31,0.02,0.01,499.18,480.76
0.08,0.08,0.31,0.02,0.02,499.51,499.05
0.08,0.08,0.31,0.02,0.03,499.33,516.94
0.08,0.08,0.31,0.02,0.04,498.57,535.2
0.08,0.08,0.31,0.03,0,516.47,463.66
0.08,0.08,0.31,0.03,0.01,516.66,481.55
0.08,0.08,0.31,0.03,0.02,517.51,498.53
0.08,0.08,0.31,0.03,0.03,516.79,516.81
0.08,0.08,0.31,0.03,0.04,517.22,535.42
0.08,0.085,0.31,0,0,462.39,472.3
0.08,0.085,0.31,0,0.01,463.09,489.28
0.08,0.085,0.31,0,0.02,463.12,507.04
0.08,0.085,0.31,0,0.03,463.69,525.27
0.08,0.085,0.31,0,0.04,462.85,543.17
0.08,0.085,0.31,0.01,0,481.43,471.47
0.08,0.085,0.31,0.01,0.01,480.26,490.14
0.08,0.085,0.31,0.01,0.02,480.62,507.95
0.08,0.085,0.31,0.01,0.03,481.26,526.31
0.08,0.085,0.31,0.01,0.04,481.44,543.13
0.08,0.085,0.31,0.02,0,498.91,472
0.08,0.085,0.31,0.02,0.01,498.08,489.75
0.08,0.085,0.31,0.02,0.02,497.61,506.77
0.08,0.085,0.31,0.02,0.03,498.45,525.77
0.08,0.085,0.31,0.02,0.04,498.64,543.73
0.08,0.085,0.31,0.03,0,517.08,471.68
0.08,0.085,0.31,0.03,0.01,517.07,489.8
0.08,0.085,0.31,0.03,0.02,516.76,507.09
0.08,0.085,0.31,0.03,0.03,516.57,526.41
0.08,0.085,0.31,0.03,0.04,516.53,543.67
0.08,0.09,0.31,0,0,462.53,480.48
0.08,0.09,0.31,0,0.01,462.38,498.8
0.08,0.09,0.31,0,0.02,463.63,515.59
0.08,0.09,0.31,0,0.03,463.71,534.63
0.08,0.09,0.31,0,0.04,462.77,552.58
0.08,0.09,0.31,0.01,0,481.12,481.31
0.08,0.09,0.31,0.01,0.01,480.73,498.43
0.08,0.09,0.31,0.01,0.02,479.65,516.56
0.08,0.09,0.31,0.01,0.03,481.2,534.93
0.08,0.09,0.31,0.01,0.04,480.63,553.74
0.08,0.09,0.31,0.02,0,498.63,481.26
0.08,0.09,0.31,0.02,0.01,498.24,498.74
0.08,0.09,0.31,0.02,0.02,498.89,516.42
0.08,0.09,0.31,0.02,0.03,498.5,533.67
0.08,0.09,0.31,0.02,0.04,499.42,552.56
0.08,0.09,0.31,0.03,0,515.68,480.99
0.08,0.09,0.31,0.03,0.01,517.03,499.01
0.08,0.09,0.31,0.03,0.02,516.78,516.48
0.08,0.09,0.31,0.03,0.03,516.39,534.61
0.08,0.09,0.31,0.03,0.04,517.37,552
0.08,0.095,0.31,0,0,462.59,489.97
0.08,0.095,0.31,0,0.01,463.71,508.23
0.08,0.095,0.31,0,0.02,463.42,525.13
0.08,0.095,0.31,0,0.03,461.96,544.04
0.08,0.095,0.31,0,0.04,463.22,561.72
0.08,0.095,0.31,0.01,0,481.15,489.79
0.08,0.095,0.31,0.01,0.01,480.41,507.58
0.08,0.095,0.31,0.01,0.02,481.06,525.01
0.08,0.095,0.31,0.01,0.03,480.23,543.98
0.08,0.095,0.31,0.01,0.04,480.85,561.44
0.08,0.095,0.31,0.02,0,498.32,489.7
0.08,0.095,0.31,0.02,0.01,498.86,507.51
0.08,0.095,0.31,0.02,0.02,498.59,524.87
0.08,0.095,0.31,0.02,0.03,498.84,543.41
0.08,0.095,0.31,0.02,0.04,499.19,560.51
0.08,0.095,0.31,0.03,0,517.25,489.61
0.08,0.095,0.31,0.03,0.01,516.44,508.04
0.08,0.095,0.31,0.03,0.02,516.3,525.72
0.08,0.095,0.31,0.03,0.03,516.69,543.94
0.08,0.095,0.31,0.03,0.04,516.75,560.91
0.08,0.1,0.31,0,0,462.49,498.61
0.08,0.1,0.31,0,0.01,462.68,517.21
0.08,0.1,0.31,0,0.02,463.18,534.58
0.08,0.1,0.31,0,0.03,463.81,552.85
0.08,0.1,0.31,0,0.04,462.55,570.84
0.08,0.1,0.31,0.01,0,481.59,498.59
0.08,0.1,0.31,0.01,0.01,480.53,516.51
0.08,0.1,0.31,0.01,0.02,481.14,534.15
0.08,0.1,0.31,0.01,0.03,480.46,552.83
0.08,0.1,0.31,0.01,0.04,480.9,570.61
0.08,0.1,0.31,0.02,0,499.14,498.42
0.08,0.1,0.31,0.02,0.01,499.54,516.42
0.08,0.1,0.31,0.02,0.02,497.89,534.49
0.08,0.1,0.31,0.02,0.03,498.83,552.83
0.08,0.1,0.31,0.02,0.04,499.2,569.98
0.08,0.1,0.31,0.03,0,516.85,498.99
0.08,0.1,0.31,0.03,0.01,516.87,516.13
0.08,0.1,0.31,0.03,0.02,516.35,534.93
0.08,0.1,0.31,0.03,0.03,516.03,552.4
0.085,0.08,0.31,0,0.04,471.56,533.93
0.085,0.08,0.31,0.01,0,490.79,462.82
0.085,0.08,0.31,0.01,0.01,489.44,480.73
0.085,0.08,0.31,0.01,0.02,489.78,499.66
0.085,0.08,0.31,0.01,0.03,489.96,516.4
0.085,0.08,0.31,0.01,0.04,489.53,533.92
0.085,0.08,0.31,0.02,0,507.61,462.35
0.085,0.08,0.31,0.02,0.01,508.01,481.38
0.085,0.08,0.31,0.02,0.02,508.33,498.69
0.085,0.08,0.31,0.02,0.03,507.82,516.07
0.085,0.08,0.31,0.02,0.04,507.11,534.79
0.085,0.08,0.31,0.03,0,526.08,463.35
0.085,0.08,0.31,0.03,0.01,526.06,480.7
0.085,0.08,0.31,0.03,0.02,526.02,498.85
0.085,0.08,0.31,0.03,0.03,526.53,516.11
0.085,0.08,0.31,0.03,0.04,525.96,534.7
0.085,0.085,0.31,0,0,472.73,471.89
0.085,0.085,0.31,0,0.01,471.92,489.6
0.085,0.085,0.31,0,0.02,471.94,507.1
0.085,0.085,0.31,0,0.03,472.13,525.63
0.085,0.085,0.31,0,0.04,473.04,543.62
0.085,0.085,0.31,0.01,0,489.83,472.05
0.085,0.085,0.31,0.01,0.01,490.14,489.32
0.085,0.085,0.31,0.01,0.02,489.89,507.12
0.085,0.085,0.31,0.01,0.03,489.49,525.3
0.085,0.085,0.31,0.01,0.04,489.74,543.68
0.085,0.085,0.31,0.02,0,507.6,472.05
0.085,0.085,0.31,0.02,0.01,508.15,490.02
0.085,0.085,0.31,0.02,0.02,508.19,508.39
0.085,0.085,0.31,0.02,0.03,507.56,525.4
0.085,0.085,0.31,0.02,0.04,508.01,543.46
0.085,0.085,0.31,0.03,0,526.32,471.83
0.085,0.085,0.31,0.03,0.01,525.56,489.76
0.085,0.085,0.31,0.03,0.02,526.37,508.51
0.085,0.085,0.31,0.03,0.03,525.52,525.04
0.085,0.085,0.31,0.03,0.04,525.08,543.37
0.085,0.09,0.31,0,0,471.87,480.2
0.085,0.09,0.31,0,0.01,471.39,498.78
0.085,0.09,0.31,0,0.02,471.38,517.19
0.085,0.09,0.31,0,0.03,471.55,533.25
0.085,0.09,0.31,0,0.04,472.44,552.35
0.085,0.09,0.31,0.01,0,490.32,480.08
0.085,0.09,0.31,0.01,0.01,490.01,499.33
0.085,0.09,0.31,0.01,0.02,490.4,516.7
0.085,0.09,0.31,0.01,0.03,489.31,534.12
0.085,0.09,0.31,0.01,0.04,489.95,552.26
0.085,0.09,0.31,0.02,0,507.46,480.72
0.085,0.09,0.31,0.02,0.01,508.4,499.21
0.085,0.09,0.31,0.02,0.02,507.94,515.92
0.085,0.09,0.31,0.02,0.03,507.64,534.77
0.085,0.09,0.31,0.02,0.04,508.25,553.09
0.085,0.09,0.31,0.03,0,525.16,480.66
0.085,0.09,0.31,0.03,0.01,524.8,498.22
0.085,0.09,0.31,0.03,0.02,525.3,516.55
0.085,0.09,0.31,0.03,0.03,525.67,534.46
0.085,0.09,0.31,0.03,0.04,525.57,552.66
0.085,0.095,0.31,0,0,472.29,490.3
0.085,0.095,0.31,0,0.01,471.15,508.61
0.085,0.095,0.31,0,0.02,472.58,525.82
0.085,0.095,0.31,0,0.03,471.16,543.19
0.085,0.095,0.31,0,0.04,472.19,561.24
0.085,0.095,0.31,0.01,0,490.02,490.37
0.085,0.095,0.31,0.01,0.01,489.32,507.66
0.085,0.095,0.31,0.01,0.02,490.28,525.48
0.085,0.095,0.31,0.01,0.03,489.96,544.65
0.085,0.095,0.31,0.01,0.04,490.06,561.3
0.085,0.095,0.31,0.02,0,508.15,490.51
0.085,0.095,0.31,0.02,0.01,507.81,508.21
0.085,0.095,0.31,0.02,0.02,507.76,525.94
0.085,0.095,0.31,0.02,0.03,506.85,543.37
0.085,0.095,0.31,0.02,0.04,507.37,561.15
0.085,0.095,0.31,0.03,0,525.51,488.82
0.085,0.095,0.31,0.03,0.01,524.78,508.28
0.085,0.095,0.31,0.03,0.02,525.87,525.96
0.085,0.095,0.31,0.03,0.03,525.39,543.24
0.085,0.095,0.31,0.03,0.04,526.32,560.88
0.085,0.1,0.31,0,0,472.57,498.01
0.085,0.1,0.31,0,0.01,472.77,516.01
0.085,0.1,0.31,0,0.02,472.4,534.33
0.085,0.1,0.31,0,0.03,471.32,552.02
0.085,0.1,0.31,0,0.04,471.9,570.9
0.085,0.1,0.31,0.01,0,488.45,498.79
0.085,0.1,0.31,0.01,0.01,489.37,516.89
0.085,0.1,0.31,0.01,0.02,490.13,534.46
0.085,0.1,0.31,0.01,0.03,490.3,552.17
0.085,0.1,0.31,0.01,0.04,490.23,569.83
0.085,0.1,0.31,0.02,0,507.55,498.65
0.085,0.1,0.31,0.02,0.01,507.44,516.75
0.085,0.1,0.31,0.02,0.02,508.16,535.01
0.085,0.1,0.31,0.02,0.03,508.14,552.81
0.085,0.1,0.31,0.02,0.04,507.71,570.81
0.085,0.1,0.31,0.03,0,524.93,500.04
0.085,0.1,0.31,0.03,0.01,525.1,516.91
0.085,0.1,0.31,0.03,0.02,525.83,534.65
0.085,0.1,0.31,0.03,0.03,526.44,553.08
0.09,0.08,0.31,0,0.04,481.57,535.23
0.09,0.08,0.31,0.01,0,499.33,463.3
0.09,0.08,0.31,0.01,0.01,498.12,481.14
0.09,0.08,0.31,0.01,0.02,498.42,498.71
0.09,0.08,0.31,0.01,0.03,498.39,515.43
0.09,0.08,0.31,0.01,0.04,498.27,533.91
0.09,0.08,0.31,0.02,0,517,462.54
0.09,0.08,0.31,0.02,0.01,515.93,480.86
0.09,0.08,0.31,0.02,0.02,516.7,498.7
0.09,0.08,0.31,0.02,0.03,516.91,515.84
0.09,0.08,0.31,0.02,0.04,516.4,534.55
0.09,0.08,0.31,0.03,0,534.17,463.32
0.09,0.08,0.31,0.03,0.01,534.44,481.15
0.09,0.08,0.31,0.03,0.02,535.41,498.7
0.09,0.08,0.31,0.03,0.03,534.67,516.48
0.09,0.08,0.31,0.03,0.04,535.13,534.46
0.09,0.085,0.31,0,0,480.76,472.34
0.09,0.085,0.31,0,0.01,480.55,490.68
0.09,0.085,0.31,0,0.02,480.7,507.7
0.09,0.085,0.31,0,0.03,481.19,526.33
0.09,0.085,0.31,0,0.04,481.48,543.51
0.09,0.085,0.31,0.01,0,498.54,472.02
0.09,0.085,0.31,0.01,0.01,499.21,490.23
0.09,0.085,0.31,0.01,0.02,498.61,507.53
0.09,0.085,0.31,0.01,0.03,498.4,527.14
0.09,0.085,0.31,0.01,0.04,499.16,543.31
0.09,0.085,0.31,0.02,0,516.75,471.75
0.09,0.085,0.31,0.02,0.01,516.43,490.09
0.09,0.085,0.31,0.02,0.02,516.34,507.96
0.09,0.085,0.31,0.02,0.03,516.37,525.59
0.09,0.085,0.31,0.02,0.04,517.31,543.84
0.09,0.085,0.31,0.03,0,534.44,472.08
0.09,0.085,0.31,0.03,0.01,534.36,489.13
0.09,0.085,0.31,0.03,0.02,534.41,507.68
0.09,0.085,0.31,0.03,0.03,534.28,525.93
0.09,0.085,0.31,0.03,0.04,535.32,542.62
0.09,0.09,0.31,0,0,480.8,481.52
0.09,0.09,0.31,0,0.01,480.64,499.08
0.09,0.09,0.31,0,0.02,481.08,516
0.09,0.09,0.31,0,0.03,481.52,534.7
0.09,0.09,0.31,0,0.04,479.94,552.91
0.09,0.09,0.31,0.01,0,498.41,481.57
0.09,0.09,0.31,0.01,0.01,499.07,499.19
0.09,0.09,0.31,0.01,0.02,498.46,516.41
0.09,0.09,0.31,0.01,0.03,500.11,534.5
0.09,0.09,0.31,0.01,0.04,498.81,552.07
0.09,0.09,0.31,0.02,0,516.67,481.32
0.09,0.09,0.31,0.02,0.01,517.13,497.6
0.09,0.09,0.31,0.02,0.02,516.91,516.97
0.09,0.09,0.31,0.02,0.03,516.28,534.21
0.09,0.09,0.31,0.02,0.04,516.36,552.44
0.09,0.09,0.31,0.03,0,534.86,479.93
0.09,0.09,0.31,0.03,0.01,534.52,498.25
0.09,0.09,0.31,0.03,0.02,534.87,517.28
0.09,0.09,0.31,0.03,0.03,534.28,534.9
0.09,0.09,0.31,0.03,0.04,534.32,552.76
0.09,0.095,0.31,0,0,481.94,488.41
0.09,0.095,0.31,0,0.01,481.36,507.29
0.09,0.095,0.31,0,0.02,481.39,525.69
0.09,0.095,0.31,0,0.03,480.67,543.32
0.09,0.095,0.31,0,0.04,480.57,562.69
0.09,0.095,0.31,0.01,0,498.59,490.4
0.09,0.095,0.31,0.01,0.01,499.03,507.19
0.09,0.095,0.31,0.01,0.02,497.71,525.66
0.09,0.095,0.31,0.01,0.03,497.41,543.32
0.09,0.095,0.31,0.01,0.04,498.71,561.46
0.09,0.095,0.31,0.02,0,516.32,488.72
0.09,0.095,0.31,0.02,0.01,517.52,507.14
0.09,0.095,0.31,0.02,0.02,517.36,525.4
0.09,0.095,0.31,0.02,0.03,516.96,543.02
0.09,0.095,0.31,0.02,0.04,516.38,561.96
0.09,0.095,0.31,0.03,0,534.91,490.61
0.09,0.095,0.31,0.03,0.01,535.34,507.46
0.09,0.095,0.31,0.03,0.02,534.61,525.64
0.09,0.095,0.31,0.03,0.03,534,543.16
0.09,0.095,0.31,0.03,0.04,534.37,561.62
0.09,0.1,0.31,0,0,481,498.08
0.09,0.1,0.31,0,0.01,481.22,517.37
0.09,0.1,0.31,0,0.02,480.79,534.37
0.09,0.1,0.31,0,0.03,481,552
0.09,0.1,0.31,0,0.04,480.84,569.45
0.09,0.1,0.31,0.01,0,498.31,498.07
0.09,0.1,0.31,0.01,0.01,498.92,516.66
0.09,0.1,0.31,0.01,0.02,499.34,534.42
0.09,0.1,0.31,0.01,0.03,498.78,552.96
0.09,0.1,0.31,0.01,0.04,498.64,569.89
0.09,0.1,0.31,0.02,0,516.67,499.71
0.09,0.1,0.31,0.02,0.01,516.58,516.98
0.09,0.1,0.31,0.02,0.02,516.35,534.75
0.09,0.1,0.31,0.02,0.03,517.43,553.09
0.09,0.1,0.31,0.02,0.04,515.5,570.07
0.09,0.1,0.31,0.03,0,534.05,499.06
0.09,0.1,0.31,0.03,0.01,535.08,516.86
0.09,0.1,0.31,0.03,0.02,535.15,533.66
0.09,0.1,0.31,0.03,0.03,534.25,551.83
0.095,0.08,0.31,0,0.04,489.2,535.01
0.095,0.08,0.31,0.01,0,507.66,462.9
0.095,0.08,0.31,0.01,0.01,508.28,480.1
0.095,0.08,0.31,0.01,0.02,507.74,498.9
0.095,0.08,0.31,0.01,0.03,507.66,515.97
0.095,0.08,0.31,0.01,0.04,507.82,535.25
0.095,0.08,0.31,0.02,0,525.64,463.05
0.095,0.08,0.31,0.02,0.01,525.39,481.05
0.095,0.08,0.31,0.02,0.02,526.35,498.51
0.095,0.08,0.31,0.02,0.03,524.88,516.85
0.095,0.08,0.31,0.02,0.04,524.98,534.23
0.095,0.08,0.31,0.03,0,543.18,463.16
0.095,0.08,0.31,0.03,0.01,543.27,480.34
0.095,0.08,0.31,0.03,0.02,543.07,498.03
0.095,0.08,0.31,0.03,0.03,543.39,516.49
0.095,0.08,0.31,0.03,0.04,544.41,534.21
0.095,0.085,0.31,0,0,489.71,471.83
0.095,0.085,0.31,0,0.01,490.1,489.18
0.095,0.085,0.31,0,0.02,490.51,506.81
0.095,0.085,0.31,0,0.03,490.22,526.6
0.095,0.085,0.31,0,0.04,488.79,543.24
0.095,0.085,0.31,0.01,0,507.87,471.9
0.095,0.085,0.31,0.01,0.01,507.23,490.67
0.095,0.085,0.31,0.01,0.02,508.5,508.05
0.095,0.085,0.31,0.01,0.03,507.51,525.29
0.095,0.085,0.31,0.01,0.04,508.12,542.93
0.095,0.085,0.31,0.02,0,525.07,472.71
0.095,0.085,0.31,0.02,0.01,525.8,490.19
0.095,0.085,0.31,0.02,0.02,526.06,507.23
0.095,0.085,0.31,0.02,0.03,524.69,526.23
0.095,0.085,0.31,0.02,0.04,524.48,543.64
0.095,0.085,0.31,0.03,0,543.62,471.37
0.095,0.085,0.31,0.03,0.01,542.89,489.09
0.095,0.085,0.31,0.03,0.02,543.73,507.94
0.095,0.085,0.31,0.03,0.03,543.88,525.62
0.095,0.085,0.31,0.03,0.04,544.2,543.26
0.095,0.09,0.31,0,0,489.86,481.14
0.095,0.09,0.31,0,0.01,489.83,499.1
0.095,0.09,0.31,0,0.02,489.4,517.07
0.095,0.09,0.31,0,0.03,490.15,534.25
0.095,0.09,0.31,0,0.04,490.86,552.63
0.095,0.09,0.31,0.01,0,508.08,481.29
0.095,0.09,0.31,0.01,0.01,508.51,499.46
0.095,0.09,0.31,0.01,0.02,507.73,516.7
0.095,0.09,0.31,0.01,0.03,507.05,534.15
0.095,0.09,0.31,0.01,0.04,507.29,552.32
0.095,0.09,0.31,0.02,0,525.79,480.9
0.095,0.09,0.31,0.02,0.01,526.54,497.77
0.095,0.09,0.31,0.02,0.02,525.25,515.75
0.095,0.09,0.31,0.02,0.03,525.24,534.98
0.095,0.09,0.31,0.02,0.04,526.15,552.76
0.095,0.09,0.31,0.03,0,543.31,481.09
0.095,0.09,0.31,0.03,0.01,543.95,499.27
0.095,0.09,0.31,0.03,0.02,543.52,516.29
0.095,0.09,0.31,0.03,0.03,543.14,534.42
0.095,0.09,0.31,0.03,0.04,543.6,551.69
0.095,0.095,0.31,0,0,489.8,490.29
0.095,0.095,0.31,0,0.01,490.01,507.25
0.095,0.095,0.31,0,0.02,489.26,525.37
0.095,0.095,0.31,0,0.03,489.38,543.86
0.095,0.095,0.31,0,0.04,489.82,561.95
0.095,0.095,0.31,0.01,0,507.73,490.12
0.095,0.095,0.31,0.01,0.01,508.06,508.32
0.095,0.095,0.31,0.01,0.02,507.32,524.8
0.095,0.095,0.31,0.01,0.03,508.72,542.88
0.095,0.095,0.31,0.01,0.04,507.15,561.46
0.095,0.095,0.31,0.02,0,526.33,489.87
0.095,0.095,0.31,0.02,0.01,526.14,506.84
0.095,0.095,0.31,0.02,0.02,525.93,525.79
0.095,0.095,0.31,0.02,0.03,526.04,544.54
0.095,0.095,0.31,0.02,0.04,525.37,561.59
0.095,0.095,0.31,0.03,0,542.65,489.9
0.095,0.095,0.31,0.03,0.01,543.59,508.54
0.095,0.095,0.31,0.03,0.02,543.88,525.87
0.095,0.095,0.31,0.03,0.03,542.99,543.72
0.095,0.095,0.31,0.03,0.04,544.1,561.81
0.095,0.1,0.31,0,0,488.97,498.77
0.095,0.1,0.31,0,0.01,489.26,517.2
0.095,0.1,0.31,0,0.02,489.87,534.56
0.095,0.1,0.31,0,0.03,489.8,552.95
0.095,0.1,0.31,0,0.04,490.48,570.13
0.095,0.1,0.31,0.01,0,507.12,498.65
0.095,0.1,0.31,0.01,0.01,508.5,516.37
0.095,0.1,0.31,0.01,0.02,507.33,534.78
0.095,0.1,0.31,0.01,0.03,507.56,552.49
0.095,0.1,0.31,0.01,0.04,507.27,570.17
0.095,0.1,0.31,0.02,0,525.82,498.85
0.095,0.1,0.31,0.02,0.01,526.37,516.2
0.095,0.1,0.31,0.02,0.02,525.32,533.52
0.095,0.1,0.31,0.02,0.03,525.73,553.09
0.095,0.1,0.31,0.02,0.04,525.99,569.56
0.095,0.1,0.31,0.03,0,543.43,498.54
0.095,0.1,0.31,0.03,0.01,543.28,516.85
0.095,0.1,0.31,0.03,0.02,543.85,534.55
0.095,0.1,0.31,0.03,0.03,543.18,552.27
0.1,0.08,0.31,0,0.04,499.07,534.82
0.1,0.08,0.31,0.01,0,516.62,462.61
0.1,0.08,0.31,0.01,0.01,516.91,480.68
0.1,0.08,0.31,0.01,0.02,517.43,497.41
0.1,0.08,0.31,0.01,0.03,517.07,517.2
0.1,0.08,0.31,0.01,0.04,516.94,534.61
0.1,0.08,0.31,0.02,0,535.87,462.43
0.1,0.08,0.31,0.02,0.01,533.92,480.91
0.1,0.08,0.31,0.02,0.02,534.23,498.78
0.1,0.08,0.31,0.02,0.03,534.07,517.03
0.1,0.08,0.31,0.02,0.04,534.39,535.18
0.1,0.08,0.31,0.03,0,552.36,463.13
0.1,0.08,0.31,0.03,0.01,553.64,480.5
0.1,0.08,0.31,0.03,0.02,553.36,498.99
0.1,0.08,0.31,0.03,0.03,552.83,516.56
0.1,0.08,0.31,0.03,0.04,552.32,534.4
0.1,0.085,0.31,0,0,500.04,471.43
0.1,0.085,0.31,0,0.01,498.85,489.2
0.1,0.085,0.31,0,0.02,498.79,508.49
0.1,0.085,0.31,0,0.03,498.45,526.18
0.1,0.085,0.31,0,0.04,497.83,542.9
0.1,0.085,0.31,0.01,0,516.66,471.83
0.1,0.085,0.31,0.01,0.01,516.56,490.51
0.1,0.085,0.31,0.01,0.02,516.72,507.29
0.1,0.085,0.31,0.01,0.03,516.72,525.48
0.1,0.085,0.31,0.01,0.04,515.62,543.63
0.1,0.085,0.31,0.02,0,533.81,471.96
0.1,0.085,0.31,0.02,0.01,533.88,489.58
0.1,0.085,0.31,0.02,0.02,535.61,507.67
0.1,0.085,0.31,0.02,0.03,533.89,526.06
0.1,0.085,0.31,0.02,0.04,535.18,544.08
0.1,0.085,0.31,0.03,0,552.88,472
0.1,0.085,0.31,0.03,0.01,552.54,490.29
0.1,0.085,0.31,0.03,0.02,552.79,507.78
0.1,0.085,0.31,0.03,0.03,552.19,526.09
0.1,0.085,0.31,0.03,0.04,552.94,543.88
0.1,0.09,0.31,0,0,498.98,480.66
0.1,0.09,0.31,0,0.01,498.98,498.67
0.1,0.09,0.31,0,0.02,498.26,515.84
0.1,0.09,0.31,0,0.03,498.05,534.17
0.1,0.09,0.31,0,0.04,499.81,552.62
0.1,0.09,0.31,0.01,0,516.58,480.93
0.1,0.09,0.31,0.01,0.01,517.04,499.07
0.1,0.09,0.31,0.01,0.02,517.16,516.93
0.1,0.09,0.31,0.01,0.03,517.43,534.02
0.1,0.09,0.31,0.01,0.04,516.12,552.5
0.1,0.09,0.31,0.02,0,534.55,480.69
0.1,0.09,0.31,0.02,0.01,533.78,498.52
0.1,0.09,0.31,0.02,0.02,533.94,517.32
0.1,0.09,0.31,0.02,0.03,535.36,534.48
0.1,0.09,0.31,0.02,0.04,534.17,553.18
0.1,0.09,0.31,0.03,0,552.02,479.79
0.1,0.09,0.31,0.03,0.01,552.43,498.07
0.1,0.09,0.31,0.03,0.02,552.87,516.62
0.1,0.09,0.31,0.03,0.03,552.5,534.43
0.1,0.09,0.31,0.03,0.04,551.66,552.82
0.1,0.095,0.31,0,0,498.51,490.79
0.1,0.095,0.31,0,0.01,498.6,507.8
0.1,0.095,0.31,0,0.02,498.82,526.31
0.1,0.095,0.31,0,0.03,499.11,543.73
0.1,0.095,0.31,0,0.04,499.19,561.69
0.1,0.095,0.31,0.01,0,517.08,489.64
0.1,0.095,0.31,0.01,0.01,516.08,506.96
0.1,0.095,0.31,0.01,0.02,516.07,524.8
0.1,0.095,0.31,0.01,0.03,515.73,543.3
0.1,0.095,0.31,0.01,0.04,517.12,561.57
0.1,0.095,0.31,0.02,0,533.67,490.28
0.1,0.095,0.31,0.02,0.01,534.46,507.38
0.1,0.095,0.31,0.02,0.02,534.29,524.7
0.1,0.095,0.31,0.02,0.03,534.46,544.25
0.1,0.095,0.31,0.02,0.04,535.06,561.95
0.1,0.095,0.31,0.03,0,553.44,489.83
0.1,0.095,0.31,0.03,0.01,551.33,508.52
0.1,0.095,0.31,0.03,0.02,552.54,525.51
0.1,0.095,0.31,0.03,0.03,552.75,543.57
0.1,0.095,0.31,0.03,0.04,552.2,560.59
0.1,0.1,0.31,0,0,498.39,498.74
0.1,0.1,0.31,0,0.01,499.18,516.51
0.1,0.1,0.31,0,0.02,499.16,534.79
0.1,0.1,0.31,0,0.03,499.09,552.73
0.1,0.1,0.31,0,0.04,499.44,569.45
0.1,0.1,0.31,0.01,0,517.68,498.39
0.1,0.1,0.31,0.01,0.01,516.76,516.44
0.1,0.1,0.31,0.01,0.02,516.11,535.05
0.1,0.1,0.31,0.01,0.03,516.7,553.17
0.1,0.1,0.31,0.01,0.04,516.78,570.31
0.1,0.1,0.31,0.02,0,534.94,497.85
0.1,0.1,0.31,0.02,0.01,534.45,516.13
0.1,0.1,0.31,0.02,0.02,534.92,535.49
0.1,0.1,0.31,0.02,0.03,534.65,551.64
0.1,0.1,0.31,0.02,0.04,535.45,570.05
0.1,0.1,0.31,0.03,0,552.3,498.6
0.1,0.1,0.31,0.03,0.01,551.66,516.13
0.1,0.1,0.31,0.03,0.02,552.92,535.04
0.1,0.1,0.31,0.03,0.03,553.11,552.26
0.08,0.08,0.32,0,0.04,457.67,527.92
0.08,0.08,0.32,0.01,0,476.61,458.66
0.08,0.08,0.32,0.01,0.01,476.25,475.27
0.08,0.08,0.32,0.01,0.02,475.57,492.77
0.08,0.08,0.32,0.01,0.03,475.81,510.48
0.08,0.08,0.32,0.01,0.04,476.15,527.28
0.08,0.08,0.32,0.02,0,493.07,458.89
0.08,0.08,0.32,0.02,0.01,492.94,475.76
0.08,0.08,0.32,0.02,0.02,493.62,493.58
0.08,0.08,0.32,0.02,0.03,493.31,510.58
0.08,0.08,0.32,0.02,0.04,494.13,527.63
0.08,0.08,0.32,0.03,0,510.07,458.6
0.08,0.08,0.32,0.03,0.01,510.85,476.57
0.08,0.08,0.32,0.03,0.02,511.17,492.87
0.08,0.08,0.32,0.03,0.03,510.73,510.38
0.08,0.08,0.32,0.03,0.04,510.75,527.29
0.08,0.085,0.32,0,0,458.79,467.75
0.08,0.085,0.32,0,0.01,459.17,485.11
0.08,0.085,0.32,0,0.02,458.93,503.33
0.08,0.085,0.32,0,0.03,457.91,519.3
0.08,0.085,0.32,0,0.04,458.91,537.2
0.08,0.085,0.32,0.01,0,475.26,467.03
0.08,0.085,0.32,0.01,0.01,476.3,483.87
0.08,0.085,0.32,0.01,0.02,476.58,502.26
0.08,0.085,0.32,0.01,0.03,475.47,519.55
0.08,0.085,0.32,0.01,0.04,475.92,536.57
0.08,0.085,0.32,0.02,0,493.83,466.56
0.08,0.085,0.32,0.02,0.01,493.21,484.61
0.08,0.085,0.32,0.02,0.02,493.74,502.39
0.08,0.085,0.32,0.02,0.03,493.18,518.63
0.08,0.085,0.32,0.02,0.04,493.16,536.03
0.08,0.085,0.32,0.03,0,511.18,466.37
0.08,0.085,0.32,0.03,0.01,511.03,485.19
0.08,0.085,0.32,0.03,0.02,510.82,502.51
0.08,0.085,0.32,0.03,0.03,511,519.13
0.08,0.085,0.32,0.03,0.04,510.66,536.41
0.08,0.09,0.32,0,0,457.91,475.89
0.08,0.09,0.32,0,0.01,458.78,493.13
0.08,0.09,0.32,0,0.02,458.42,510.21
0.08,0.09,0.32,0,0.03,458.42,528.54
0.08,0.09,0.32,0,0.04,458.31,545.3
0.08,0.09,0.32,0.01,0,476.83,476.6
0.08,0.09,0.32,0.01,0.01,476.36,492.5
0.08,0.09,0.32,0.01,0.02,476.94,511.22
0.08,0.09,0.32,0.01,0.03,476,527.89
0.08,0.09,0.32,0.01,0.04,475.68,545.59
0.08,0.09,0.32,0.02,0,492.76,475.62
0.08,0.09,0.32,0.02,0.01,493.68,492.8
0.08,0.09,0.32,0.02,0.02,494.11,510.74
0.08,0.09,0.32,0.02,0.03,493.46,527.5
0.08,0.09,0.32,0.02,0.04,493.01,545.69
0.08,0.09,0.32,0.03,0,509.92,476.21
0.08,0.09,0.32,0.03,0.01,510.86,493.06
0.08,0.09,0.32,0.03,0.02,509.85,510.32
0.08,0.09,0.32,0.03,0.03,510.07,528.44
0.08,0.09,0.32,0.03,0.04,510.07,544.43
0.08,0.095,0.32,0,0,459.02,485.45
0.08,0.095,0.32,0,0.01,458.55,501.35
0.08,0.095,0.32,0,0.02,459.58,520.17
0.08,0.095,0.32,0,0.03,458.92,536.15
0.08,0.095,0.32,0,0.04,458.09,553.23
0.08,0.095,0.32,0.01,0,475.15,485.05
0.08,0.095,0.32,0.01,0.01,475.58,502.3
0.08,0.095,0.32,0.01,0.02,475.28,518.76
0.08,0.095,0.32,0.01,0.03,475.46,536.67
0.08,0.095,0.32,0.01,0.04,475.8,553.91
0.08,0.095,0.32,0.02,0,493.36,483.97
0.08,0.095,0.32,0.02,0.01,493.31,501.41
0.08,0.095,0.32,0.02,0.02,493.06,519.1
0.08,0.095,0.32,0.02,0.03,492.84,535.76
0.08,0.095,0.32,0.02,0.04,493.39,553.42
0.08,0.095,0.32,0.03,0,510.56,485.72
0.08,0.095,0.32,0.03,0.01,510.63,501.76
0.08,0.095,0.32,0.03,0.02,509.54,519.16
0.08,0.095,0.32,0.03,0.03,510.9,536.85
0.08,0.095,0.32,0.03,0.04,511.33,554.11
0.08,0.1,0.32,0,0,458.77,492.81
0.08,0.1,0.32,0,0.01,458.03,510.49
0.08,0.1,0.32,0,0.02,458.37,528.18
0.08,0.1,0.32,0,0.03,458.52,544.17
0.08,0.1,0.32,0,0.04,458.84,562.81
0.08,0.1,0.32,0.01,0,476.02,492.66
0.08,0.1,0.32,0.01,0.01,476.35,509.84
0.08,0.1,0.32,0.01,0.02,475.13,527.38
0.08,0.1,0.32,0.01,0.03,476.65,545.61
0.08,0.1,0.32,0.01,0.04,475.45,562.79
0.08,0.1,0.32,0.02,0,492.9,492.98
0.08,0.1,0.32,0.02,0.01,492.91,511.7
0.08,0.1,0.32,0.02,0.02,492.85,528.72
0.08,0.1,0.32,0.02,0.03,493.86,545.25
0.08,0.1,0.32,0.02,0.04,493,562.75
0.08,0.1,0.32,0.03,0,510.11,493.3
0.08,0.1,0.32,0.03,0.01,510.13,510.24
0.08,0.1,0.32,0.03,0.02,510.81,526.67
0.08,0.1,0.32,0.03,0.03,510.41,544.97
0.085,0.08,0.32,0,0.04,467.35,528.28
0.085,0.08,0.32,0.01,0,484.84,458.53
0.085,0.08,0.32,0.01,0.01,484.98,475.53
0.085,0.08,0.32,0.01,0.02,485.02,493.14
0.085,0.08,0.32,0.01,0.03,484.41,510.29
0.085,0.08,0.32,0.01,0.04,484.73,528.29
0.085,0.08,0.32,0.02,0,502.02,458.21
0.085,0.08,0.32,0.02,0.01,501.48,476.46
0.085,0.08,0.32,0.02,0.02,502.18,493.42
0.085,0.08,0.32,0.02,0.03,501.63,510.49
0.085,0.08,0.32,0.02,0.04,501.42,528.19
0.085,0.08,0.32,0.03,0,519.03,459.01
0.085,0.08,0.32,0.03,0.01,519.82,476.17
0.085,0.08,0.32,0.03,0.02,519.23,493.57
0.085,0.08,0.32,0.03,0.03,519.4,510.65
0.085,0.08,0.32,0.03,0.04,518.56,527.36
0.085,0.085,0.32,0,0,467.67,466.75
0.085,0.085,0.32,0,0.01,467.56,484.24
0.085,0.085,0.32,0,0.02,468.45,503.32
0.085,0.085,0.32,0,0.03,466.6,518.46
0.085,0.085,0.32,0,0.04,467.32,535.56
0.085,0.085,0.32,0.01,0,484.14,466.83
0.085,0.085,0.32,0.01,0.01,484.13,483.65
0.085,0.085,0.32,0.01,0.02,483.52,502.22
0.085,0.085,0.32,0.01,0.03,484.37,519.3
0.085,0.085,0.32,0.01,0.04,484.07,537.27
0.085,0.085,0.32,0.02,0,501.47,467.84
0.085,0.085,0.32,0.02,0.01,501.75,484.08
0.085,0.085,0.32,0.02,0.02,501.61,502.36
0.085,0.085,0.32,0.02,0.03,501.69,518.84
0.085,0.085,0.32,0.02,0.04,501.2,536.04
0.085,0.085,0.32,0.03,0,519.24,466.77
0.085,0.085,0.32,0.03,0.01,519.7,484.73
0.085,0.085,0.32,0.03,0.02,520.09,501.44
0.085,0.085,0.32,0.03,0.03,518.7,519.56
0.085,0.085,0.32,0.03,0.04,518.93,537.21
0.085,0.09,0.32,0,0,467.74,476.17
0.085,0.09,0.32,0,0.01,467.99,493.48
0.085,0.09,0.32,0,0.02,466.78,510.17
0.085,0.09,0.32,0,0.03,466.83,528.69
0.085,0.09,0.32,0,0.04,466.62,545.53
0.085,0.09,0.32,0.01,0,484.78,476.05
0.085,0.09,0.32,0.01,0.01,485.17,493.99
0.085,0.09,0.32,0.01,0.02,485.13,510.5
0.085,0.09,0.32,0.01,0.03,485.22,528.39
0.085,0.09,0.32,0.01,0.04,485.24,544.32
0.085,0.09,0.32,0.02,0,501.69,475.78
0.085,0.09,0.32,0.02,0.01,502.41,493.48
0.085,0.09,0.32,0.02,0.02,501.31,510.04
0.085,0.09,0.32,0.02,0.03,502.18,528.81
0.085,0.09,0.32,0.02,0.04,501.66,545.14
0.085,0.09,0.32,0.03,0,519.42,476.09
0.085,0.09,0.32,0.03,0.01,519.69,492.51
0.085,0.09,0.32,0.03,0.02,519.86,510.28
0.085,0.09,0.32,0.03,0.03,519.08,528.93
0.085,0.09,0.32,0.03,0.04,519.13,544.58
0.085,0.095,0.32,0,0,467.11,484.15
0.085,0.095,0.32,0,0.01,466.63,501.77
0.085,0.095,0.32,0,0.02,466.89,519.26
0.085,0.095,0.32,0,0.03,466.77,537.12
0.085,0.095,0.32,0,0.04,466.87,553.39
0.085,0.095,0.32,0.01,0,484.25,484.65
0.085,0.095,0.32,0.01,0.01,484.22,502.25
0.085,0.095,0.32,0.01,0.02,485,518.98
0.085,0.095,0.32,0.01,0.03,484.85,537.17
0.085,0.095,0.32,0.01,0.04,485.09,554.4
0.085,0.095,0.32,0.02,0,501.25,484.72
0.085,0.095,0.32,0.02,0.01,501.77,501.89
0.085,0.095,0.32,0.02,0.02,501.24,517.99
0.085,0.095,0.32,0.02,0.03,500.83,535.23
0.085,0.095,0.32,0.02,0.04,502.81,553.89
0.085,0.095,0.32,0.03,0,519.6,484.75
0.085,0.095,0.32,0.03,0.01,519.03,502.9
0.085,0.095,0.32,0.03,0.02,518.92,519.29
0.085,0.095,0.32,0.03,0.03,518.75,536.65
0.085,0.095,0.32,0.03,0.04,518.7,553.33
0.085,0.1,0.32,0,0,467.18,493.88
0.085,0.1,0.32,0,0.01,467.52,510.78
0.085,0.1,0.32,0,0.02,467.06,527.72
0.085,0.1,0.32,0,0.03,466.4,544.42
0.085,0.1,0.32,0,0.04,467.33,562.71
0.085,0.1,0.32,0.01,0,484.5,492.31
0.085,0.1,0.32,0.01,0.01,484.47,509.81
0.085,0.1,0.32,0.01,0.02,483.88,527.19
0.085,0.1,0.32,0.01,0.03,485.13,546.2
0.085,0.1,0.32,0.01,0.04,484.71,561.94
0.085,0.1,0.32,0.02,0,501.33,493
0.085,0.1,0.32,0.02,0.01,501.54,510.16
0.085,0.1,0.32,0.02,0.02,502.07,527.47
0.085,0.1,0.32,0.02,0.03,501.34,544.12
0.085,0.1,0.32,0.02,0.04,502.16,562.97
0.085,0.1,0.32,0.03,0,519.46,492.87
0.085,0.1,0.32,0.03,0.01,519.2,511.54
0.085,0.1,0.32,0.03,0.02,519.54,528.19
0.085,0.1,0.32,0.03,0.03,518.91,545.4
0.09,0.08,0.32,0,0.04,476.44,527.41
0.09,0.08,0.32,0.01,0,493.2,458.72
0.09,0.08,0.32,0.01,0.01,492.51,476.63
0.09,0.08,0.32,0.01,0.02,493.63,493.63
0.09,0.08,0.32,0.01,0.03,493.07,511.01
0.09,0.08,0.32,0.01,0.04,493.42,528.24
0.09,0.08,0.32,0.02,0,510.48,459.21
0.09,0.08,0.32,0.02,0.01,510.69,474.89
0.09,0.08,0.32,0.02,0.02,509.73,493.22
0.09,0.08,0.32,0.02,0.03,509.58,510.35
0.09,0.08,0.32,0.02,0.04,510.49,527.74
0.09,0.08,0.32,0.03,0,528.16,458.41
0.09,0.08,0.32,0.03,0.01,527.99,475.05
0.09,0.08,0.32,0.03,0.02,528.12,493
0.09,0.08,0.32,0.03,0.03,527.54,510.09
0.09,0.08,0.32,0.03,0.04,527.68,527.84
0.09,0.085,0.32,0,0,475.79,467.72
0.09,0.085,0.32,0,0.01,476.36,484.88
0.09,0.085,0.32,0,0.02,475.62,501.18
0.09,0.085,0.32,0,0.03,476.3,519.13
0.09,0.085,0.32,0,0.04,475.58,535.95
0.09,0.085,0.32,0.01,0,492.91,467.45
0.09,0.085,0.32,0.01,0.01,494.36,485.02
0.09,0.085,0.32,0.01,0.02,493.21,502.21
0.09,0.085,0.32,0.01,0.03,493.37,519.91
0.09,0.085,0.32,0.01,0.04,492.63,536.69
0.09,0.085,0.32,0.02,0,511.11,467.89
0.09,0.085,0.32,0.02,0.01,511.42,484.45
0.09,0.085,0.32,0.02,0.02,510.42,501.03
0.09,0.085,0.32,0.02,0.03,510.17,519.29
0.09,0.085,0.32,0.02,0.04,510.61,536.45
0.09,0.085,0.32,0.03,0,528.32,467.69
0.09,0.085,0.32,0.03,0.01,526.44,484.41
0.09,0.085,0.32,0.03,0.02,527.39,501.85
0.09,0.085,0.32,0.03,0.03,526.86,519.43
0.09,0.085,0.32,0.03,0.04,527.03,535.92
0.09,0.09,0.32,0,0,475.53,475.83
0.09,0.09,0.32,0,0.01,476.58,492.91
0.09,0.09,0.32,0,0.02,475.18,510.43
0.09,0.09,0.32,0,0.03,476.14,528.09
0.09,0.09,0.32,0,0.04,475.94,544.05
0.09,0.09,0.32,0.01,0,492.82,476.31
0.09,0.09,0.32,0.01,0.01,492.49,493.49
0.09,0.09,0.32,0.01,0.02,492.69,510.31
0.09,0.09,0.32,0.01,0.03,493.1,527.93
0.09,0.09,0.32,0.01,0.04,493.97,544.69
0.09,0.09,0.32,0.02,0,510.68,476.15
0.09,0.09,0.32,0.02,0.01,510.19,494.02
0.09,0.09,0.32,0.02,0.02,510.63,510.51
0.09,0.09,0.32,0.02,0.03,510.62,526.94
0.09,0.09,0.32,0.02,0.04,510.77,545.89
0.09,0.09,0.32,0.03,0,527.84,476.3
0.09,0.09,0.32,0.03,0.01,527.08,494.01
0.09,0.09,0.32,0.03,0.02,527.51,510.21
0.09,0.09,0.32,0.03,0.03,528.44,527.72
0.09,0.09,0.32,0.03,0.04,527.77,545.12
0.09,0.095,0.32,0,0,475.65,485.37
0.09,0.095,0.32,0,0.01,476.13,502.76
0.09,0.095,0.32,0,0.02,475.94,517.8
0.09,0.095,0.32,0,0.03,476.23,537.09
0.09,0.095,0.32,0,0.04,477.29,553.48
0.09,0.095,0.32,0.01,0,493.32,484.2
0.09,0.095,0.32,0.01,0.01,492.9,502.06
0.09,0.095,0.32,0.01,0.02,492.82,519.62
0.09,0.095,0.32,0.01,0.03,492.61,537.31
0.09,0.095,0.32,0.01,0.04,492.99,553.59
0.09,0.095,0.32,0.02,0,510.24,484.8
0.09,0.095,0.32,0.02,0.01,510.69,501.38
0.09,0.095,0.32,0.02,0.02,510.12,519.34
0.09,0.095,0.32,0.02,0.03,510.23,536.64
0.09,0.095,0.32,0.02,0.04,510.29,554.22
0.09,0.095,0.32,0.03,0,527.45,484.65
0.09,0.095,0.32,0.03,0.01,527.47,501.99
0.09,0.095,0.32,0.03,0.02,528.3,519.38
0.09,0.095,0.32,0.03,0.03,527.76,536.67
0.09,0.095,0.32,0.03,0.04,527.61,553.93
0.09,0.1,0.32,0,0,476.02,493.4
0.09,0.1,0.32,0,0.01,475.32,509.97
0.09,0.1,0.32,0,0.02,477.38,528.48
0.09,0.1,0.32,0,0.03,476.07,546.27
0.09,0.1,0.32,0,0.04,475.25,563.11
0.09,0.1,0.32,0.01,0,492.66,493.88
0.09,0.1,0.32,0.01,0.01,492.88,510.77
0.09,0.1,0.32,0.01,0.02,493.53,528
0.09,0.1,0.32,0.01,0.03,492.6,544.97
0.09,0.1,0.32,0.01,0.04,492.54,562.49
0.09,0.1,0.32,0.02,0,510.05,493.73
0.09,0.1,0.32,0.02,0.01,510.37,510.2
0.09,0.1,0.32,0.02,0.02,509.97,528.26
0.09,0.1,0.32,0.02,0.03,510.11,544.92
0.09,0.1,0.32,0.02,0.04,510.87,562.53
0.09,0.1,0.32,0.03,0,528.48,492.97
0.09,0.1,0.32,0.03,0.01,527.93,509.89
0.09,0.1,0.32,0.03,0.02,528.07,528.07
0.09,0.1,0.32,0.03,0.03,527.7,545.14
0.095,0.08,0.32,0,0.04,484.16,528.81
0.095,0.08,0.32,0.01,0,502.02,459
0.095,0.08,0.32,0.01,0.01,501.84,475.1
0.095,0.08,0.32,0.01,0.02,501.73,493.8
0.095,0.08,0.32,0.01,0.03,501.6,510.75
0.095,0.08,0.32,0.01,0.04,501.74,527.81
0.095,0.08,0.32,0.02,0,519.44,459.15
0.095,0.08,0.32,0.02,0.01,519.73,475.9
0.095,0.08,0.32,0.02,0.02,519.11,494.21
0.095,0.08,0.32,0.02,0.03,519.68,509.75
0.095,0.08,0.32,0.02,0.04,519.67,527.75
0.095,0.08,0.32,0.03,0,536.92,459.03
0.095,0.08,0.32,0.03,0.01,536.24,476.26
0.095,0.08,0.32,0.03,0.02,536.58,493.78
0.095,0.08,0.32,0.03,0.03,535.86,510.82
0.095,0.08,0.32,0.03,0.04,536.88,528.41
0.095,0.085,0.32,0,0,484.42,466.98
0.095,0.085,0.32,0,0.01,484.22,484.2
0.095,0.085,0.32,0,0.02,484.51,502.39
0.095,0.085,0.32,0,0.03,485.32,518.9
0.095,0.085,0.32,0,0.04,484.89,535.87
0.095,0.085,0.32,0.01,0,501.26,466.42
0.095,0.085,0.32,0.01,0.01,502.53,484.95
0.095,0.085,0.32,0.01,0.02,502.73,502.34
0.095,0.085,0.32,0.01,0.03,500.87,519.92
0.095,0.085,0.32,0.01,0.04,501.85,537.22
0.095,0.085,0.32,0.02,0,518.63,467.16
0.095,0.085,0.32,0.02,0.01,519.75,484.52
0.095,0.085,0.32,0.02,0.02,518.62,502.44
0.095,0.085,0.32,0.02,0.03,519.19,518.48
0.095,0.085,0.32,0.02,0.04,518.95,537.15
0.095,0.085,0.32,0.03,0,535.53,468.4
0.095,0.085,0.32,0.03,0.01,536.1,483.88
0.095,0.085,0.32,0.03,0.02,536.38,502.52
0.095,0.085,0.32,0.03,0.03,536.84,519.99
0.095,0.085,0.32,0.03,0.04,536.64,536.72
0.095,0.09,0.32,0,0,484.74,475.43
0.095,0.09,0.32,0,0.01,484.42,492.8
0.095,0.09,0.32,0,0.02,485.18,509.73
0.095,0.09,0.32,0,0.03,484.37,528.12
0.095,0.09,0.32,0,0.04,484.04,544.38
0.095,0.09,0.32,0.01,0,502.54,476.33
0.095,0.09,0.32,0.01,0.01,502.61,492.2
0.095,0.09,0.32,0.01,0.02,501.84,510.73
0.095,0.09,0.32,0.01,0.03,501.28,527.93
0.095,0.09,0.32,0.01,0.04,502.71,545.7
0.095,0.09,0.32,0.02,0,519.17,475.56
0.095,0.09,0.32,0.02,0.01,518.83,493.44
0.095,0.09,0.32,0.02,0.02,518.9,509.22
0.095,0.09,0.32,0.02,0.03,519.15,527.64
0.095,0.09,0.32,0.02,0.04,520.37,544.82
0.095,0.09,0.32,0.03,0,536.94,476.52
0.095,0.09,0.32,0.03,0.01,536.32,493.02
0.095,0.09,0.32,0.03,0.02,537.36,510.51
0.095,0.09,0.32,0.03,0.03,536.8,527.08
0.095,0.09,0.32,0.03,0.04,536.57,545.25
0.095,0.095,0.32,0,0,484.89,485.44
0.095,0.095,0.32,0,0.01,483.72,502.6
0.095,0.095,0.32,0,0.02,484.23,519.34
0.095,0.095,0.32,0,0.03,484.61,536.55
0.095,0.095,0.32,0,0.04,485.19,554.35
0.095,0.095,0.32,0.01,0,502.16,484.81
0.095,0.095,0.32,0.01,0.01,501.9,501.67
0.095,0.095,0.32,0.01,0.02,502.37,519.9
0.095,0.095,0.32,0.01,0.03,502.01,536.31
0.095,0.095,0.32,0.01,0.04,502.91,553.41
0.095,0.095,0.32,0.02,0,518.62,485.1
0.095,0.095,0.32,0.02,0.01,518.41,502.43
0.095,0.095,0.32,0.02,0.02,518.39,519.33
0.095,0.095,0.32,0.02,0.03,520.1,536.17
0.095,0.095,0.32,0.02,0.04,518.57,553.89
0.095,0.095,0.32,0.03,0,536.72,483.96
0.095,0.095,0.32,0.03,0.01,537.35,502.85
0.095,0.095,0.32,0.03,0.02,535.78,519.31
0.095,0.095,0.32,0.03,0.03,536.45,536.04
0.095,0.095,0.32,0.03,0.04,536.69,553.6
0.095,0.1,0.32,0,0,484.74,493.6
0.095,0.1,0.32,0,0.01,485.06,510.28
0.095,0.1,0.32,0,0.02,484.04,527.84
0.095,0.1,0.32,0,0.03,485.06,545.36
0.095,0.1,0.32,0,0.04,484.65,562.68
0.095,0.1,0.32,0.01,0,501.99,493.9
0.095,0.1,0.32,0.01,0.01,502.78,511.1
0.095,0.1,0.32,0.01,0.02,502.03,527.95
0.095,0.1,0.32,0.01,0.03,501.31,545.3
0.095,0.1,0.32,0.01,0.04,502,562.98
0.095,0.1,0.32,0.02,0,519.22,493
0.095,0.1,0.32,0.02,0.01,518.53,509.74
0.095,0.1,0.32,0.02,0.02,519.4,526.88
0.095,0.1,0.32,0.02,0.03,519.53,544.57
0.095,0.1,0.32,0.02,0.04,518.89,562.54
0.095,0.1,0.32,0.03,0,535.72,492.68
0.095,0.1,0.32,0.03,0.01,535.79,510.25
0.095,0.1,0.32,0.03,0.02,536.23,527.17
0.095,0.1,0.32,0.03,0.03,536.2,545.4
0.1,0.08,0.32,0,0.04,494.02,528.45
0.1,0.08,0.32,0.01,0,510.15,459.79
0.1,0.08,0.32,0.01,0.01,509.87,475.48
0.1,0.08,0.32,0.01,0.02,511.12,492.79
0.1,0.08,0.32,0.01,0.03,510.72,510.27
0.1,0.08,0.32,0.01,0.04,510.2,527.5
0.1,0.08,0.32,0.02,0,527.68,459.02
0.1,0.08,0.32,0.02,0.01,527.47,476.89
0.1,0.08,0.32,0.02,0.02,528.58,492.76
0.1,0.08,0.32,0.02,0.03,528.41,511.41
0.1,0.08,0.32,0.02,0.04,528.3,527.28
0.1,0.08,0.32,0.03,0,544.61,458.29
0.1,0.08,0.32,0.03,0.01,544.15,475.78
0.1,0.08,0.32,0.03,0.02,545.17,493.05
0.1,0.08,0.32,0.03,0.03,545.25,510.94
0.1,0.08,0.32,0.03,0.04,544.53,527.49
0.1,0.085,0.32,0,0,492.44,467.52
0.1,0.085,0.32,0,0.01,493.28,484.36
0.1,0.085,0.32,0,0.02,492.67,501.68
0.1,0.085,0.32,0,0.03,492.76,520.14
0.1,0.085,0.32,0,0.04,493.35,536.94
0.1,0.085,0.32,0.01,0,510.09,467.21
0.1,0.085,0.32,0.01,0.01,510.78,483.42
0.1,0.085,0.32,0.01,0.02,510.87,501.39
0.1,0.085,0.32,0.01,0.03,510.75,518.82
0.1,0.085,0.32,0.01,0.04,510.32,535.85
0.1,0.085,0.32,0.02,0,527.35,467.96
0.1,0.085,0.32,0.02,0.01,528.09,484.77
0.1,0.085,0.32,0.02,0.02,527.59,502.52
0.1,0.085,0.32,0.02,0.03,528.55,519.54
0.1,0.085,0.32,0.02,0.04,527.21,537.41
0.1,0.085,0.32,0.03,0,545.34,467.12
0.1,0.085,0.32,0.03,0.01,544.24,483.72
0.1,0.085,0.32,0.03,0.02,544.92,502.72
0.1,0.085,0.32,0.03,0.03,545.44,518.93
0.1,0.085,0.32,0.03,0.04,545.73,536.14
0.1,0.09,0.32,0,0,493.12,476.08
0.1,0.09,0.32,0,0.01,493.18,492.53
0.1,0.09,0.32,0,0.02,492.89,511.12
0.1,0.09,0.32,0,0.03,493.62,527.87
0.1,0.09,0.32,0,0.04,492.52,544.89
0.1,0.09,0.32,0.01,0,510.24,475.12
0.1,0.09,0.32,0.01,0.01,510.51,492.52
0.1,0.09,0.32,0.01,0.02,509.59,510.42
0.1,0.09,0.32,0.01,0.03,510.78,527.75
0.1,0.09,0.32,0.01,0.04,510.48,545.4
0.1,0.09,0.32,0.02,0,527.55,476.54
0.1,0.09,0.32,0.02,0.01,526.93,493.65
0.1,0.09,0.32,0.02,0.02,526.94,510.33
0.1,0.09,0.32,0.02,0.03,527.65,527.72
0.1,0.09,0.32,0.02,0.04,527.78,545.52
0.1,0.09,0.32,0.03,0,544.6,475.93
0.1,0.09,0.32,0.03,0.01,545.67,493.4
0.1,0.09,0.32,0.03,0.02,545.58,511.06
0.1,0.09,0.32,0.03,0.03,545.18,527.82
0.1,0.09,0.32,0.03,0.04,545.04,544.2
0.1,0.095,0.32,0,0,493.35,485.43
0.1,0.095,0.32,0,0.01,492.84,502.62
0.1,0.095,0.32,0,0.02,493.28,519.19
0.1,0.095,0.32,0,0.03,492.96,536.45
0.1,0.095,0.32,0,0.04,492.71,553.13
0.1,0.095,0.32,0.01,0,509.77,484.35
0.1,0.095,0.32,0.01,0.01,510.4,501.83
0.1,0.095,0.32,0.01,0.02,510.09,519.76
0.1,0.095,0.32,0.01,0.03,510.83,536.14
0.1,0.095,0.32,0.01,0.04,510.45,553.89
0.1,0.095,0.32,0.02,0,527.81,484.93
0.1,0.095,0.32,0.02,0.01,527.52,502.8
0.1,0.095,0.32,0.02,0.02,528,518.85
0.1,0.095,0.32,0.02,0.03,528.04,537.12
0.1,0.095,0.32,0.02,0.04,528.03,553.5
0.1,0.095,0.32,0.03,0,546.13,484.72
0.1,0.095,0.32,0.03,0.01,544.54,502.92
0.1,0.095,0.32,0.03,0.02,544.68,519.3
0.1,0.095,0.32,0.03,0.03,545.55,535.5
0.1,0.095,0.32,0.03,0.04,545.32,553.7
0.1,0.1,0.32,0,0,492.65,493.68
0.1,0.1,0.32,0,0.01,493.12,510.7
0.1,0.1,0.32,0,0.02,493.07,527.49
0.1,0.1,0.32,0,0.03,492.62,545.05
0.1,0.1,0.32,0,0.04,492.22,563.48
0.1,0.1,0.32,0.01,0,510.1,494.57
0.1,0.1,0.32,0.01,0.01,509.77,510.32
0.1,0.1,0.32,0.01,0.02,511.55,527.48
0.1,0.1,0.32,0.01,0.03,510.39,545.53
0.1,0.1,0.32,0.01,0.04,510.15,562.91
0.1,0.1,0.32,0.02,0,527.08,493.04
0.1,0.1,0.32,0.02,0.01,528.29,510.5
0.1,0.1,0.32,0.02,0.02,527.71,527.6
0.1,0.1,0.32,0.02,0.03,528.57,545.32
0.1,0.1,0.32,0.02,0.04,528.23,563.22
0.1,0.1,0.32,0.03,0,545.37,492.68
0.1,0.1,0.32,0.03,0.01,546.02,510.38
0.1,0.1,0.32,0.03,0.02,545.51,527.99
0.1,0.1,0.32,0.03,0.03,545.23,545.57
0.08,0.08,0.33,0,0.04,454.35,522.37
0.08,0.08,0.33,0.01,0,470.77,454.05
0.08,0.08,0.33,0.01,0.01,471.05,471.93
0.08,0.08,0.33,0.01,0.02,470.37,488.91
0.08,0.08,0.33,0.01,0.03,471.74,504.02
0.08,0.08,0.33,0.01,0.04,470.98,521.39
0.08,0.08,0.33,0.02,0,487.44,454.7
0.08,0.08,0.33,0.02,0.01,486.74,471.76
0.08,0.08,0.33,0.02,0.02,487.42,487.67
0.08,0.08,0.33,0.02,0.03,487.54,503.68
0.08,0.08,0.33,0.02,0.04,487.64,522.46
0.08,0.08,0.33,0.03,0,505.48,454.33
0.08,0.08,0.33,0.03,0.01,505.07,470.35
0.08,0.08,0.33,0.03,0.02,503.72,488.76
0.08,0.08,0.33,0.03,0.03,504.55,504.63
0.08,0.08,0.33,0.03,0.04,505.32,521.53
0.08,0.085,0.33,0,0,454.29,463.37
0.08,0.085,0.33,0,0.01,453.59,479.2
0.08,0.085,0.33,0,0.02,453.78,496.86
0.08,0.085,0.33,0,0.03,454.55,512.68
0.08,0.085,0.33,0,0.04,454.97,529.63
0.08,0.085,0.33,0.01,0,471.23,462.6
0.08,0.085,0.33,0.01,0.01,471.01,479.95
0.08,0.085,0.33,0.01,0.02,471.29,495.89
0.08,0.085,0.33,0.01,0.03,471.67,512.65
0.08,0.085,0.33,0.01,0.04,469.26,528.49
0.08,0.085,0.33,0.02,0,486.82,463.3
0.08,0.085,0.33,0.02,0.01,487.67,479.38
0.08,0.085,0.33,0.02,0.02,488.29,496.67
0.08,0.085,0.33,0.02,0.03,488.51,513.25
0.08,0.085,0.33,0.02,0.04,488.79,530.63
0.08,0.085,0.33,0.03,0,504.6,461.69
0.08,0.085,0.33,0.03,0.01,504.33,479.62
0.08,0.085,0.33,0.03,0.02,505.29,497.39
0.08,0.085,0.33,0.03,0.03,504.9,513.27
0.08,0.085,0.33,0.03,0.04,504.55,529.83
0.08,0.09,0.33,0,0,453.1,471.56
0.08,0.09,0.33,0,0.01,453.96,488.55
0.08,0.09,0.33,0,0.02,454.83,505.15
0.08,0.09,0.33,0,0.03,454.64,522.12
0.08,0.09,0.33,0,0.04,454.72,539.25
0.08,0.09,0.33,0.01,0,471.45,471.22
0.08,0.09,0.33,0.01,0.01,470.83,488.23
0.08,0.09,0.33,0.01,0.02,470.45,504.85
0.08,0.09,0.33,0.01,0.03,470.64,521.15
0.08,0.09,0.33,0.01,0.04,470.71,537.26
0.08,0.09,0.33,0.02,0,488.14,471.41
0.08,0.09,0.33,0.02,0.01,488.19,487.49
0.08,0.09,0.33,0.02,0.02,488.48,504.32
0.08,0.09,0.33,0.02,0.03,486.97,521.51
0.08,0.09,0.33,0.02,0.04,486.93,538.99
0.08,0.09,0.33,0.03,0,505.1,472.04
0.08,0.09,0.33,0.03,0.01,504.65,487.66
0.08,0.09,0.33,0.03,0.02,504.46,504.03
0.08,0.09,0.33,0.03,0.03,504.64,521.75
0.08,0.09,0.33,0.03,0.04,505.06,538.24
0.08,0.095,0.33,0,0,454.83,479.6
0.08,0.095,0.33,0,0.01,454.09,495.92
0.08,0.095,0.33,0,0.02,454.08,513.29
0.08,0.095,0.33,0,0.03,454.8,529.62
0.08,0.095,0.33,0,0.04,453.46,545.52
0.08,0.095,0.33,0.01,0,471.67,479.13
0.08,0.095,0.33,0.01,0.01,471.5,497.32
0.08,0.095,0.33,0.01,0.02,471.12,513.7
0.08,0.095,0.33,0.01,0.03,471.41,530.43
0.08,0.095,0.33,0.01,0.04,470.4,547.62
0.08,0.095,0.33,0.02,0,487.38,478.87
0.08,0.095,0.33,0.02,0.01,488.17,496.23
0.08,0.095,0.33,0.02,0.02,488.02,513.94
0.08,0.095,0.33,0.02,0.03,487.91,530.73
0.08,0.095,0.33,0.02,0.04,487.9,546.5
0.08,0.095,0.33,0.03,0,505.41,479.38
0.08,0.095,0.33,0.03,0.01,505.83,497.17
0.08,0.095,0.33,0.03,0.02,504.74,513.31
0.08,0.095,0.33,0.03,0.03,505.42,529.74
0.08,0.095,0.33,0.03,0.04,505.2,546.91
0.08,0.1,0.33,0,0,453.23,487.6
0.08,0.1,0.33,0,0.01,453.99,504.56
0.08,0.1,0.33,0,0.02,454.48,521.85
0.08,0.1,0.33,0,0.03,454.31,538.06
0.08,0.1,0.33,0,0.04,454.53,555.02
0.08,0.1,0.33,0.01,0,471.45,488.3
0.08,0.1,0.33,0.01,0.01,471.78,504.18
0.08,0.1,0.33,0.01,0.02,471.33,521.86
0.08,0.1,0.33,0.01,0.03,470.29,539.03
0.08,0.1,0.33,0.01,0.04,471.57,554.89
0.08,0.1,0.33,0.02,0,487.83,487.49
0.08,0.1,0.33,0.02,0.01,488.32,504.29
0.08,0.1,0.33,0.02,0.02,488.04,521.5
0.08,0.1,0.33,0.02,0.03,487.97,537.45
0.08,0.1,0.33,0.02,0.04,487.98,555.3
0.08,0.1,0.33,0.03,0,504.78,488.74
0.08,0.1,0.33,0.03,0.01,505.32,504.93
0.08,0.1,0.33,0.03,0.02,505.46,522.45
0.08,0.1,0.33,0.03,0.03,504.65,538.44
0.085,0.08,0.33,0,0.04,462.41,522.05
0.085,0.08,0.33,0.01,0,479.33,453.78
0.085,0.08,0.33,0.01,0.01,479.55,471.24
0.085,0.08,0.33,0.01,0.02,479.62,487.49
0.085,0.08,0.33,0.01,0.03,479.56,505.41
0.085,0.08,0.33,0.01,0.04,479.04,521.44
0.085,0.08,0.33,0.02,0,497.19,454.86
0.085,0.08,0.33,0.02,0.01,496.22,470.69
0.085,0.08,0.33,0.02,0.02,496.74,487.2
0.085,0.08,0.33,0.02,0.03,496.28,505.11
0.085,0.08,0.33,0.02,0.04,496.07,522.04
0.085,0.08,0.33,0.03,0,512.78,454.24
0.085,0.08,0.33,0.03,0.01,513.46,471.29
0.085,0.08,0.33,0.03,0.02,512.68,488.22
0.085,0.08,0.33,0.03,0.03,512.81,504.61
0.085,0.08,0.33,0.03,0.04,512.94,520.84
0.085,0.085,0.33,0,0,462.72,462.86
0.085,0.085,0.33,0,0.01,462.37,479.46
0.085,0.085,0.33,0,0.02,461.95,495.76
0.085,0.085,0.33,0,0.03,462.94,513.25
0.085,0.085,0.33,0,0.04,462.73,531.01
0.085,0.085,0.33,0.01,0,480.24,463.54
0.085,0.085,0.33,0.01,0.01,479.81,480.47
0.085,0.085,0.33,0.01,0.02,479.73,496.76
0.085,0.085,0.33,0.01,0.03,480.04,513.86
0.085,0.085,0.33,0.01,0.04,479.19,530.01
0.085,0.085,0.33,0.02,0,496.15,463.15
0.085,0.085,0.33,0.02,0.01,495.76,479.09
0.085,0.085,0.33,0.02,0.02,496.14,495.81
0.085,0.085,0.33,0.02,0.03,496.43,512.75
0.085,0.085,0.33,0.02,0.04,496.4,529.21
0.085,0.085,0.33,0.03,0,513.29,463.17
0.085,0.085,0.33,0.03,0.01,512.87,479.5
0.085,0.085,0.33,0.03,0.02,513.2,496.39
0.085,0.085,0.33,0.03,0.03,512.59,513.39
0.085,0.085,0.33,0.03,0.04,513.93,529.74
0.085,0.09,0.33,0,0,462.7,471.17
0.085,0.09,0.33,0,0.01,462.57,488.69
0.085,0.09,0.33,0,0.02,462.93,504.82
0.085,0.09,0.33,0,0.03,462.17,521.14
0.085,0.09,0.33,0,0.04,462.98,538.59
0.085,0.09,0.33,0.01,0,479.77,470.76
0.085,0.09,0.33,0.01,0.01,479.24,487.76
0.085,0.09,0.33,0.01,0.02,479.77,505.83
0.085,0.09,0.33,0.01,0.03,479.39,521.08
0.085,0.09,0.33,0.01,0.04,479.4,538.01
0.085,0.09,0.33,0.02,0,496.87,470.18
0.085,0.09,0.33,0.02,0.01,496.97,487.74
0.085,0.09,0.33,0.02,0.02,496.46,504.5
0.085,0.09,0.33,0.02,0.03,495.97,521.8
0.085,0.09,0.33,0.02,0.04,496.89,538.37
0.085,0.09,0.33,0.03,0,512.99,471.4
0.085,0.09,0.33,0.03,0.01,513.75,487.68
0.085,0.09,0.33,0.03,0.02,513.1,504.03
0.085,0.09,0.33,0.03,0.03,513.69,521.9
0.085,0.09,0.33,0.03,0.04,512.77,537.8
0.085,0.095,0.33,0,0,463.83,479.82
0.085,0.095,0.33,0,0.01,462.72,496.5
0.085,0.095,0.33,0,0.02,463,513.53
0.085,0.095,0.33,0,0.03,462.42,529.73
0.085,0.095,0.33,0,0.04,462.09,546.25
0.085,0.095,0.33,0.01,0,479.1,479.57
0.085,0.095,0.33,0.01,0.01,479.09,496.2
0.085,0.095,0.33,0.01,0.02,479.28,513.43
0.085,0.095,0.33,0.01,0.03,479.8,530.57
0.085,0.095,0.33,0.01,0.04,480.1,545.97
0.085,0.095,0.33,0.02,0,495.63,480.08
0.085,0.095,0.33,0.02,0.01,496.23,496.55
0.085,0.095,0.33,0.02,0.02,495.89,511.79
0.085,0.095,0.33,0.02,0.03,496.53,530.37
0.085,0.095,0.33,0.02,0.04,496.43,546.5
0.085,0.095,0.33,0.03,0,513.67,479.51
0.085,0.095,0.33,0.03,0.01,512.99,496.12
0.085,0.095,0.33,0.03,0.02,513.73,513.05
0.085,0.095,0.33,0.03,0.03,512.33,530.02
0.085,0.095,0.33,0.03,0.04,513.44,547.46
0.085,0.1,0.33,0,0,462.89,487.89
0.085,0.1,0.33,0,0.01,462.69,504.92
0.085,0.1,0.33,0,0.02,462.5,521.98
0.085,0.1,0.33,0,0.03,462.55,538.43
0.085,0.1,0.33,0,0.04,463.42,555.49
0.085,0.1,0.33,0.01,0,479.17,487.5
0.085,0.1,0.33,0.01,0.01,478.18,505.31
0.085,0.1,0.33,0.01,0.02,480.01,521.86
0.085,0.1,0.33,0.01,0.03,479.47,538.52
0.085,0.1,0.33,0.01,0.04,479.24,555.04
0.085,0.1,0.33,0.02,0,495.57,489.33
0.085,0.1,0.33,0.02,0.01,495.7,503.67
0.085,0.1,0.33,0.02,0.02,496.64,521.69
0.085,0.1,0.33,0.02,0.03,496.45,537.65
0.085,0.1,0.33,0.02,0.04,495.94,554.77
0.085,0.1,0.33,0.03,0,513.12,487.47
0.085,0.1,0.33,0.03,0.01,513.14,504.64
0.085,0.1,0.33,0.03,0.02,512.67,520.77
0.085,0.1,0.33,0.03,0.03,512.58,538.32
0.09,0.08,0.33,0,0.04,471.49,521.72
0.09,0.08,0.33,0.01,0,488.74,454.58
0.09,0.08,0.33,0.01,0.01,487.67,470.97
0.09,0.08,0.33,0.01,0.02,488.06,488.03
0.09,0.08,0.33,0.01,0.03,488.07,504.07
0.09,0.08,0.33,0.01,0.04,487.79,521.36
0.09,0.08,0.33,0.02,0,505.37,454.6
0.09,0.08,0.33,0.02,0.01,504.49,471.34
0.09,0.08,0.33,0.02,0.02,504.16,488.09
0.09,0.08,0.33,0.02,0.03,505.53,505.39
0.09,0.08,0.33,0.02,0.04,504.82,521.36
0.09,0.08,0.33,0.03,0,521.81,454.8
0.09,0.08,0.33,0.03,0.01,522.07,471.66
0.09,0.08,0.33,0.03,0.02,520.87,487.24
0.09,0.08,0.33,0.03,0.03,522.2,504.6
0.09,0.08,0.33,0.03,0.04,521.93,521.3
0.09,0.085,0.33,0,0,471.87,462.79
0.09,0.085,0.33,0,0.01,471.13,479.43
0.09,0.085,0.33,0,0.02,470.64,496.61
0.09,0.085,0.33,0,0.03,471.07,513.07
0.09,0.085,0.33,0,0.04,471.39,529.98
0.09,0.085,0.33,0.01,0,487.95,463.33
0.09,0.085,0.33,0.01,0.01,487.86,479.06
0.09,0.085,0.33,0.01,0.02,487.19,496.01
0.09,0.085,0.33,0.01,0.03,487.44,513.76
0.09,0.085,0.33,0.01,0.04,488.92,530.38
0.09,0.085,0.33,0.02,0,504.94,462.99
0.09,0.085,0.33,0.02,0.01,503.91,480.52
0.09,0.085,0.33,0.02,0.02,504.27,496.27
0.09,0.085,0.33,0.02,0.03,504.32,513.87
0.09,0.085,0.33,0.02,0.04,505.49,529.18
0.09,0.085,0.33,0.03,0,522.37,463.54
0.09,0.085,0.33,0.03,0.01,521.79,478.93
0.09,0.085,0.33,0.03,0.02,521.91,496.19
0.09,0.085,0.33,0.03,0.03,521.99,512.55
0.09,0.085,0.33,0.03,0.04,521.68,529.54
0.09,0.09,0.33,0,0,472.06,471.18
0.09,0.09,0.33,0,0.01,471.44,486.92
0.09,0.09,0.33,0,0.02,471.49,504.67
0.09,0.09,0.33,0,0.03,470.67,521.98
0.09,0.09,0.33,0,0.04,470.96,538.28
0.09,0.09,0.33,0.01,0,488.28,471.35
0.09,0.09,0.33,0.01,0.01,488.69,488.2
0.09,0.09,0.33,0.01,0.02,488.05,504.18
0.09,0.09,0.33,0.01,0.03,488.1,521.63
0.09,0.09,0.33,0.01,0.04,487.56,538.26
0.09,0.09,0.33,0.02,0,505.28,470.74
0.09,0.09,0.33,0.02,0.01,505.17,487.97
0.09,0.09,0.33,0.02,0.02,505.1,505.41
0.09,0.09,0.33,0.02,0.03,504.3,521.69
0.09,0.09,0.33,0.02,0.04,504.61,539.49
0.09,0.09,0.33,0.03,0,522.27,470.57
0.09,0.09,0.33,0.03,0.01,521.72,488.34
0.09,0.09,0.33,0.03,0.02,521.31,505.17
0.09,0.09,0.33,0.03,0.03,522.11,521.99
0.09,0.09,0.33,0.03,0.04,521.58,538.25
0.09,0.095,0.33,0,0,471.43,479.81
0.09,0.095,0.33,0,0.01,470.73,496.17
0.09,0.095,0.33,0,0.02,471.07,513.36
0.09,0.095,0.33,0,0.03,470.71,530.11
0.09,0.095,0.33,0,0.04,471.09,546.52
0.09,0.095,0.33,0.01,0,487.87,479.98
0.09,0.095,0.33,0.01,0.01,487.74,497.01
0.09,0.095,0.33,0.01,0.02,489.2,512.79
0.09,0.095,0.33,0.01,0.03,487.78,529.42
0.09,0.095,0.33,0.01,0.04,488.88,546.63
0.09,0.095,0.33,0.02,0,505.11,479.84
0.09,0.095,0.33,0.02,0.01,504.76,496.85
0.09,0.095,0.33,0.02,0.02,505.1,512.63
0.09,0.095,0.33,0.02,0.03,504.29,530.81
0.09,0.095,0.33,0.02,0.04,504.21,546.33
0.09,0.095,0.33,0.03,0,521.43,479.63
0.09,0.095,0.33,0.03,0.01,521.92,496.3
0.09,0.095,0.33,0.03,0.02,521.66,513.04
0.09,0.095,0.33,0.03,0.03,521.91,528.85
0.09,0.095,0.33,0.03,0.04,522.22,546.2
0.09,0.1,0.33,0,0,471.61,487.81
0.09,0.1,0.33,0,0.01,472.4,504.39
0.09,0.1,0.33,0,0.02,471.6,521.96
0.09,0.1,0.33,0,0.03,470.88,537.9
0.09,0.1,0.33,0,0.04,472.07,554.08
0.09,0.1,0.33,0.01,0,487.04,489.07
0.09,0.1,0.33,0.01,0.01,488.16,504.25
0.09,0.1,0.33,0.01,0.02,487.95,521.9
0.09,0.1,0.33,0.01,0.03,488.16,537.88
0.09,0.1,0.33,0.01,0.04,487.65,554.96
0.09,0.1,0.33,0.02,0,503.62,487.69
0.09,0.1,0.33,0.02,0.01,505.09,504.37
0.09,0.1,0.33,0.02,0.02,504.58,521.39
0.09,0.1,0.33,0.02,0.03,503.49,538.34
0.09,0.1,0.33,0.02,0.04,504.25,554.77
0.09,0.1,0.33,0.03,0,521.3,487.32
0.09,0.1,0.33,0.03,0.01,521.33,505.22
0.09,0.1,0.33,0.03,0.02,521.35,520.85
0.09,0.1,0.33,0.03,0.03,520.36,538.51
0.095,0.08,0.33,0,0.04,479.55,521.31
0.095,0.08,0.33,0.01,0,496.07,453.93
0.095,0.08,0.33,0.01,0.01,496.31,471.57
0.095,0.08,0.33,0.01,0.02,496.3,487.87
0.095,0.08,0.33,0.01,0.03,496.68,504.68
0.095,0.08,0.33,0.01,0.04,496.08,522.23
0.095,0.08,0.33,0.02,0,513.41,453.68
0.095,0.08,0.33,0.02,0.01,513.39,470.85
0.095,0.08,0.33,0.02,0.02,513.44,487.82
0.095,0.08,0.33,0.02,0.03,513.54,505.42
0.095,0.08,0.33,0.02,0.04,513.2,521.8
0.095,0.08,0.33,0.03,0,529.8,453.89
0.095,0.08,0.33,0.03,0.01,530.1,471.57
0.095,0.08,0.33,0.03,0.02,529.47,487.76
0.095,0.08,0.33,0.03,0.03,529.4,504.76
0.095,0.08,0.33,0.03,0.04,530.4,521.5
0.095,0.085,0.33,0,0,478.96,463.34
0.095,0.085,0.33,0,0.01,479.49,479.23
0.095,0.085,0.33,0,0.02,479.17,495.58
0.095,0.085,0.33,0,0.03,479.5,513.2
0.095,0.085,0.33,0,0.04,479.32,530.07
0.095,0.085,0.33,0.01,0,496.79,462.42
0.095,0.085,0.33,0.01,0.01,496.95,479.16
0.095,0.085,0.33,0.01,0.02,497.07,496.54
0.095,0.085,0.33,0.01,0.03,495.35,513.64
0.095,0.085,0.33,0.01,0.04,496.37,530.13
0.095,0.085,0.33,0.02,0,512.99,462.58
0.095,0.085,0.33,0.02,0.01,513.64,480.03
0.095,0.085,0.33,0.02,0.02,512.81,496.56
0.095,0.085,0.33,0.02,0.03,513.55,513.21
0.095,0.085,0.33,0.02,0.04,512.98,528.78
0.095,0.085,0.33,0.03,0,530.18,463.02
0.095,0.085,0.33,0.03,0.01,530.02,479.61
0.095,0.085,0.33,0.03,0.02,530.64,496.6
0.095,0.085,0.33,0.03,0.03,528.9,512.3
0.095,0.085,0.33,0.03,0.04,530.66,530.42
0.095,0.09,0.33,0,0,478.99,469.73
0.095,0.09,0.33,0,0.01,479.84,487.86
0.095,0.09,0.33,0,0.02,480.21,504.87
0.095,0.09,0.33,0,0.03,479.89,522.21
0.095,0.09,0.33,0,0.04,479.79,538.57
0.095,0.09,0.33,0.01,0,496.79,471.05
0.095,0.09,0.33,0.01,0.01,496.28,487.88
0.095,0.09,0.33,0.01,0.02,495.48,505.15
0.095,0.09,0.33,0.01,0.03,496.73,521.42
0.095,0.09,0.33,0.01,0.04,496.26,537.84
0.095,0.09,0.33,0.02,0,513.22,471.48
0.095,0.09,0.33,0.02,0.01,512.72,488.15
0.095,0.09,0.33,0.02,0.02,512.41,504.51
0.095,0.09,0.33,0.02,0.03,513.14,521.65
0.095,0.09,0.33,0.02,0.04,512.78,539.4
0.095,0.09,0.33,0.03,0,528.95,470.79
0.095,0.09,0.33,0.03,0.01,530.28,487.35
0.095,0.09,0.33,0.03,0.02,529.7,505.13
0.095,0.09,0.33,0.03,0.03,530.51,521.25
0.095,0.09,0.33,0.03,0.04,529.74,537.85
0.095,0.095,0.33,0,0,478.84,479.44
0.095,0.095,0.33,0,0.01,480.38,496.5
0.095,0.095,0.33,0,0.02,479.58,513.23
0.095,0.095,0.33,0,0.03,479.53,530.43
0.095,0.095,0.33,0,0.04,478.57,546.37
0.095,0.095,0.33,0.01,0,495.61,479.51
0.095,0.095,0.33,0.01,0.01,496.88,496.48
0.095,0.095,0.33,0.01,0.02,496.24,512.46
0.095,0.095,0.33,0.01,0.03,497.12,529.52
0.095,0.095,0.33,0.01,0.04,495.52,547.25
0.095,0.095,0.33,0.02,0,513.31,480.02
0.095,0.095,0.33,0.02,0.01,513.14,495.18
0.095,0.095,0.33,0.02,0.02,513.16,513.86
0.095,0.095,0.33,0.02,0.03,512.7,529.64
0.095,0.095,0.33,0.02,0.04,512.36,546.88
0.095,0.095,0.33,0.03,0,530.34,479.02
0.095,0.095,0.33,0.03,0.01,530.02,496.22
0.095,0.095,0.33,0.03,0.02,528.65,512.89
0.095,0.095,0.33,0.03,0.03,530.37,529.69
0.095,0.095,0.33,0.03,0.04,529.27,547.55
0.095,0.1,0.33,0,0,480.18,487.95
0.095,0.1,0.33,0,0.01,479.98,504.93
0.095,0.1,0.33,0,0.02,479.65,520.41
0.095,0.1,0.33,0,0.03,479.08,538.54
0.095,0.1,0.33,0,0.04,479.98,554.88
0.095,0.1,0.33,0.01,0,496.29,488.18
0.095,0.1,0.33,0.01,0.01,497.19,505.21
0.095,0.1,0.33,0.01,0.02,496.23,521.3
0.095,0.1,0.33,0.01,0.03,496.54,538.15
0.095,0.1,0.33,0.01,0.04,495.88,554.69
0.095,0.1,0.33,0.02,0,513.28,487.54
0.095,0.1,0.33,0.02,0.01,514.12,504.42
0.095,0.1,0.33,0.02,0.02,513.4,521.74
0.095,0.1,0.33,0.02,0.03,513.79,538.57
0.095,0.1,0.33,0.02,0.04,513.13,554.94
0.095,0.1,0.33,0.03,0,529.8,488.42
0.095,0.1,0.33,0.03,0.01,530.05,505.25
0.095,0.1,0.33,0.03,0.02,530.12,520.58
0.095,0.1,0.33,0.03,0.03,529.48,537.99
0.1,0.08,0.33,0,0.04,488.08,521.65
0.1,0.08,0.33,0.01,0,505.36,454.01
0.1,0.08,0.33,0.01,0.01,503.73,470.51
0.1,0.08,0.33,0.01,0.02,504.35,486.74
0.1,0.08,0.33,0.01,0.03,503.68,505.12
0.1,0.08,0.33,0.01,0.04,504.6,522.24
0.1,0.08,0.33,0.02,0,522.27,454.16
0.1,0.08,0.33,0.02,0.01,521.33,470.98
0.1,0.08,0.33,0.02,0.02,521.39,487.65
0.1,0.08,0.33,0.02,0.03,521.64,505.08
0.1,0.08,0.33,0.02,0.04,521.42,521.63
0.1,0.08,0.33,0.03,0,538.09,454.2
0.1,0.08,0.33,0.03,0.01,538.44,471.37
0.1,0.08,0.33,0.03,0.02,538.56,488.11
0.1,0.08,0.33,0.03,0.03,539.11,505.16
0.1,0.08,0.33,0.03,0.04,538.26,522.55
0.1,0.085,0.33,0,0,488.66,462.48
0.1,0.085,0.33,0,0.01,487.25,479.95
0.1,0.085,0.33,0,0.02,488.52,495.56
0.1,0.085,0.33,0,0.03,488.21,513.23
0.1,0.085,0.33,0,0.04,488.68,529.9
0.1,0.085,0.33,0.01,0,505.28,462.44
0.1,0.085,0.33,0.01,0.01,504.18,479.62
0.1,0.085,0.33,0.01,0.02,505.14,496.27
0.1,0.085,0.33,0.01,0.03,504.71,514
0.1,0.085,0.33,0.01,0.04,504.56,530.69
0.1,0.085,0.33,0.02,0,521.86,463.22
0.1,0.085,0.33,0.02,0.01,521.82,479.86
0.1,0.085,0.33,0.02,0.02,521.71,495.98
0.1,0.085,0.33,0.02,0.03,522.48,513.62
0.1,0.085,0.33,0.02,0.04,521.13,530.25
0.1,0.085,0.33,0.03,0,538.76,462.98
0.1,0.085,0.33,0.03,0.01,538.57,479.04
0.1,0.085,0.33,0.03,0.02,538.42,496.5
0.1,0.085,0.33,0.03,0.03,538.56,513.06
0.1,0.085,0.33,0.03,0.04,537.48,529.89
0.1,0.09,0.33,0,0,487.49,471.35
0.1,0.09,0.33,0,0.01,487.83,488.24
0.1,0.09,0.33,0,0.02,486.71,504.09
0.1,0.09,0.33,0,0.03,487.4,520.87
0.1,0.09,0.33,0,0.04,487.76,538.52
0.1,0.09,0.33,0.01,0,505.22,470.71
0.1,0.09,0.33,0.01,0.01,505.5,486.75
0.1,0.09,0.33,0.01,0.02,505.25,504.07
0.1,0.09,0.33,0.01,0.03,504.55,521.77
0.1,0.09,0.33,0.01,0.04,505.07,538.81
0.1,0.09,0.33,0.02,0,520.39,472
0.1,0.09,0.33,0.02,0.01,521.4,487.89
0.1,0.09,0.33,0.02,0.02,521.44,504.41
0.1,0.09,0.33,0.02,0.03,521.67,522.17
0.1,0.09,0.33,0.02,0.04,521.54,537.99
0.1,0.09,0.33,0.03,0,538.4,470.59
0.1,0.09,0.33,0.03,0.01,538.42,487.92
0.1,0.09,0.33,0.03,0.02,538.58,505.74
0.1,0.09,0.33,0.03,0.03,538.48,521.22
0.1,0.09,0.33,0.03,0.04,538.34,537.99
0.1,0.095,0.33,0,0,487.96,479.26
0.1,0.095,0.33,0,0.01,488.72,496.15
0.1,0.095,0.33,0,0.02,488.61,512.29
0.1,0.095,0.33,0,0.03,487.77,530.33
0.1,0.095,0.33,0,0.04,487.34,547.78
0.1,0.095,0.33,0.01,0,505.25,479.52
0.1,0.095,0.33,0.01,0.01,504.61,496.75
0.1,0.095,0.33,0.01,0.02,505.3,512.33
0.1,0.095,0.33,0.01,0.03,504.44,529.98
0.1,0.095,0.33,0.01,0.04,504.88,545.96
0.1,0.095,0.33,0.02,0,521.34,480.03
0.1,0.095,0.33,0.02,0.01,521.76,496.74
0.1,0.095,0.33,0.02,0.02,521.69,514.24
0.1,0.095,0.33,0.02,0.03,521.48,531.1
0.1,0.095,0.33,0.02,0.04,522.07,546.52
0.1,0.095,0.33,0.03,0,538.46,479.05
0.1,0.095,0.33,0.03,0.01,538.13,496.74
0.1,0.095,0.33,0.03,0.02,538.09,513.15
0.1,0.095,0.33,0.03,0.03,538.67,529.11
0.1,0.095,0.33,0.03,0.04,538.22,547.18
0.1,0.1,0.33,0,0,488.53,487.92
0.1,0.1,0.33,0,0.01,488.14,503.63
0.1,0.1,0.33,0,0.02,488.65,521.07
0.1,0.1,0.33,0,0.03,488.17,538.05
0.1,0.1,0.33,0,0.04,487.45,555.18
0.1,0.1,0.33,0.01,0,505.24,488.06
0.1,0.1,0.33,0.01,0.01,504.9,505.53
0.1,0.1,0.33,0.01,0.02,504.93,522.39
0.1,0.1,0.33,0.01,0.03,504.3,538.2
0.1,0.1,0.33,0.01,0.04,504.54,555.5
0.1,0.1,0.33,0.02,0,520.6,487.9
0.1,0.1,0.33,0.02,0.01,521.39,505.19
0.1,0.1,0.33,0.02,0.02,521.81,521.02
0.1,0.1,0.33,0.02,0.03,522.14,539.01
0.1,0.1,0.33,0.02,0.04,522.74,554.26
0.1,0.1,0.33,0.03,0,538.44,487.79
0.1,0.1,0.33,0.03,0.01,538.41,504.42
0.1,0.1,0.33,0.03,0.02,537.83,521.59
0.1,0.1,0.33,0.03,0.03,539.26,538.42
0.08,0.08,0.34,0,0.04,450.46,515.43
0.08,0.08,0.34,0.01,0,467.36,450.46
0.08,0.08,0.34,0.01,0.01,466.67,467.4
0.08,0.08,0.34,0.01,0.02,466.27,482.13
0.08,0.08,0.34,0.01,0.03,465.76,499.44
0.08,0.08,0.34,0.01,0.04,467.06,514.54
0.08,0.08,0.34,0.02,0,483.43,450.3
0.08,0.08,0.34,0.02,0.01,483.32,466.55
0.08,0.08,0.34,0.02,0.02,483.11,483.24
0.08,0.08,0.34,0.02,0.03,483.1,499.24
0.08,0.08,0.34,0.02,0.04,483.72,515.3
0.08,0.08,0.34,0.03,0,500.04,450.3
0.08,0.08,0.34,0.03,0.01,498.59,466.14
0.08,0.08,0.34,0.03,0.02,499.37,482.91
0.08,0.08,0.34,0.03,0.03,497.95,499.16
0.08,0.08,0.34,0.03,0.04,498.79,515.2
0.08,0.085,0.34,0,0,449.75,458.36
0.08,0.085,0.34,0,0.01,450.72,474.83
0.08,0.085,0.34,0,0.02,450.47,490.9
0.08,0.085,0.34,0,0.03,450.17,507.54
0.08,0.085,0.34,0,0.04,450.39,524.8
0.08,0.085,0.34,0.01,0,466.35,458.77
0.08,0.085,0.34,0.01,0.01,466.33,475.01
0.08,0.085,0.34,0.01,0.02,465.81,490.72
0.08,0.085,0.34,0.01,0.03,467.18,507.84
0.08,0.085,0.34,0.01,0.04,466.58,524.64
0.08,0.085,0.34,0.02,0,482.95,458.27
0.08,0.085,0.34,0.02,0.01,482.86,474.97
0.08,0.085,0.34,0.02,0.02,483.26,490.67
0.08,0.085,0.34,0.02,0.03,483.66,508.35
0.08,0.085,0.34,0.02,0.04,483.35,524.16
0.08,0.085,0.34,0.03,0,498.8,458.35
0.08,0.085,0.34,0.03,0.01,499.99,475.53
0.08,0.085,0.34,0.03,0.02,499.33,490.92
0.08,0.085,0.34,0.03,0.03,498.35,507.04
0.08,0.085,0.34,0.03,0.04,499.75,524.68
0.08,0.09,0.34,0,0,450.63,466.48
0.08,0.09,0.34,0,0.01,450.14,483.07
0.08,0.09,0.34,0,0.02,450.54,500.13
0.08,0.09,0.34,0,0.03,450.07,516.13
0.08,0.09,0.34,0,0.04,449.94,531.41
0.08,0.09,0.34,0.01,0,466.59,467.14
0.08,0.09,0.34,0.01,0.01,466.81,482.94
0.08,0.09,0.34,0.01,0.02,466.79,500.03
0.08,0.09,0.34,0.01,0.03,466.98,516.12
0.08,0.09,0.34,0.01,0.04,465.9,531.48
0.08,0.09,0.34,0.02,0,482.9,466.31
0.08,0.09,0.34,0.02,0.01,482.96,482.64
0.08,0.09,0.34,0.02,0.02,483.41,499.18
0.08,0.09,0.34,0.02,0.03,482.7,515.34
0.08,0.09,0.34,0.02,0.04,483.58,532.21
0.08,0.09,0.34,0.03,0,498.99,467.1
0.08,0.09,0.34,0.03,0.01,499.16,482.8
0.08,0.09,0.34,0.03,0.02,498.58,499.18
0.08,0.09,0.34,0.03,0.03,499.67,515.53
0.08,0.09,0.34,0.03,0.04,499.22,532.8
0.08,0.095,0.34,0,0,450.21,474.77
0.08,0.095,0.34,0,0.01,449.89,491.09
0.08,0.095,0.34,0,0.02,450.42,507.36
0.08,0.095,0.34,0,0.03,450.7,523.52
0.08,0.095,0.34,0,0.04,450.55,539.76
0.08,0.095,0.34,0.01,0,466.77,475.12
0.08,0.095,0.34,0.01,0.01,466.92,491.39
0.08,0.095,0.34,0.01,0.02,466,507.03
0.08,0.095,0.34,0.01,0.03,466.37,523.59
0.08,0.095,0.34,0.01,0.04,467.23,539.57
0.08,0.095,0.34,0.02,0,482.91,474.98
0.08,0.095,0.34,0.02,0.01,483.89,490.67
0.08,0.095,0.34,0.02,0.02,482.63,506.73
0.08,0.095,0.34,0.02,0.03,483.71,523.88
0.08,0.095,0.34,0.02,0.04,482.67,540.22
0.08,0.095,0.34,0.03,0,499.98,475.02
0.08,0.095,0.34,0.03,0.01,498.9,491.48
0.08,0.095,0.34,0.03,0.02,498.24,507.54
0.08,0.095,0.34,0.03,0.03,499.59,524.08
0.08,0.095,0.34,0.03,0.04,499,539.76
0.08,0.1,0.34,0,0,451.1,482.78
0.08,0.1,0.34,0,0.01,450.32,499.45
0.08,0.1,0.34,0,0.02,449.91,516.21
0.08,0.1,0.34,0,0.03,450.19,532.53
0.08,0.1,0.34,0,0.04,450.96,547.66
0.08,0.1,0.34,0.01,0,466.86,483.21
0.08,0.1,0.34,0.01,0.01,467.28,499.18
0.08,0.1,0.34,0.01,0.02,467.25,515.19
0.08,0.1,0.34,0.01,0.03,466.25,531.38
0.08,0.1,0.34,0.01,0.04,466.41,548.75
0.08,0.1,0.34,0.02,0,482.29,483.58
0.08,0.1,0.34,0.02,0.01,481.79,499.65
0.08,0.1,0.34,0.02,0.02,483.24,516.35
0.08,0.1,0.34,0.02,0.03,482.92,531.25
0.08,0.1,0.34,0.02,0.04,482.83,547.69
0.08,0.1,0.34,0.03,0,499.59,483.87
0.08,0.1,0.34,0.03,0.01,499.51,500.17
0.08,0.1,0.34,0.03,0.02,499.17,516.22
0.08,0.1,0.34,0.03,0.03,498.87,532.27
0.085,0.08,0.34,0,0.04,457.77,515.89
0.085,0.08,0.34,0.01,0,475.85,450.32
0.085,0.08,0.34,0.01,0.01,474.6,467.07
0.085,0.08,0.34,0.01,0.02,474.7,483.28
0.085,0.08,0.34,0.01,0.03,475.12,498.79
0.085,0.08,0.34,0.01,0.04,474.43,515.18
0.085,0.08,0.34,0.02,0,491.39,451.03
0.085,0.08,0.34,0.02,0.01,491.73,466.76
0.085,0.08,0.34,0.02,0.02,491.35,482.95
0.085,0.08,0.34,0.02,0.03,490.91,499.08
0.085,0.08,0.34,0.02,0.04,490.22,515.49
0.085,0.08,0.34,0.03,0,507.27,450.85
0.085,0.08,0.34,0.03,0.01,508.22,465.59
0.085,0.08,0.34,0.03,0.02,508.16,483.06
0.085,0.08,0.34,0.03,0.03,507.18,499.07
0.085,0.08,0.34,0.03,0.04,507.71,515.34
0.085,0.085,0.34,0,0,458.02,457.87
0.085,0.085,0.34,0,0.01,459.04,475.27
0.085,0.085,0.34,0,0.02,458.65,490.79
0.085,0.085,0.34,0,0.03,458.63,507.56
0.085,0.085,0.34,0,0.04,458.62,523.29
0.085,0.085,0.34,0.01,0,474.39,458.68
0.085,0.085,0.34,0.01,0.01,474.98,474.39
0.085,0.085,0.34,0.01,0.02,475.6,490.61
0.085,0.085,0.34,0.01,0.03,474.5,508.88
0.085,0.085,0.34,0.01,0.04,475.12,524.11
0.085,0.085,0.34,0.02,0,491.92,458.41
0.085,0.085,0.34,0.02,0.01,490.82,474.61
0.085,0.085,0.34,0.02,0.02,490.86,491.69
0.085,0.085,0.34,0.02,0.03,491.58,507.58
0.085,0.085,0.34,0.02,0.04,491.03,523.53
0.085,0.085,0.34,0.03,0,506.75,458.62
0.085,0.085,0.34,0.03,0.01,507.42,475.2
0.085,0.085,0.34,0.03,0.02,507.37,490.55
0.085,0.085,0.34,0.03,0.03,507.6,507.21
0.085,0.085,0.34,0.03,0.04,507.41,523.99
0.085,0.09,0.34,0,0,458.39,466.35
0.085,0.09,0.34,0,0.01,458.44,482.59
0.085,0.09,0.34,0,0.02,458.71,499.37
0.085,0.09,0.34,0,0.03,459.3,515.22
0.085,0.09,0.34,0,0.04,458.74,531.85
0.085,0.09,0.34,0.01,0,475.2,466.48
0.085,0.09,0.34,0.01,0.01,474.22,482.94
0.085,0.09,0.34,0.01,0.02,475.09,498.99
0.085,0.09,0.34,0.01,0.03,473.85,516.21
0.085,0.09,0.34,0.01,0.04,475.4,532.5
0.085,0.09,0.34,0.02,0,491.2,467.13
0.085,0.09,0.34,0.02,0.01,491.44,483.06
0.085,0.09,0.34,0.02,0.02,491.32,499
0.085,0.09,0.34,0.02,0.03,491.73,515.04
0.085,0.09,0.34,0.02,0.04,491.03,532.13
0.085,0.09,0.34,0.03,0,507.42,467.21
0.085,0.09,0.34,0.03,0.01,507.55,483.43
0.085,0.09,0.34,0.03,0.02,507.92,499.77
0.085,0.09,0.34,0.03,0.03,507.22,515.09
0.085,0.09,0.34,0.03,0.04,507.09,531.73
0.085,0.095,0.34,0,0,458.38,474.02
0.085,0.095,0.34,0,0.01,458.92,490.75
0.085,0.095,0.34,0,0.02,459.34,506.51
0.085,0.095,0.34,0,0.03,458.54,523.44
0.085,0.095,0.34,0,0.04,459.32,540.02
0.085,0.095,0.34,0.01,0,474.31,475.51
0.085,0.095,0.34,0.01,0.01,474.82,491.56
0.085,0.095,0.34,0.01,0.02,475.04,507.39
0.085,0.095,0.34,0.01,0.03,475.31,523.2
0.085,0.095,0.34,0.01,0.04,474.75,539.63
0.085,0.095,0.34,0.02,0,490.63,474.21
0.085,0.095,0.34,0.02,0.01,490.91,491.61
0.085,0.095,0.34,0.02,0.02,491.97,508.48
0.085,0.095,0.34,0.02,0.03,491.4,523.51
0.085,0.095,0.34,0.02,0.04,491.79,539.9
0.085,0.095,0.34,0.03,0,508.08,475.15
0.085,0.095,0.34,0.03,0.01,506.68,490.95
0.085,0.095,0.34,0.03,0.02,507.09,507.41
0.085,0.095,0.34,0.03,0.03,508.57,523.99
0.085,0.095,0.34,0.03,0.04,507.73,540.68
0.085,0.1,0.34,0,0,458.83,482.29
0.085,0.1,0.34,0,0.01,458.31,499.25
0.085,0.1,0.34,0,0.02,458.1,515.77
0.085,0.1,0.34,0,0.03,458.63,531.72
0.085,0.1,0.34,0,0.04,458.33,548.37
0.085,0.1,0.34,0.01,0,475.09,483.77
0.085,0.1,0.34,0.01,0.01,474.88,499.46
0.085,0.1,0.34,0.01,0.02,474.75,515.93
0.085,0.1,0.34,0.01,0.03,475.07,532.01
0.085,0.1,0.34,0.01,0.04,475.52,548.11
0.085,0.1,0.34,0.02,0,491.3,482.99
0.085,0.1,0.34,0.02,0.01,491.13,498.82
0.085,0.1,0.34,0.02,0.02,491.08,515.73
0.085,0.1,0.34,0.02,0.03,490.72,533.29
0.085,0.1,0.34,0.02,0.04,490.6,548.36
0.085,0.1,0.34,0.03,0,506.78,482.75
0.085,0.1,0.34,0.03,0.01,507.27,498.71
0.085,0.1,0.34,0.03,0.02,506.86,515.4
0.085,0.1,0.34,0.03,0.03,507.59,531.79
0.09,0.08,0.34,0,0.04,466.71,515.37
0.09,0.08,0.34,0.01,0,483.69,451.07
0.09,0.08,0.34,0.01,0.01,482.5,467.24
0.09,0.08,0.34,0.01,0.02,482.24,483.26
0.09,0.08,0.34,0.01,0.03,482.74,499.27
0.09,0.08,0.34,0.01,0.04,483.36,515.31
0.09,0.08,0.34,0.02,0,499.53,450.4
0.09,0.08,0.34,0.02,0.01,499.48,466.26
0.09,0.08,0.34,0.02,0.02,498.68,483.14
0.09,0.08,0.34,0.02,0.03,498.92,499.61
0.09,0.08,0.34,0.02,0.04,499.74,515.28
0.09,0.08,0.34,0.03,0,515.72,450.72
0.09,0.08,0.34,0.03,0.01,515.27,467.21
0.09,0.08,0.34,0.03,0.02,516.36,483.03
0.09,0.08,0.34,0.03,0.03,515.7,499.38
0.09,0.08,0.34,0.03,0.04,516.04,515.5
0.09,0.085,0.34,0,0,466.75,458.27
0.09,0.085,0.34,0,0.01,466.43,475.09
0.09,0.085,0.34,0,0.02,466.93,490.84
0.09,0.085,0.34,0,0.03,467.98,507.69
0.09,0.085,0.34,0,0.04,467.51,522.63
0.09,0.085,0.34,0.01,0,483.1,458.13
0.09,0.085,0.34,0.01,0.01,482.62,475.03
0.09,0.085,0.34,0.01,0.02,483.11,491.07
0.09,0.085,0.34,0.01,0.03,482.95,507.72
0.09,0.085,0.34,0.01,0.04,483.34,523.93
0.09,0.085,0.34,0.02,0,499.79,458.58
0.09,0.085,0.34,0.02,0.01,499.68,475.23
0.09,0.085,0.34,0.02,0.02,498.04,490.97
0.09,0.085,0.34,0.02,0.03,499.79,507.84
0.09,0.085,0.34,0.02,0.04,498.43,523.15
0.09,0.085,0.34,0.03,0,515.67,456.92
0.09,0.085,0.34,0.03,0.01,515.48,474.96
0.09,0.085,0.34,0.03,0.02,516.31,491
0.09,0.085,0.34,0.03,0.03,515.54,507.46
0.09,0.085,0.34,0.03,0.04,516.13,523.95
0.09,0.09,0.34,0,0,466.71,466.45
0.09,0.09,0.34,0,0.01,466.52,482.07
0.09,0.09,0.34,0,0.02,466.1,499.07
0.09,0.09,0.34,0,0.03,467.68,516.13
0.09,0.09,0.34,0,0.04,466.49,532.19
0.09,0.09,0.34,0.01,0,482.51,466.4
0.09,0.09,0.34,0.01,0.01,483.08,482.65
0.09,0.09,0.34,0.01,0.02,482.89,499.02
0.09,0.09,0.34,0.01,0.03,483.6,515.2
0.09,0.09,0.34,0.01,0.04,482.55,531.78
0.09,0.09,0.34,0.02,0,499.34,466.92
0.09,0.09,0.34,0.02,0.01,499,482.21
0.09,0.09,0.34,0.02,0.02,499.68,499.63
0.09,0.09,0.34,0.02,0.03,498.96,516.2
0.09,0.09,0.34,0.02,0.04,498.93,531.5
0.09,0.09,0.34,0.03,0,515.16,467.63
0.09,0.09,0.34,0.03,0.01,515.79,482.69
0.09,0.09,0.34,0.03,0.02,515.78,499.76
0.09,0.09,0.34,0.03,0.03,515.24,515.37
0.09,0.09,0.34,0.03,0.04,515.51,531.71
0.09,0.095,0.34,0,0,466.59,474.87
0.09,0.095,0.34,0,0.01,467.14,491.2
0.09,0.095,0.34,0,0.02,466.41,508.51
0.09,0.095,0.34,0,0.03,465.84,524.06
0.09,0.095,0.34,0,0.04,466.88,541.08
0.09,0.095,0.34,0.01,0,483.23,474.71
0.09,0.095,0.34,0.01,0.01,483.4,491.63
0.09,0.095,0.34,0.01,0.02,482.73,507.42
0.09,0.095,0.34,0.01,0.03,482.65,523.02
0.09,0.095,0.34,0.01,0.04,482.8,540.2
0.09,0.095,0.34,0.02,0,499.68,474.69
0.09,0.095,0.34,0.02,0.01,500.3,492.2
0.09,0.095,0.34,0.02,0.02,499.97,507.8
0.09,0.095,0.34,0.02,0.03,498.92,523.95
0.09,0.095,0.34,0.02,0.04,499.27,540.47
0.09,0.095,0.34,0.03,0,516.3,475.1
0.09,0.095,0.34,0.03,0.01,515.42,491.54
0.09,0.095,0.34,0.03,0.02,515.96,506.37
0.09,0.095,0.34,0.03,0.03,515.24,524.01
0.09,0.095,0.34,0.03,0.04,514.37,541.19
0.09,0.1,0.34,0,0,465.67,483.09
0.09,0.1,0.34,0,0.01,466.52,499.12
0.09,0.1,0.34,0,0.02,466.72,515.02
0.09,0.1,0.34,0,0.03,465.89,531.87
0.09,0.1,0.34,0,0.04,466.86,548.64
0.09,0.1,0.34,0.01,0,482.14,483.63
0.09,0.1,0.34,0.01,0.01,482.4,498.98
0.09,0.1,0.34,0.01,0.02,482.34,514.17
0.09,0.1,0.34,0.01,0.03,482.93,531.15
0.09,0.1,0.34,0.01,0.04,482.5,547.92
0.09,0.1,0.34,0.02,0,499.8,482.9
0.09,0.1,0.34,0.02,0.01,499.38,499.21
0.09,0.1,0.34,0.02,0.02,499.2,516.62
0.09,0.1,0.34,0.02,0.03,499.19,532.04
0.09,0.1,0.34,0.02,0.04,499.74,548.55
0.09,0.1,0.34,0.03,0,515.65,483.13
0.09,0.1,0.34,0.03,0.01,514.37,499.48
0.09,0.1,0.34,0.03,0.02,515.8,515.75
0.09,0.1,0.34,0.03,0.03,516.18,531.53
0.095,0.08,0.34,0,0.04,475.06,515.42
0.095,0.08,0.34,0.01,0,491.22,450.66
0.095,0.08,0.34,0.01,0.01,490.87,466.8
0.095,0.08,0.34,0.01,0.02,490.96,482.68
0.095,0.08,0.34,0.01,0.03,492.02,499.67
0.095,0.08,0.34,0.01,0.04,490.5,515.67
0.095,0.08,0.34,0.02,0,507.87,450.19
0.095,0.08,0.34,0.02,0.01,507.53,466.12
0.095,0.08,0.34,0.02,0.02,506.6,483.26
0.095,0.08,0.34,0.02,0.03,508.27,499.6
0.095,0.08,0.34,0.02,0.04,507.61,515.83
0.095,0.08,0.34,0.03,0,524.04,450.57
0.095,0.08,0.34,0.03,0.01,523.94,466.61
0.095,0.08,0.34,0.03,0.02,523.53,483.62
0.095,0.08,0.34,0.03,0.03,523.8,500.01
0.095,0.08,0.34,0.03,0.04,523.45,515.79
0.095,0.085,0.34,0,0,475.02,458.57
0.095,0.085,0.34,0,0.01,473.93,474.99
0.095,0.085,0.34,0,0.02,474.77,491.5
0.095,0.085,0.34,0,0.03,474.7,507.7
0.095,0.085,0.34,0,0.04,475.05,523.4
0.095,0.085,0.34,0.01,0,491.24,458.36
0.095,0.085,0.34,0.01,0.01,491.52,474.63
0.095,0.085,0.34,0.01,0.02,490.51,491.28
0.095,0.085,0.34,0.01,0.03,490.51,507.11
0.095,0.085,0.34,0.01,0.04,491.79,523.23
0.095,0.085,0.34,0.02,0,507.75,458.77
0.095,0.085,0.34,0.02,0.01,507.4,474.62
0.095,0.085,0.34,0.02,0.02,507.25,492.18
0.095,0.085,0.34,0.02,0.03,508.38,508.09
0.095,0.085,0.34,0.02,0.04,507.93,524.37
0.095,0.085,0.34,0.03,0,523.63,458.56
0.095,0.085,0.34,0.03,0.01,524.02,475
0.095,0.085,0.34,0.03,0.02,524.6,491.76
0.095,0.085,0.34,0.03,0.03,523.69,507.77
0.095,0.085,0.34,0.03,0.04,523.22,523.91
0.095,0.09,0.34,0,0,474.05,466.7
0.095,0.09,0.34,0,0.01,475.24,483
0.095,0.09,0.34,0,0.02,474.58,499.92
0.095,0.09,0.34,0,0.03,475.27,515.94
0.095,0.09,0.34,0,0.04,475.07,531.76
0.095,0.09,0.34,0.01,0,491.64,466.18
0.095,0.09,0.34,0.01,0.01,491.32,483.14
0.095,0.09,0.34,0.01,0.02,490.96,498.76
0.095,0.09,0.34,0.01,0.03,491.45,516.29
0.095,0.09,0.34,0.01,0.04,490.75,532.69
0.095,0.09,0.34,0.02,0,508.2,466.3
0.095,0.09,0.34,0.02,0.01,507.17,483.14
0.095,0.09,0.34,0.02,0.02,507.63,499.54
0.095,0.09,0.34,0.02,0.03,508.02,515.6
0.095,0.09,0.34,0.02,0.04,506.8,531.63
0.095,0.09,0.34,0.03,0,523.05,466.35
0.095,0.09,0.34,0.03,0.01,524.7,482.86
0.095,0.09,0.34,0.03,0.02,523.64,499.01
0.095,0.09,0.34,0.03,0.03,523.9,515.7
0.095,0.09,0.34,0.03,0.04,524.26,531.97
0.095,0.095,0.34,0,0,474.25,475.1
0.095,0.095,0.34,0,0.01,474.64,491.04
0.095,0.095,0.34,0,0.02,474.31,507.06
0.095,0.095,0.34,0,0.03,475.42,523.93
0.095,0.095,0.34,0,0.04,473.97,540.02
0.095,0.095,0.34,0.01,0,491.4,475.13
0.095,0.095,0.34,0.01,0.01,490.37,492
0.095,0.095,0.34,0.01,0.02,491.29,506.94
0.095,0.095,0.34,0.01,0.03,491.47,523.87
0.095,0.095,0.34,0.01,0.04,491.39,540.28
0.095,0.095,0.34,0.02,0,507.75,475
0.095,0.095,0.34,0.02,0.01,508.16,491.59
0.095,0.095,0.34,0.02,0.02,506.78,506.92
0.095,0.095,0.34,0.02,0.03,507.04,524.15
0.095,0.095,0.34,0.02,0.04,507.34,538.79
0.095,0.095,0.34,0.03,0,524.52,474.9
0.095,0.095,0.34,0.03,0.01,523.9,491.56
0.095,0.095,0.34,0.03,0.02,523.12,506.87
0.095,0.095,0.34,0.03,0.03,523.53,524.06
0.095,0.095,0.34,0.03,0.04,524.47,540.19
0.095,0.1,0.34,0,0,475.51,483.89
0.095,0.1,0.34,0,0.01,475.08,499.51
0.095,0.1,0.34,0,0.02,474.22,515.45
0.095,0.1,0.34,0,0.03,474.43,531.27
0.095,0.1,0.34,0,0.04,474.24,548.34
0.095,0.1,0.34,0.01,0,491.54,482.53
0.095,0.1,0.34,0.01,0.01,490.85,500.23
0.095,0.1,0.34,0.01,0.02,492.22,515.03
0.095,0.1,0.34,0.01,0.03,490.33,531.79
0.095,0.1,0.34,0.01,0.04,491.08,549.23
0.095,0.1,0.34,0.02,0,506.95,481.95
0.095,0.1,0.34,0.02,0.01,506.87,499.42
0.095,0.1,0.34,0.02,0.02,507.95,515.55
0.095,0.1,0.34,0.02,0.03,507.47,532.34
0.095,0.1,0.34,0.02,0.04,507.74,547.19
0.095,0.1,0.34,0.03,0,524.72,483.53
0.095,0.1,0.34,0.03,0.01,523.53,500.04
0.095,0.1,0.34,0.03,0.02,524.02,516.97
0.095,0.1,0.34,0.03,0.03,523.9,532.49
0.1,0.08,0.34,0,0.04,483.13,516.96
0.1,0.08,0.34,0.01,0,498.92,450.53
0.1,0.08,0.34,0.01,0.01,499.76,466.65
0.1,0.08,0.34,0.01,0.02,499.46,483.43
0.1,0.08,0.34,0.01,0.03,500.11,499.57
0.1,0.08,0.34,0.01,0.04,499.32,514.32
0.1,0.08,0.34,0.02,0,516.12,451.42
0.1,0.08,0.34,0.02,0.01,515.94,467.45
0.1,0.08,0.34,0.02,0.02,515.73,482.61
0.1,0.08,0.34,0.02,0.03,515.19,499.72
0.1,0.08,0.34,0.02,0.04,515.05,515.43
0.1,0.08,0.34,0.03,0,531.86,449.7
0.1,0.08,0.34,0.03,0.01,531.9,466.74
0.1,0.08,0.34,0.03,0.02,532.17,482.38
0.1,0.08,0.34,0.03,0.03,532.26,499.56
0.1,0.08,0.34,0.03,0.04,531.44,516.25
0.1,0.085,0.34,0,0,483.01,459.02
0.1,0.085,0.34,0,0.01,482.81,475.63
0.1,0.085,0.34,0,0.02,483.03,491.36
0.1,0.085,0.34,0,0.03,484.23,508.22
0.1,0.085,0.34,0,0.04,482.74,523.97
0.1,0.085,0.34,0.01,0,498.62,457.88
0.1,0.085,0.34,0.01,0.01,500.06,474.04
0.1,0.085,0.34,0.01,0.02,499.88,490.99
0.1,0.085,0.34,0.01,0.03,499.09,506.85
0.1,0.085,0.34,0.01,0.04,499.26,523.29
0.1,0.085,0.34,0.02,0,515.75,458.6
0.1,0.085,0.34,0.02,0.01,515.3,474.55
0.1,0.085,0.34,0.02,0.02,515.86,491.8
0.1,0.085,0.34,0.02,0.03,514.99,506.19
0.1,0.085,0.34,0.02,0.04,515.8,523.88
0.1,0.085,0.34,0.03,0,531.74,458.02
0.1,0.085,0.34,0.03,0.01,532.12,475.85
0.1,0.085,0.34,0.03,0.02,531.96,491.32
0.1,0.085,0.34,0.03,0.03,532.38,507.59
0.1,0.085,0.34,0.03,0.04,531.71,523.93
0.1,0.09,0.34,0,0,483.46,467.7
0.1,0.09,0.34,0,0.01,482.88,483.05
0.1,0.09,0.34,0,0.02,482.96,498.56
0.1,0.09,0.34,0,0.03,482.89,515.34
0.1,0.09,0.34,0,0.04,482.42,532.36
0.1,0.09,0.34,0.01,0,499.93,466.89
0.1,0.09,0.34,0.01,0.01,500.09,482.44
0.1,0.09,0.34,0.01,0.02,499.23,499.23
0.1,0.09,0.34,0.01,0.03,500.31,515.29
0.1,0.09,0.34,0.01,0.04,499.94,532.13
0.1,0.09,0.34,0.02,0,515.2,467.17
0.1,0.09,0.34,0.02,0.01,515.88,483.13
0.1,0.09,0.34,0.02,0.02,515.16,499.14
0.1,0.09,0.34,0.02,0.03,515.15,515.79
0.1,0.09,0.34,0.02,0.04,515.64,531.26
0.1,0.09,0.34,0.03,0,531.88,466.65
0.1,0.09,0.34,0.03,0.01,532.23,483
0.1,0.09,0.34,0.03,0.02,531.9,500.45
0.1,0.09,0.34,0.03,0.03,531.59,515.63
0.1,0.09,0.34,0.03,0.04,532.09,531.16
0.1,0.095,0.34,0,0,483.38,474.36
0.1,0.095,0.34,0,0.01,483.26,490.75
0.1,0.095,0.34,0,0.02,482.92,506.81
0.1,0.095,0.34,0,0.03,482.29,523.59
0.1,0.095,0.34,0,0.04,483.65,540.91
0.1,0.095,0.34,0.01,0,499.63,474.57
0.1,0.095,0.34,0.01,0.01,499.52,490.64
0.1,0.095,0.34,0.01,0.02,498.72,507.73
0.1,0.095,0.34,0.01,0.03,499.15,524.62
0.1,0.095,0.34,0.01,0.04,499.51,539.97
0.1,0.095,0.34,0.02,0,514.85,474.86
0.1,0.095,0.34,0.02,0.01,515.59,490.39
0.1,0.095,0.34,0.02,0.02,515.37,507.61
0.1,0.095,0.34,0.02,0.03,514.95,523.33
0.1,0.095,0.34,0.02,0.04,515.68,540.78
0.1,0.095,0.34,0.03,0,531.68,474.94
0.1,0.095,0.34,0.03,0.01,532,490.43
0.1,0.095,0.34,0.03,0.02,532.1,508.13
0.1,0.095,0.34,0.03,0.03,532.41,522.59
0.1,0.095,0.34,0.03,0.04,531.3,539.58
0.1,0.1,0.34,0,0,482.45,482.62
0.1,0.1,0.34,0,0.01,483.53,500.05
0.1,0.1,0.34,0,0.02,483.22,516.3
0.1,0.1,0.34,0,0.03,483.52,531.27
0.1,0.1,0.34,0,0.04,483.35,548.18
0.1,0.1,0.34,0.01,0,499.19,482.79
0.1,0.1,0.34,0.01,0.01,499.57,499.21
0.1,0.1,0.34,0.01,0.02,499,516.3
0.1,0.1,0.34,0.01,0.03,499.3,532.34
0.1,0.1,0.34,0.01,0.04,499.16,548.12
0.1,0.1,0.34,0.02,0,516.35,482.87
0.1,0.1,0.34,0.02,0.01,515.18,499.78
0.1,0.1,0.34,0.02,0.02,515.29,515.72
0.1,0.1,0.34,0.02,0.03,515.2,531.87
0.1,0.1,0.34,0.02,0.04,516.19,548.72
0.1,0.1,0.34,0.03,0,531.77,482.8
0.1,0.1,0.34,0.03,0.01,532.71,498.76
0.1,0.1,0.34,0.03,0.02,532.85,515.03
0.1,0.1,0.34,0.03,0.03,531.8,531.21
0.08,0.08,0.35,0,0.04,448.3,508.57
0.08,0.08,0.35,0.01,0,462.63,446.61
0.08,0.08,0.35,0.01,0.01,462.4,463.31
0.08,0.08,0.35,0.01,0.02,461.39,478.78
0.08,0.08,0.35,0.01,0.03,462.08,494.91
0.08,0.08,0.35,0.01,0.04,462.57,509.39
0.08,0.08,0.35,0.02,0,479.01,446.57
0.08,0.08,0.35,0.02,0.01,477.88,462.26
0.08,0.08,0.35,0.02,0.02,477.92,478.86
0.08,0.08,0.35,0.02,0.03,477.33,495.03
0.08,0.08,0.35,0.02,0.04,479.21,511.47
0.08,0.08,0.35,0.03,0,493.37,446.64
0.08,0.08,0.35,0.03,0.01,494.23,462.19
0.08,0.08,0.35,0.03,0.02,493.45,477.49
0.08,0.08,0.35,0.03,0.03,494.48,494.45
0.08,0.08,0.35,0.03,0.04,494.5,510.27
0.08,0.085,0.35,0,0,446.82,454.41
0.08,0.085,0.35,0,0.01,445.44,470.54
0.08,0.085,0.35,0,0.02,447.31,486.21
0.08,0.085,0.35,0,0.03,445.97,502.27
0.08,0.085,0.35,0,0.04,447.05,519.15
0.08,0.085,0.35,0.01,0,462.1,454.04
0.08,0.085,0.35,0.01,0.01,462.2,470.9
0.08,0.085,0.35,0.01,0.02,461.56,486.39
0.08,0.085,0.35,0.01,0.03,462.74,501.75
0.08,0.085,0.35,0.01,0.04,462.68,517.43
0.08,0.085,0.35,0.02,0,477.78,455.03
0.08,0.085,0.35,0.02,0.01,477.66,469.82
0.08,0.085,0.35,0.02,0.02,478.34,486.17
0.08,0.085,0.35,0.02,0.03,478.17,502.53
0.08,0.085,0.35,0.02,0.04,477.69,518.87
0.08,0.085,0.35,0.03,0,494.92,454.58
0.08,0.085,0.35,0.03,0.01,493.72,470.9
0.08,0.085,0.35,0.03,0.02,492.88,485.89
0.08,0.085,0.35,0.03,0.03,494.69,502.49
0.08,0.085,0.35,0.03,0.04,493.5,517.98
0.08,0.09,0.35,0,0,446.8,462.09
0.08,0.09,0.35,0,0.01,447.16,478.64
0.08,0.09,0.35,0,0.02,446.87,493.73
0.08,0.09,0.35,0,0.03,446.56,509.13
0.08,0.09,0.35,0,0.04,446.39,525.53
0.08,0.09,0.35,0.01,0,462.95,462.66
0.08,0.09,0.35,0.01,0.01,461.89,478.23
0.08,0.09,0.35,0.01,0.02,462.39,493.84
0.08,0.09,0.35,0.01,0.03,462.08,510.72
0.08,0.09,0.35,0.01,0.04,462.74,525.86
0.08,0.09,0.35,0.02,0,478.7,462.7
0.08,0.09,0.35,0.02,0.01,477.43,478.34
0.08,0.09,0.35,0.02,0.02,478.24,494.95
0.08,0.09,0.35,0.02,0.03,477.85,509.93
0.08,0.09,0.35,0.02,0.04,478.59,526.04
0.08,0.09,0.35,0.03,0,494.07,463.08
0.08,0.09,0.35,0.03,0.01,493.26,478.56
0.08,0.09,0.35,0.03,0.02,494.86,494.35
0.08,0.09,0.35,0.03,0.03,494.21,509.55
0.08,0.09,0.35,0.03,0.04,493.78,525.93
0.08,0.095,0.35,0,0,446.18,470.98
0.08,0.095,0.35,0,0.01,446.95,485.85
0.08,0.095,0.35,0,0.02,447.05,502.73
0.08,0.095,0.35,0,0.03,446.67,517.94
0.08,0.095,0.35,0,0.04,447.04,534.04
0.08,0.095,0.35,0.01,0,462.89,470.16
0.08,0.095,0.35,0.01,0.01,463.12,486.34
0.08,0.095,0.35,0.01,0.02,463.5,501.88
0.08,0.095,0.35,0.01,0.03,462.52,517.73
0.08,0.095,0.35,0.01,0.04,462.48,534.27
0.08,0.095,0.35,0.02,0,477.84,469.69
0.08,0.095,0.35,0.02,0.01,478.11,486.54
0.08,0.095,0.35,0.02,0.02,478.9,502.24
0.08,0.095,0.35,0.02,0.03,478.25,517.55
0.08,0.095,0.35,0.02,0.04,478.47,532.72
0.08,0.095,0.35,0.03,0,493.94,470.32
0.08,0.095,0.35,0.03,0.01,494.89,485.87
0.08,0.095,0.35,0.03,0.02,494.28,501.92
0.08,0.095,0.35,0.03,0.03,494.55,518.02
0.08,0.095,0.35,0.03,0.04,494.7,533.71
0.08,0.1,0.35,0,0,445.89,478.72
0.08,0.1,0.35,0,0.01,446.57,493.56
0.08,0.1,0.35,0,0.02,447.28,509.93
0.08,0.1,0.35,0,0.03,446.83,525.46
0.08,0.1,0.35,0,0.04,446.62,541.83
0.08,0.1,0.35,0.01,0,462.48,478.38
0.08,0.1,0.35,0.01,0.01,463.09,494.25
0.08,0.1,0.35,0.01,0.02,462.76,509.46
0.08,0.1,0.35,0.01,0.03,461.97,525.62
0.08,0.1,0.35,0.01,0.04,463.38,541.45
0.08,0.1,0.35,0.02,0,478.47,478.82
0.08,0.1,0.35,0.02,0.01,478,493.73
0.08,0.1,0.35,0.02,0.02,478.47,510.3
0.08,0.1,0.35,0.02,0.03,478.21,526.29
0.08,0.1,0.35,0.02,0.04,479.06,541.01
0.08,0.1,0.35,0.03,0,493.75,477.39
0.08,0.1,0.35,0.03,0.01,494.79,493.85
0.08,0.1,0.35,0.03,0.02,494.1,510.59
0.08,0.1,0.35,0.03,0.03,494.6,526.47
0.085,0.08,0.35,0,0.04,453.23,509.52
0.085,0.08,0.35,0.01,0,470.95,447.6
0.085,0.08,0.35,0.01,0.01,470.46,462.16
0.085,0.08,0.35,0.01,0.02,470.77,478.47
0.085,0.08,0.35,0.01,0.03,470.95,494.57
0.085,0.08,0.35,0.01,0.04,469.81,510.52
0.085,0.08,0.35,0.02,0,485.82,446.65
0.085,0.08,0.35,0.02,0.01,486.3,462.25
0.085,0.08,0.35,0.02,0.02,485.64,478.5
0.085,0.08,0.35,0.02,0.03,486.8,494.4
0.085,0.08,0.35,0.02,0.04,486.04,509.47
0.085,0.08,0.35,0.03,0,503.47,446.15
0.085,0.08,0.35,0.03,0.01,501.4,462.87
0.085,0.08,0.35,0.03,0.02,501.95,477.71
0.085,0.08,0.35,0.03,0.03,502.2,494.5
0.085,0.08,0.35,0.03,0.04,502.14,509.63
0.085,0.085,0.35,0,0,454.34,454.68
0.085,0.085,0.35,0,0.01,454.23,469.53
0.085,0.085,0.35,0,0.02,454.76,486.12
0.085,0.085,0.35,0,0.03,453.56,502.75
0.085,0.085,0.35,0,0.04,454.34,518.61
0.085,0.085,0.35,0.01,0,470.08,454.04
0.085,0.085,0.35,0.01,0.01,470.63,470.6
0.085,0.085,0.35,0.01,0.02,471.42,486.07
0.085,0.085,0.35,0.01,0.03,470.98,502.77
0.085,0.085,0.35,0.01,0.04,470.82,518.23
0.085,0.085,0.35,0.02,0,485.92,454.23
0.085,0.085,0.35,0.02,0.01,486.81,471.41
0.085,0.085,0.35,0.02,0.02,485.53,487.03
0.085,0.085,0.35,0.02,0.03,485.8,501.9
0.085,0.085,0.35,0.02,0.04,486.69,518.03
0.085,0.085,0.35,0.03,0,501.75,453.92
0.085,0.085,0.35,0.03,0.01,502.12,470.54
0.085,0.085,0.35,0.03,0.02,501.95,486.13
0.085,0.085,0.35,0.03,0.03,503.16,502.32
0.085,0.085,0.35,0.03,0.04,502.06,517.48
0.085,0.09,0.35,0,0,454.97,462.21
0.085,0.09,0.35,0,0.01,454.24,478.46
0.085,0.09,0.35,0,0.02,453.98,494.6
0.085,0.09,0.35,0,0.03,455.15,511.05
0.085,0.09,0.35,0,0.04,455.01,525.72
0.085,0.09,0.35,0.01,0,471.56,462.76
0.085,0.09,0.35,0.01,0.01,470.27,478.02
0.085,0.09,0.35,0.01,0.02,470.61,493.24
0.085,0.09,0.35,0.01,0.03,470.14,509.58
0.085,0.09,0.35,0.01,0.04,470.94,525.54
0.085,0.09,0.35,0.02,0,486.7,461.8
0.085,0.09,0.35,0.02,0.01,486.16,479.55
0.085,0.09,0.35,0.02,0.02,486.6,495.19
0.085,0.09,0.35,0.02,0.03,484.99,510.42
0.085,0.09,0.35,0.02,0.04,485.75,526.32
0.085,0.09,0.35,0.03,0,502.32,462.6
0.085,0.09,0.35,0.03,0.01,502.1,478.89
0.085,0.09,0.35,0.03,0.02,502.39,494.7
0.085,0.09,0.35,0.03,0.03,501.54,510.76
0.085,0.09,0.35,0.03,0.04,502.08,525.5
0.085,0.095,0.35,0,0,454.29,470.49
0.085,0.095,0.35,0,0.01,454.24,485.62
0.085,0.095,0.35,0,0.02,455.12,502.63
0.085,0.095,0.35,0,0.03,453.65,517.96
0.085,0.095,0.35,0,0.04,454.37,533.83
0.085,0.095,0.35,0.01,0,470.05,470.14
0.085,0.095,0.35,0.01,0.01,469.71,486.09
0.085,0.095,0.35,0.01,0.02,470.51,502.17
0.085,0.095,0.35,0.01,0.03,469.99,518.83
0.085,0.095,0.35,0.01,0.04,470.15,533.25
0.085,0.095,0.35,0.02,0,485.78,471.28
0.085,0.095,0.35,0.02,0.01,487.12,486.39
0.085,0.095,0.35,0.02,0.02,485.44,503.06
0.085,0.095,0.35,0.02,0.03,486.36,518.89
0.085,0.095,0.35,0.02,0.04,486.76,533.96
0.085,0.095,0.35,0.03,0,502.01,470.6
0.085,0.095,0.35,0.03,0.01,501.13,485.9
0.085,0.095,0.35,0.03,0.02,501.67,502.4
0.085,0.095,0.35,0.03,0.03,502.52,517.85
0.085,0.095,0.35,0.03,0.04,501.79,533.7
0.085,0.1,0.35,0,0,454.87,478.77
0.085,0.1,0.35,0,0.01,454.2,493.18
0.085,0.1,0.35,0,0.02,454.75,510.37
0.085,0.1,0.35,0,0.03,453.92,525.56
0.085,0.1,0.35,0,0.04,454.93,541.75
0.085,0.1,0.35,0.01,0,470.16,479
0.085,0.1,0.35,0.01,0.01,470.76,494.19
0.085,0.1,0.35,0.01,0.02,470.12,509.39
0.085,0.1,0.35,0.01,0.03,470.46,525.15
0.085,0.1,0.35,0.01,0.04,470.94,541.81
0.085,0.1,0.35,0.02,0,486.75,478.75
0.085,0.1,0.35,0.02,0.01,486.6,493.77
0.085,0.1,0.35,0.02,0.02,486.12,510.51
0.085,0.1,0.35,0.02,0.03,485.94,525.97
0.085,0.1,0.35,0.02,0.04,486.71,541.47
0.085,0.1,0.35,0.03,0,501.57,478.12
0.085,0.1,0.35,0.03,0.01,502.09,494.2
0.085,0.1,0.35,0.03,0.02,502.52,509.81
0.085,0.1,0.35,0.03,0.03,502.2,525.87
0.09,0.08,0.35,0,0.04,461.87,509.68
0.09,0.08,0.35,0.01,0,477.83,446.53
0.09,0.08,0.35,0.01,0.01,478.12,462.34
0.09,0.08,0.35,0.01,0.02,478.07,477.66
0.09,0.08,0.35,0.01,0.03,478.62,494.57
0.09,0.08,0.35,0.01,0.04,477.84,509.97
0.09,0.08,0.35,0.02,0,493.35,445.75
0.09,0.08,0.35,0.02,0.01,493.86,462.42
0.09,0.08,0.35,0.02,0.02,495.39,478.26
0.09,0.08,0.35,0.02,0.03,494.22,494.65
0.09,0.08,0.35,0.02,0.04,494.41,509.4
0.09,0.08,0.35,0.03,0,510.76,446.31
0.09,0.08,0.35,0.03,0.01,510.36,462.79
0.09,0.08,0.35,0.03,0.02,509.4,478.72
0.09,0.08,0.35,0.03,0.03,510.37,494.72
0.09,0.08,0.35,0.03,0.04,510.12,510.18
0.09,0.085,0.35,0,0,463.27,454.87
0.09,0.085,0.35,0,0.01,462.71,469.71
0.09,0.085,0.35,0,0.02,462.88,486.46
0.09,0.085,0.35,0,0.03,462.57,502.97
0.09,0.085,0.35,0,0.04,462.88,518.07
0.09,0.085,0.35,0.01,0,478.03,455.13
0.09,0.085,0.35,0.01,0.01,479.47,471.33
0.09,0.085,0.35,0.01,0.02,479.42,486.26
0.09,0.085,0.35,0.01,0.03,478.13,501.6
0.09,0.085,0.35,0.01,0.04,478.88,517.85
0.09,0.085,0.35,0.02,0,493.91,454.3
0.09,0.085,0.35,0.02,0.01,494.65,469.49
0.09,0.085,0.35,0.02,0.02,494.77,484.95
0.09,0.085,0.35,0.02,0.03,493.72,501.75
0.09,0.085,0.35,0.02,0.04,493.52,518.38
0.09,0.085,0.35,0.03,0,510.69,454.85
0.09,0.085,0.35,0.03,0.01,509.99,470.05
0.09,0.085,0.35,0.03,0.02,509.59,486.2
0.09,0.085,0.35,0.03,0.03,510.19,502.7
0.09,0.085,0.35,0.03,0.04,509.8,517.25
0.09,0.09,0.35,0,0,462.34,462.5
0.09,0.09,0.35,0,0.01,463.08,477.27
0.09,0.09,0.35,0,0.02,462.46,494.67
0.09,0.09,0.35,0,0.03,462.95,509.91
0.09,0.09,0.35,0,0.04,462.61,525.86
0.09,0.09,0.35,0.01,0,477.66,462.02
0.09,0.09,0.35,0.01,0.01,478.84,478.94
0.09,0.09,0.35,0.01,0.02,478.41,493.97
0.09,0.09,0.35,0.01,0.03,479.38,509.94
0.09,0.09,0.35,0.01,0.04,477.55,525.58
0.09,0.09,0.35,0.02,0,494.59,463.47
0.09,0.09,0.35,0.02,0.01,494.06,478.58
0.09,0.09,0.35,0.02,0.02,494.19,494.16
0.09,0.09,0.35,0.02,0.03,494.2,510.08
0.09,0.09,0.35,0.02,0.04,494.35,526.59
0.09,0.09,0.35,0.03,0,509.93,462.73
0.09,0.09,0.35,0.03,0.01,510.25,478.82
0.09,0.09,0.35,0.03,0.02,509.93,493.88
0.09,0.09,0.35,0.03,0.03,510.23,510.92
0.09,0.09,0.35,0.03,0.04,510.32,526.66
0.09,0.095,0.35,0,0,463.14,470.61
0.09,0.095,0.35,0,0.01,461.71,485.9
0.09,0.095,0.35,0,0.02,461.9,501.54
0.09,0.095,0.35,0,0.03,462.98,518.04
0.09,0.095,0.35,0,0.04,462.75,534.1
0.09,0.095,0.35,0.01,0,478.02,469.94
0.09,0.095,0.35,0.01,0.01,478.09,486.05
0.09,0.095,0.35,0.01,0.02,478.08,500.95
0.09,0.095,0.35,0.01,0.03,478.27,518.64
0.09,0.095,0.35,0.01,0.04,478.86,533.65
0.09,0.095,0.35,0.02,0,494.15,471.26
0.09,0.095,0.35,0.02,0.01,494.6,486.27
0.09,0.095,0.35,0.02,0.02,493.45,501.83
0.09,0.095,0.35,0.02,0.03,494.16,519.1
0.09,0.095,0.35,0.02,0.04,494.25,534.65
0.09,0.095,0.35,0.03,0,510.59,469.98
0.09,0.095,0.35,0.03,0.01,510.44,486.41
0.09,0.095,0.35,0.03,0.02,510.08,502.2
0.09,0.095,0.35,0.03,0.03,510.14,518.49
0.09,0.095,0.35,0.03,0.04,509.68,533.33
0.09,0.1,0.35,0,0,462.4,478.74
0.09,0.1,0.35,0,0.01,461.93,494.55
0.09,0.1,0.35,0,0.02,462.83,509.81
0.09,0.1,0.35,0,0.03,462.5,526.19
0.09,0.1,0.35,0,0.04,461.76,542.21
0.09,0.1,0.35,0.01,0,478.08,477.61
0.09,0.1,0.35,0.01,0.01,477.8,494.17
0.09,0.1,0.35,0.01,0.02,478.84,509.89
0.09,0.1,0.35,0.01,0.03,478.92,525.29
0.09,0.1,0.35,0.01,0.04,478.65,542.02
0.09,0.1,0.35,0.02,0,493.7,478.3
0.09,0.1,0.35,0.02,0.01,494.57,495
0.09,0.1,0.35,0.02,0.02,494.22,510.13
0.09,0.1,0.35,0.02,0.03,493.5,525.48
0.09,0.1,0.35,0.02,0.04,493.99,541.62
0.09,0.1,0.35,0.03,0,510.26,477.96
0.09,0.1,0.35,0.03,0.01,510.57,493.96
0.09,0.1,0.35,0.03,0.02,510.77,510.05
0.09,0.1,0.35,0.03,0.03,509.78,525.61
0.095,0.08,0.35,0,0.04,469.97,511.05
0.095,0.08,0.35,0.01,0,486.15,446.48
0.095,0.08,0.35,0.01,0.01,485.21,462.07
0.095,0.08,0.35,0.01,0.02,486.62,478.66
0.095,0.08,0.35,0.01,0.03,485.67,493.84
0.095,0.08,0.35,0.01,0.04,486.16,510.29
0.095,0.08,0.35,0.02,0,502.52,446.36
0.095,0.08,0.35,0.02,0.01,502.72,462.29
0.095,0.08,0.35,0.02,0.02,502.48,478.52
0.095,0.08,0.35,0.02,0.03,502.35,493.85
0.095,0.08,0.35,0.02,0.04,502.84,510.29
0.095,0.08,0.35,0.03,0,517.84,447.23
0.095,0.08,0.35,0.03,0.01,518.29,462.08
0.095,0.08,0.35,0.03,0.02,518.4,478.47
0.095,0.08,0.35,0.03,0.03,517.42,493.64
0.095,0.08,0.35,0.03,0.04,517.45,509.87
0.095,0.085,0.35,0,0,470.01,454.47
0.095,0.085,0.35,0,0.01,470.76,470.66
0.095,0.085,0.35,0,0.02,470.31,485.83
0.095,0.085,0.35,0,0.03,469.8,502.23
0.095,0.085,0.35,0,0.04,469.88,517.41
0.095,0.085,0.35,0.01,0,485.94,454.84
0.095,0.085,0.35,0.01,0.01,486.59,470.13
0.095,0.085,0.35,0.01,0.02,486.04,486.08
0.095,0.085,0.35,0.01,0.03,486.78,502.14
0.095,0.085,0.35,0.01,0.04,486.34,517.38
0.095,0.085,0.35,0.02,0,502.76,455.69
0.095,0.085,0.35,0.02,0.01,502.4,471.06
0.095,0.085,0.35,0.02,0.02,501.91,486.54
0.095,0.085,0.35,0.02,0.03,500.93,501.58
0.095,0.085,0.35,0.02,0.04,501.89,517.49
0.095,0.085,0.35,0.03,0,518.19,454.84
0.095,0.085,0.35,0.03,0.01,517.86,469.98
0.095,0.085,0.35,0.03,0.02,517.2,486.72
0.095,0.085,0.35,0.03,0.03,518.26,502.38
0.095,0.085,0.35,0.03,0.04,517.59,516.77
0.095,0.09,0.35,0,0,470.15,461.86
0.095,0.09,0.35,0,0.01,469.29,477.73
0.095,0.09,0.35,0,0.02,469.59,494.3
0.095,0.09,0.35,0,0.03,469.62,510.86
0.095,0.09,0.35,0,0.04,470.91,526.56
0.095,0.09,0.35,0.01,0,486.75,462.85
0.095,0.09,0.35,0.01,0.01,486.65,477.75
0.095,0.09,0.35,0.01,0.02,485.34,494.69
0.095,0.09,0.35,0.01,0.03,486.64,510.27
0.095,0.09,0.35,0.01,0.04,486.27,526.31
0.095,0.09,0.35,0.02,0,502.64,463.03
0.095,0.09,0.35,0.02,0.01,501.64,478.86
0.095,0.09,0.35,0.02,0.02,502.84,493.58
0.095,0.09,0.35,0.02,0.03,501.81,509.67
0.095,0.09,0.35,0.02,0.04,501.95,525.49
0.095,0.09,0.35,0.03,0,518.22,463.37
0.095,0.09,0.35,0.03,0.01,518.59,478.79
0.095,0.09,0.35,0.03,0.02,517.76,493.47
0.095,0.09,0.35,0.03,0.03,517.57,509.26
0.095,0.09,0.35,0.03,0.04,517.27,526.26
0.095,0.095,0.35,0,0,470.23,470.31
0.095,0.095,0.35,0,0.01,470.05,486.3
0.095,0.095,0.35,0,0.02,470.2,501.47
0.095,0.095,0.35,0,0.03,470.33,517.45
0.095,0.095,0.35,0,0.04,470.18,534.11
0.095,0.095,0.35,0.01,0,486.05,470.72
0.095,0.095,0.35,0.01,0.01,486.19,485.68
0.095,0.095,0.35,0.01,0.02,485.74,501.94
0.095,0.095,0.35,0.01,0.03,486.74,517.54
0.095,0.095,0.35,0.01,0.04,486.36,533.98
0.095,0.095,0.35,0.02,0,502.13,470.32
0.095,0.095,0.35,0.02,0.01,502.09,485.73
0.095,0.095,0.35,0.02,0.02,502.49,502.28
0.095,0.095,0.35,0.02,0.03,502.32,518.38
0.095,0.095,0.35,0.02,0.04,501.73,533.74
0.095,0.095,0.35,0.03,0,517.87,470.02
0.095,0.095,0.35,0.03,0.01,517.64,485.94
0.095,0.095,0.35,0.03,0.02,517.56,502.19
0.095,0.095,0.35,0.03,0.03,518.18,518.76
0.095,0.095,0.35,0.03,0.04,517.5,535.06
0.095,0.1,0.35,0,0,470.27,478.42
0.095,0.1,0.35,0,0.01,469.72,494.16
0.095,0.1,0.35,0,0.02,470.3,509.96
0.095,0.1,0.35,0,0.03,470.72,525.98
0.095,0.1,0.35,0,0.04,470.89,540.91
0.095,0.1,0.35,0.01,0,485.58,478.5
0.095,0.1,0.35,0.01,0.01,485.72,495.66
0.095,0.1,0.35,0.01,0.02,485.93,508.87
0.095,0.1,0.35,0.01,0.03,486.51,525.19
0.095,0.1,0.35,0.01,0.04,487.11,541.04
0.095,0.1,0.35,0.02,0,501.96,477.56
0.095,0.1,0.35,0.02,0.01,503.18,493.83
0.095,0.1,0.35,0.02,0.02,501.32,509.63
0.095,0.1,0.35,0.02,0.03,501.52,525.42
0.095,0.1,0.35,0.02,0.04,502.47,541.81
0.095,0.1,0.35,0.03,0,518.02,477.82
0.095,0.1,0.35,0.03,0.01,518.42,493.95
0.095,0.1,0.35,0.03,0.02,517.94,509.98
0.095,0.1,0.35,0.03,0.03,518.03,525.62
0.1,0.08,0.35,0,0.04,478.37,510.15
0.1,0.08,0.35,0.01,0,494.24,447.04
0.1,0.08,0.35,0.01,0.01,494.91,461.54
0.1,0.08,0.35,0.01,0.02,494.72,477.78
0.1,0.08,0.35,0.01,0.03,493.58,494.53
0.1,0.08,0.35,0.01,0.04,494.08,510.19
0.1,0.08,0.35,0.02,0,509.98,446.59
0.1,0.08,0.35,0.02,0.01,510.07,462.27
0.1,0.08,0.35,0.02,0.02,509.07,478.07
0.1,0.08,0.35,0.02,0.03,510.17,493.8
0.1,0.08,0.35,0.02,0.04,509.98,510.26
0.1,0.08,0.35,0.03,0,526.3,446.11
0.1,0.08,0.35,0.03,0.01,525.65,463.02
0.1,0.08,0.35,0.03,0.02,525.51,478.08
0.1,0.08,0.35,0.03,0.03,526.2,495.1
0.1,0.08,0.35,0.03,0.04,526.08,510.4
0.1,0.085,0.35,0,0,478.43,455.01
0.1,0.085,0.35,0,0.01,478.68,470.19
0.1,0.085,0.35,0,0.02,478.53,485.73
0.1,0.085,0.35,0,0.03,478.32,501.42
0.1,0.085,0.35,0,0.04,479.06,518.88
0.1,0.085,0.35,0.01,0,493.33,454.8
0.1,0.085,0.35,0.01,0.01,494.08,470.91
0.1,0.085,0.35,0.01,0.02,494.25,486.56
0.1,0.085,0.35,0.01,0.03,494.31,502.4
0.1,0.085,0.35,0.01,0.04,494.54,519.21
0.1,0.085,0.35,0.02,0,510.25,454.38
0.1,0.085,0.35,0.02,0.01,510.8,470.22
0.1,0.085,0.35,0.02,0.02,510.26,486.16
0.1,0.085,0.35,0.02,0.03,510.48,501.84
0.1,0.085,0.35,0.02,0.04,509.25,517.65
0.1,0.085,0.35,0.03,0,525.86,455.04
0.1,0.085,0.35,0.03,0.01,525.2,470.27
0.1,0.085,0.35,0.03,0.02,525.96,486.81
0.1,0.085,0.35,0.03,0.03,525.31,501.72
0.1,0.085,0.35,0.03,0.04,525.99,517.43
0.1,0.09,0.35,0,0,478.59,462.42
0.1,0.09,0.35,0,0.01,478.28,478.25
0.1,0.09,0.35,0,0.02,477.96,494.15
0.1,0.09,0.35,0,0.03,479.07,510.47
0.1,0.09,0.35,0,0.04,478.85,526.2
0.1,0.09,0.35,0.01,0,494.69,462.41
0.1,0.09,0.35,0.01,0.01,493.16,478.59
0.1,0.09,0.35,0.01,0.02,493.98,494.05
0.1,0.09,0.35,0.01,0.03,494.17,510.25
0.1,0.09,0.35,0.01,0.04,494.52,525.34
0.1,0.09,0.35,0.02,0,510.31,462.81
0.1,0.09,0.35,0.02,0.01,509.56,478.15
0.1,0.09,0.35,0.02,0.02,511.13,494.12
0.1,0.09,0.35,0.02,0.03,510.08,509.96
0.1,0.09,0.35,0.02,0.04,510.12,525.97
0.1,0.09,0.35,0.03,0,526.54,463.79
0.1,0.09,0.35,0.03,0.01,525.22,477.84
0.1,0.09,0.35,0.03,0.02,526.2,493.92
0.1,0.09,0.35,0.03,0.03,526.75,510.01
0.1,0.09,0.35,0.03,0.04,526.22,525.94
0.1,0.095,0.35,0,0,478.3,470.57
0.1,0.095,0.35,0,0.01,478.57,486.42
0.1,0.095,0.35,0,0.02,477.75,502.2
0.1,0.095,0.35,0,0.03,477.4,517.45
0.1,0.095,0.35,0,0.04,477.98,533.98
0.1,0.095,0.35,0.01,0,494.52,470.35
0.1,0.095,0.35,0.01,0.01,494.15,486.01
0.1,0.095,0.35,0.01,0.02,494.06,501.75
0.1,0.095,0.35,0.01,0.03,494.82,518.61
0.1,0.095,0.35,0.01,0.04,493.76,533.61
0.1,0.095,0.35,0.02,0,509.91,470.49
0.1,0.095,0.35,0.02,0.01,509.19,485.89
0.1,0.095,0.35,0.02,0.02,509.11,502.24
0.1,0.095,0.35,0.02,0.03,509.19,517.94
0.1,0.095,0.35,0.02,0.04,510.16,533.36
0.1,0.095,0.35,0.03,0,525.95,470.53
0.1,0.095,0.35,0.03,0.01,525.34,486.59
0.1,0.095,0.35,0.03,0.02,526.25,502.27
0.1,0.095,0.35,0.03,0.03,525.51,517.81
0.1,0.095,0.35,0.03,0.04,525.76,534.52
0.1,0.1,0.35,0,0,478.79,478.2
0.1,0.1,0.35,0,0.01,478.65,494.37
0.1,0.1,0.35,0,0.02,479.08,510.21
0.1,0.1,0.35,0,0.03,479.48,526.47
0.1,0.1,0.35,0,0.04,479.06,542.13
0.1,0.1,0.35,0.01,0,494.4,478.6
0.1,0.1,0.35,0.01,0.01,494.6,493.13
0.1,0.1,0.35,0.01,0.02,494.35,509.84
0.1,0.1,0.35,0.01,0.03,494.01,525.73
0.1,0.1,0.35,0.01,0.04,494.65,542.04
0.1,0.1,0.35,0.02,0,509.78,478.03
0.1,0.1,0.35,0.02,0.01,509.87,493.7
0.1,0.1,0.35,0.02,0.02,509.64,510.91
0.1,0.1,0.35,0.02,0.03,509.81,525.56
0.1,0.1,0.35,0.02,0.04,510.55,540.56
0.1,0.1,0.35,0.03,0,525.91,478.17
0.1,0.1,0.35,0.03,0.01,526.02,494.63
0.1,0.1,0.35,0.03,0.02,526.14,510.86
0.1,0.1,0.35,0.03,0.03,525.1,525.65
0.08,0.08,0.36,0,0.04,443.7,504.43
0.08,0.08,0.36,0.01,0,458.95,443.33
0.08,0.08,0.36,0.01,0.01,458.31,458.32
0.08,0.08,0.36,0.01,0.02,458.66,473.76
0.08,0.08,0.36,0.01,0.03,457.72,489.02
0.08,0.08,0.36,0.01,0.04,457.82,505.49
0.08,0.08,0.36,0.02,0,473.12,442.45
0.08,0.08,0.36,0.02,0.01,474.53,458.12
0.08,0.08,0.36,0.02,0.02,474.38,474.6
0.08,0.08,0.36,0.02,0.03,474.57,489.24
0.08,0.08,0.36,0.02,0.04,473.74,504.31
0.08,0.08,0.36,0.03,0,488.72,443.49
0.08,0.08,0.36,0.03,0.01,489.37,458.94
0.08,0.08,0.36,0.03,0.02,489.25,473.4
0.08,0.08,0.36,0.03,0.03,489.35,489.32
0.08,0.08,0.36,0.03,0.04,489.47,504.68
0.08,0.085,0.36,0,0,443.21,451.25
0.08,0.085,0.36,0,0.01,443.03,466.18
0.08,0.085,0.36,0,0.02,443.16,481.77
0.08,0.085,0.36,0,0.03,442.29,496.05
0.08,0.085,0.36,0,0.04,443.68,512.38
0.08,0.085,0.36,0.01,0,458.84,450.24
0.08,0.085,0.36,0.01,0.01,458.44,466.43
0.08,0.085,0.36,0.01,0.02,458.79,482.1
0.08,0.085,0.36,0.01,0.03,458.44,496.81
0.08,0.085,0.36,0.01,0.04,458.49,511.87
0.08,0.085,0.36,0.02,0,473.95,450.96
0.08,0.085,0.36,0.02,0.01,473.71,465.36
0.08,0.085,0.36,0.02,0.02,474.12,481.51
0.08,0.085,0.36,0.02,0.03,474.16,496.89
0.08,0.085,0.36,0.02,0.04,474.12,513.02
0.08,0.085,0.36,0.03,0,489.72,450.5
0.08,0.085,0.36,0.03,0.01,489.76,465.77
0.08,0.085,0.36,0.03,0.02,490.14,481.62
0.08,0.085,0.36,0.03,0.03,488.42,498.23
0.08,0.085,0.36,0.03,0.04,489.48,513.44
0.08,0.09,0.36,0,0,442.72,459.3
0.08,0.09,0.36,0,0.01,443.67,474.64
0.08,0.09,0.36,0,0.02,441.79,489.3
0.08,0.09,0.36,0,0.03,443.91,504.08
0.08,0.09,0.36,0,0.04,442.9,519.62
0.08,0.09,0.36,0.01,0,458.18,459.06
0.08,0.09,0.36,0.01,0.01,458.74,474.49
0.08,0.09,0.36,0.01,0.02,458.72,490.08
0.08,0.09,0.36,0.01,0.03,458.62,504.89
0.08,0.09,0.36,0.01,0.04,458.48,521.48
0.08,0.09,0.36,0.02,0,473.37,458.75
0.08,0.09,0.36,0.02,0.01,473.81,474.55
0.08,0.09,0.36,0.02,0.02,474.12,489.86
0.08,0.09,0.36,0.02,0.03,473.73,504.51
0.08,0.09,0.36,0.02,0.04,473.6,519.63
0.08,0.09,0.36,0.03,0,489.65,458.23
0.08,0.09,0.36,0.03,0.01,489.96,473.37
0.08,0.09,0.36,0.03,0.02,489.23,489.52
0.08,0.09,0.36,0.03,0.03,489.48,504.83
0.08,0.09,0.36,0.03,0.04,488.47,520.59
0.08,0.095,0.36,0,0,443.44,466.77
0.08,0.095,0.36,0,0.01,443.2,481.59
0.08,0.095,0.36,0,0.02,442.12,496.55
0.08,0.095,0.36,0,0.03,442.82,513.18
0.08,0.095,0.36,0,0.04,442.61,528.07
0.08,0.095,0.36,0.01,0,458.72,465.31
0.08,0.095,0.36,0.01,0.01,458.71,481.7
0.08,0.095,0.36,0.01,0.02,458.75,497.62
0.08,0.095,0.36,0.01,0.03,458.49,512.35
0.08,0.095,0.36,0.01,0.04,458.09,527.29
0.08,0.095,0.36,0.02,0,473.45,466.34
0.08,0.095,0.36,0.02,0.01,473.06,481.94
0.08,0.095,0.36,0.02,0.02,472.97,496.42
0.08,0.095,0.36,0.02,0.03,474.66,512.5
0.08,0.095,0.36,0.02,0.04,474.17,527.09
0.08,0.095,0.36,0.03,0,488.88,466.15
0.08,0.095,0.36,0.03,0.01,489.26,481.89
0.08,0.095,0.36,0.03,0.02,489.59,497.29
0.08,0.095,0.36,0.03,0.03,489.17,512.82
0.08,0.095,0.36,0.03,0.04,489.49,527.25
0.08,0.1,0.36,0,0,443.06,472.9
0.08,0.1,0.36,0,0.01,443.26,489.77
0.08,0.1,0.36,0,0.02,443.13,505.18
0.08,0.1,0.36,0,0.03,442.55,519.81
0.08,0.1,0.36,0,0.04,443.08,535.58
0.08,0.1,0.36,0.01,0,457.83,473.62
0.08,0.1,0.36,0.01,0.01,458.74,489.04
0.08,0.1,0.36,0.01,0.02,458.42,505.24
0.08,0.1,0.36,0.01,0.03,459.27,519.86
0.08,0.1,0.36,0.01,0.04,459.05,536.47
0.08,0.1,0.36,0.02,0,474.37,473.48
0.08,0.1,0.36,0.02,0.01,473.56,490.11
0.08,0.1,0.36,0.02,0.02,473.45,504.12
0.08,0.1,0.36,0.02,0.03,473.05,519.61
0.08,0.1,0.36,0.02,0.04,474.12,535.68
0.08,0.1,0.36,0.03,0,489.28,473.28
0.08,0.1,0.36,0.03,0.01,490.09,489.85
0.08,0.1,0.36,0.03,0.02,488.88,504.97
0.08,0.1,0.36,0.03,0.03,488.77,520.3
0.085,0.08,0.36,0,0.04,450.57,505.56
0.085,0.08,0.36,0.01,0,466.39,442.93
0.085,0.08,0.36,0.01,0.01,464.57,458.51
0.085,0.08,0.36,0.01,0.02,467.02,473.64
0.085,0.08,0.36,0.01,0.03,466.15,489.8
0.085,0.08,0.36,0.01,0.04,467,504.22
0.085,0.08,0.36,0.02,0,481.65,444.23
0.085,0.08,0.36,0.02,0.01,481.45,458.83
0.085,0.08,0.36,0.02,0.02,481.52,474.09
0.085,0.08,0.36,0.02,0.03,481.04,490.07
0.085,0.08,0.36,0.02,0.04,481.96,504.86
0.085,0.08,0.36,0.03,0,496.7,443.7
0.085,0.08,0.36,0.03,0.01,497.47,458.22
0.085,0.08,0.36,0.03,0.02,496.99,474.36
0.085,0.08,0.36,0.03,0.03,496.88,489.76
0.085,0.08,0.36,0.03,0.04,496.9,504.97
0.085,0.085,0.36,0,0,450.76,451.39
0.085,0.085,0.36,0,0.01,451.28,466.42
0.085,0.085,0.36,0,0.02,451.26,481.23
0.085,0.085,0.36,0,0.03,450.66,496.69
0.085,0.085,0.36,0,0.04,450.56,512.89
0.085,0.085,0.36,0.01,0,466.95,450.77
0.085,0.085,0.36,0.01,0.01,466.48,466.25
0.085,0.085,0.36,0.01,0.02,466.83,482.33
0.085,0.085,0.36,0.01,0.03,466.13,497.56
0.085,0.085,0.36,0.01,0.04,466.63,512.83
0.085,0.085,0.36,0.02,0,481.85,450.38
0.085,0.085,0.36,0.02,0.01,482.26,465.47
0.085,0.085,0.36,0.02,0.02,480.32,481.86
0.085,0.085,0.36,0.02,0.03,481.62,497.09
0.085,0.085,0.36,0.02,0.04,482.34,512.96
0.085,0.085,0.36,0.03,0,498.16,451.36
0.085,0.085,0.36,0.03,0.01,496.82,466.98
0.085,0.085,0.36,0.03,0.02,497.35,482.54
0.085,0.085,0.36,0.03,0.03,496.75,497.51
0.085,0.085,0.36,0.03,0.04,496.75,512.25
0.085,0.09,0.36,0,0,450.72,458.46
0.085,0.09,0.36,0,0.01,450.69,474.45
0.085,0.09,0.36,0,0.02,450.14,489.04
0.085,0.09,0.36,0,0.03,451.33,506.09
0.085,0.09,0.36,0,0.04,451.08,519.89
0.085,0.09,0.36,0.01,0,466.36,457.44
0.085,0.09,0.36,0.01,0.01,466.09,474.55
0.085,0.09,0.36,0.01,0.02,466.4,488.73
0.085,0.09,0.36,0.01,0.03,465.99,504.24
0.085,0.09,0.36,0.01,0.04,465.44,520.15
0.085,0.09,0.36,0.02,0,482.65,459.54
0.085,0.09,0.36,0.02,0.01,480.88,473.9
0.085,0.09,0.36,0.02,0.02,481.17,489.07
0.085,0.09,0.36,0.02,0.03,482.05,504.81
0.085,0.09,0.36,0.02,0.04,481.27,520.77
0.085,0.09,0.36,0.03,0,496.25,459.72
0.085,0.09,0.36,0.03,0.01,495.89,474.34
0.085,0.09,0.36,0.03,0.02,497.23,489.19
0.085,0.09,0.36,0.03,0.03,496.53,505.12
0.085,0.09,0.36,0.03,0.04,496.96,520.35
0.085,0.095,0.36,0,0,450.65,466.53
0.085,0.095,0.36,0,0.01,451.08,480.68
0.085,0.095,0.36,0,0.02,451.66,496.93
0.085,0.095,0.36,0,0.03,451.65,512.37
0.085,0.095,0.36,0,0.04,450.15,528.75
0.085,0.095,0.36,0.01,0,465.84,466.36
0.085,0.095,0.36,0.01,0.01,467.25,481.94
0.085,0.095,0.36,0.01,0.02,466.85,496.67
0.085,0.095,0.36,0.01,0.03,466.17,512.41
0.085,0.095,0.36,0.01,0.04,466.27,529.11
0.085,0.095,0.36,0.02,0,481.47,466.2
0.085,0.095,0.36,0.02,0.01,481.1,480.88
0.085,0.095,0.36,0.02,0.02,481.64,497.86
0.085,0.095,0.36,0.02,0.03,481.02,512.77
0.085,0.095,0.36,0.02,0.04,481.58,528.19
0.085,0.095,0.36,0.03,0,497.14,466.36
0.085,0.095,0.36,0.03,0.01,496.82,481.93
0.085,0.095,0.36,0.03,0.02,497.69,496.62
0.085,0.095,0.36,0.03,0.03,497.76,512.2
0.085,0.095,0.36,0.03,0.04,496.95,528.15
0.085,0.1,0.36,0,0,450.68,474.28
0.085,0.1,0.36,0,0.01,450.47,488.85
0.085,0.1,0.36,0,0.02,451.12,504.9
0.085,0.1,0.36,0,0.03,450.76,520.16
0.085,0.1,0.36,0,0.04,450.26,535.43
0.085,0.1,0.36,0.01,0,466.46,473.42
0.085,0.1,0.36,0.01,0.01,466.77,489.32
0.085,0.1,0.36,0.01,0.02,466.62,505.58
0.085,0.1,0.36,0.01,0.03,466.31,520.36
0.085,0.1,0.36,0.01,0.04,466.59,535.06
0.085,0.1,0.36,0.02,0,481.74,474.53
0.085,0.1,0.36,0.02,0.01,481.93,489.91
0.085,0.1,0.36,0.02,0.02,481.61,505.53
0.085,0.1,0.36,0.02,0.03,481.96,519.69
0.085,0.1,0.36,0.02,0.04,481.78,535.74
0.085,0.1,0.36,0.03,0,496.68,474.48
0.085,0.1,0.36,0.03,0.01,497.09,489.42
0.085,0.1,0.36,0.03,0.02,497.33,504.8
0.085,0.1,0.36,0.03,0.03,497.11,519.57
0.09,0.08,0.36,0,0.04,458.28,504.74
0.09,0.08,0.36,0.01,0,474.1,442.75
0.09,0.08,0.36,0.01,0.01,473.77,458.58
0.09,0.08,0.36,0.01,0.02,474.88,473.85
0.09,0.08,0.36,0.01,0.03,474.14,489.45
0.09,0.08,0.36,0.01,0.04,473.32,504.78
0.09,0.08,0.36,0.02,0,489.12,443.09
0.09,0.08,0.36,0.02,0.01,489.9,458.39
0.09,0.08,0.36,0.02,0.02,489.49,474.76
0.09,0.08,0.36,0.02,0.03,489.48,489.97
0.09,0.08,0.36,0.02,0.04,489.73,505.31
0.09,0.08,0.36,0.03,0,505.21,443.16
0.09,0.08,0.36,0.03,0.01,505.15,458.07
0.09,0.08,0.36,0.03,0.02,504.91,474.18
0.09,0.08,0.36,0.03,0.03,503.96,489.69
0.09,0.08,0.36,0.03,0.04,504.7,505.07
0.09,0.085,0.36,0,0,457.98,451.64
0.09,0.085,0.36,0,0.01,457.73,465.72
0.09,0.085,0.36,0,0.02,458.84,481.72
0.09,0.085,0.36,0,0.03,458.84,497.21
0.09,0.085,0.36,0,0.04,458.43,512.26
0.09,0.085,0.36,0.01,0,473.72,451.36
0.09,0.085,0.36,0.01,0.01,473.58,465.88
0.09,0.085,0.36,0.01,0.02,474.72,481.8
0.09,0.085,0.36,0.01,0.03,473.91,496.48
0.09,0.085,0.36,0.01,0.04,474.2,512.3
0.09,0.085,0.36,0.02,0,488.54,451.57
0.09,0.085,0.36,0.02,0.01,489.09,467.25
0.09,0.085,0.36,0.02,0.02,489.55,481.04
0.09,0.085,0.36,0.02,0.03,489.14,497.3
0.09,0.085,0.36,0.02,0.04,490.36,512.35
0.09,0.085,0.36,0.03,0,505.37,450.89
0.09,0.085,0.36,0.03,0.01,504.65,466.12
0.09,0.085,0.36,0.03,0.02,504.74,481.74
0.09,0.085,0.36,0.03,0.03,504.32,496.19
0.09,0.085,0.36,0.03,0.04,504.97,512.6
0.09,0.09,0.36,0,0,458.01,459.18
0.09,0.09,0.36,0,0.01,458.59,474.15
0.09,0.09,0.36,0,0.02,458.85,489.22
0.09,0.09,0.36,0,0.03,458.86,505.11
0.09,0.09,0.36,0,0.04,458.49,520.86
0.09,0.09,0.36,0.01,0,474.38,458.24
0.09,0.09,0.36,0.01,0.01,474.46,474.94
0.09,0.09,0.36,0.01,0.02,473.5,489.16
0.09,0.09,0.36,0.01,0.03,474.16,504.35
0.09,0.09,0.36,0.01,0.04,472.58,519.49
0.09,0.09,0.36,0.02,0,489.25,457.96
0.09,0.09,0.36,0.02,0.01,489.39,474.15
0.09,0.09,0.36,0.02,0.02,488.62,489.85
0.09,0.09,0.36,0.02,0.03,489.53,504.74
0.09,0.09,0.36,0.02,0.04,489.01,519.97
0.09,0.09,0.36,0.03,0,505.27,458.67
0.09,0.09,0.36,0.03,0.01,504.93,474.3
0.09,0.09,0.36,0.03,0.02,504.97,488.9
0.09,0.09,0.36,0.03,0.03,503.87,504.07
0.09,0.09,0.36,0.03,0.04,506.1,519.39
0.09,0.095,0.36,0,0,459.15,466.49
0.09,0.095,0.36,0,0.01,458.46,481.92
0.09,0.095,0.36,0,0.02,457.8,497.22
0.09,0.095,0.36,0,0.03,458.58,512.53
0.09,0.095,0.36,0,0.04,458.15,527.87
0.09,0.095,0.36,0.01,0,474.28,465.76
0.09,0.095,0.36,0.01,0.01,474.15,481.53
0.09,0.095,0.36,0.01,0.02,473.5,497.17
0.09,0.095,0.36,0.01,0.03,474.13,511.91
0.09,0.095,0.36,0.01,0.04,474.68,528.67
0.09,0.095,0.36,0.02,0,489.34,466.05
0.09,0.095,0.36,0.02,0.01,489.58,481.83
0.09,0.095,0.36,0.02,0.02,489.95,496.61
0.09,0.095,0.36,0.02,0.03,489.46,512.75
0.09,0.095,0.36,0.02,0.04,489.58,527.89
0.09,0.095,0.36,0.03,0,504.85,466.26
0.09,0.095,0.36,0.03,0.01,505.39,481.78
0.09,0.095,0.36,0.03,0.02,505.09,497.72
0.09,0.095,0.36,0.03,0.03,505.55,512.18
0.09,0.095,0.36,0.03,0.04,504.73,527.91
0.09,0.1,0.36,0,0,459.13,474.32
0.09,0.1,0.36,0,0.01,458.46,488.69
0.09,0.1,0.36,0,0.02,458.51,503.68
0.09,0.1,0.36,0,0.03,457.9,520.42
0.09,0.1,0.36,0,0.04,458.25,536.53
0.09,0.1,0.36,0.01,0,474,474.38
0.09,0.1,0.36,0.01,0.01,474.65,488.71
0.09,0.1,0.36,0.01,0.02,474.91,505.02
0.09,0.1,0.36,0.01,0.03,474.14,519.59
0.09,0.1,0.36,0.01,0.04,473.94,535.92
0.09,0.1,0.36,0.02,0,490.28,474.16
0.09,0.1,0.36,0.02,0.01,489.22,489.05
0.09,0.1,0.36,0.02,0.02,489.5,504.34
0.09,0.1,0.36,0.02,0.03,490.22,520.59
0.09,0.1,0.36,0.02,0.04,489.36,536.22
0.09,0.1,0.36,0.03,0,505.34,474.63
0.09,0.1,0.36,0.03,0.01,505.28,489.08
0.09,0.1,0.36,0.03,0.02,505.32,504.63
0.09,0.1,0.36,0.03,0.03,505.11,519.34
0.095,0.08,0.36,0,0.04,466.59,505.33
0.095,0.08,0.36,0.01,0,481.65,443.26
0.095,0.08,0.36,0.01,0.01,480.77,458.95
0.095,0.08,0.36,0.01,0.02,481.79,475.14
0.095,0.08,0.36,0.01,0.03,481.87,490.3
0.095,0.08,0.36,0.01,0.04,481.65,505.82
0.095,0.08,0.36,0.02,0,496.67,442.31
0.095,0.08,0.36,0.02,0.01,496.52,458.68
0.095,0.08,0.36,0.02,0.02,496.86,474.87
0.095,0.08,0.36,0.02,0.03,496.84,489.17
0.095,0.08,0.36,0.02,0.04,496.82,505.84
0.095,0.08,0.36,0.03,0,513.09,443.29
0.095,0.08,0.36,0.03,0.01,511.66,459.3
0.095,0.08,0.36,0.03,0.02,512.18,473.85
0.095,0.08,0.36,0.03,0.03,512.33,490.12
0.095,0.08,0.36,0.03,0.04,511.55,504.14
0.095,0.085,0.36,0,0,466.69,452.25
0.095,0.085,0.36,0,0.01,466.33,466.46
0.095,0.085,0.36,0,0.02,466.95,482.65
0.095,0.085,0.36,0,0.03,466.79,496.45
0.095,0.085,0.36,0,0.04,466.74,512.68
0.095,0.085,0.36,0.01,0,481.59,451.58
0.095,0.085,0.36,0.01,0.01,481.55,466.82
0.095,0.085,0.36,0.01,0.02,481.73,481.4
0.095,0.085,0.36,0.01,0.03,480.8,497
0.095,0.085,0.36,0.01,0.04,481.48,514.13
0.095,0.085,0.36,0.02,0,497.16,451.84
0.095,0.085,0.36,0.02,0.01,497.3,465.93
0.095,0.085,0.36,0.02,0.02,498.03,481.97
0.095,0.085,0.36,0.02,0.03,497.48,497.25
0.095,0.085,0.36,0.02,0.04,497.42,512.23
0.095,0.085,0.36,0.03,0,512.12,449.55
0.095,0.085,0.36,0.03,0.01,512,467.18
0.095,0.085,0.36,0.03,0.02,512.63,482.26
0.095,0.085,0.36,0.03,0.03,512.32,497.17
0.095,0.085,0.36,0.03,0.04,512.11,511.34
0.095,0.09,0.36,0,0,465.71,459.37
0.095,0.09,0.36,0,0.01,467.08,473.62
0.095,0.09,0.36,0,0.02,465.58,490.25
0.095,0.09,0.36,0,0.03,467.04,505.09
0.095,0.09,0.36,0,0.04,465.63,520.17
0.095,0.09,0.36,0.01,0,480.95,458.74
0.095,0.09,0.36,0.01,0.01,482.04,473.57
0.095,0.09,0.36,0.01,0.02,479.99,489.42
0.095,0.09,0.36,0.01,0.03,482.09,505.18
0.095,0.09,0.36,0.01,0.04,481.49,519.71
0.095,0.09,0.36,0.02,0,497.86,458.72
0.095,0.09,0.36,0.02,0.01,497.07,473.6
0.095,0.09,0.36,0.02,0.02,497.16,488.62
0.095,0.09,0.36,0.02,0.03,497.3,505.11
0.095,0.09,0.36,0.02,0.04,496.56,519.85
0.095,0.09,0.36,0.03,0,512.57,459.27
0.095,0.09,0.36,0.03,0.01,512.21,474.21
0.095,0.09,0.36,0.03,0.02,512.1,489.64
0.095,0.09,0.36,0.03,0.03,511.55,504.76
0.095,0.09,0.36,0.03,0.04,512.49,521.88
0.095,0.095,0.36,0,0,467.16,466.26
0.095,0.095,0.36,0,0.01,466.58,481.7
0.095,0.095,0.36,0,0.02,466.2,496.5
0.095,0.095,0.36,0,0.03,466.39,512.7
0.095,0.095,0.36,0,0.04,465.66,528.15
0.095,0.095,0.36,0.01,0,481.08,466.12
0.095,0.095,0.36,0.01,0.01,482.03,481.56
0.095,0.095,0.36,0.01,0.02,481.93,497.07
0.095,0.095,0.36,0.01,0.03,480.79,511.52
0.095,0.095,0.36,0.01,0.04,481.8,527.94
0.095,0.095,0.36,0.02,0,496.98,466.33
0.095,0.095,0.36,0.02,0.01,497.49,482.11
0.095,0.095,0.36,0.02,0.02,495.8,496.47
0.095,0.095,0.36,0.02,0.03,497.39,512.83
0.095,0.095,0.36,0.02,0.04,496.44,527.22
0.095,0.095,0.36,0.03,0,511.25,466.24
0.095,0.095,0.36,0.03,0.01,512.87,481.62
0.095,0.095,0.36,0.03,0.02,511.76,497.27
0.095,0.095,0.36,0.03,0.03,512.04,512.37
0.095,0.095,0.36,0.03,0.04,512.69,527.51
0.095,0.1,0.36,0,0,466.36,473.79
0.095,0.1,0.36,0,0.01,466.71,489.07
0.095,0.1,0.36,0,0.02,465.46,503.6
0.095,0.1,0.36,0,0.03,466.56,520.67
0.095,0.1,0.36,0,0.04,465.93,535.69
0.095,0.1,0.36,0.01,0,481.57,473.65
0.095,0.1,0.36,0.01,0.01,481.53,489.33
0.095,0.1,0.36,0.01,0.02,481.84,505.23
0.095,0.1,0.36,0.01,0.03,482.96,519.79
0.095,0.1,0.36,0.01,0.04,481.55,535.95
0.095,0.1,0.36,0.02,0,497.33,473.85
0.095,0.1,0.36,0.02,0.01,497.09,489.18
0.095,0.1,0.36,0.02,0.02,497.9,505.18
0.095,0.1,0.36,0.02,0.03,497.31,519.65
0.095,0.1,0.36,0.02,0.04,497.03,535.75
0.095,0.1,0.36,0.03,0,512.43,474.54
0.095,0.1,0.36,0.03,0.01,511.8,489.04
0.095,0.1,0.36,0.03,0.02,512.36,505.19
0.095,0.1,0.36,0.03,0.03,511.98,519.24
0.1,0.08,0.36,0,0.04,473.16,504.62
0.1,0.08,0.36,0.01,0,489.55,443.37
0.1,0.08,0.36,0.01,0.01,489.2,458.53
0.1,0.08,0.36,0.01,0.02,489.3,474.04
0.1,0.08,0.36,0.01,0.03,488.82,489.17
0.1,0.08,0.36,0.01,0.04,489.97,504.29
0.1,0.08,0.36,0.02,0,504.62,443.54
0.1,0.08,0.36,0.02,0.01,504.51,458.5
0.1,0.08,0.36,0.02,0.02,504.48,474.35
0.1,0.08,0.36,0.02,0.03,505.02,489.76
0.1,0.08,0.36,0.02,0.04,504.83,504.54
0.1,0.08,0.36,0.03,0,519.35,443.25
0.1,0.08,0.36,0.03,0.01,520.21,458.75
0.1,0.08,0.36,0.03,0.02,520.61,474.03
0.1,0.08,0.36,0.03,0.03,519.78,490.2
0.1,0.08,0.36,0.03,0.04,520.36,505.31
0.1,0.085,0.36,0,0,473.74,451.14
0.1,0.085,0.36,0,0.01,473.25,467.15
0.1,0.085,0.36,0,0.02,473.75,481.98
0.1,0.085,0.36,0,0.03,474.29,496.26
0.1,0.085,0.36,0,0.04,473.11,512.02
0.1,0.085,0.36,0.01,0,489.57,451.77
0.1,0.085,0.36,0.01,0.01,489.42,465.85
0.1,0.085,0.36,0.01,0.02,490.25,481.82
0.1,0.085,0.36,0.01,0.03,488.02,497.49
0.1,0.085,0.36,0.01,0.04,489.28,511.67
0.1,0.085,0.36,0.02,0,504.37,451.19
0.1,0.085,0.36,0.02,0.01,504.83,465.53
0.1,0.085,0.36,0.02,0.02,504.95,481.15
0.1,0.085,0.36,0.02,0.03,505.16,497.68
0.1,0.085,0.36,0.02,0.04,505.05,511.96
0.1,0.085,0.36,0.03,0,519.53,450.36
0.1,0.085,0.36,0.03,0.01,520,465.07
0.1,0.085,0.36,0.03,0.02,520.16,481.82
0.1,0.085,0.36,0.03,0.03,520.23,497.47
0.1,0.085,0.36,0.03,0.04,520.37,512.86
0.1,0.09,0.36,0,0,473.5,459.06
0.1,0.09,0.36,0,0.01,474.6,473.99
0.1,0.09,0.36,0,0.02,473.46,489.53
0.1,0.09,0.36,0,0.03,474.11,505.21
0.1,0.09,0.36,0,0.04,474.5,520.64
0.1,0.09,0.36,0.01,0,489.75,458.13
0.1,0.09,0.36,0.01,0.01,488.91,473.8
0.1,0.09,0.36,0.01,0.02,489.58,488.99
0.1,0.09,0.36,0.01,0.03,489.77,503.88
0.1,0.09,0.36,0.01,0.04,490.12,519.83
0.1,0.09,0.36,0.02,0,504.7,458.58
0.1,0.09,0.36,0.02,0.01,503.98,473.72
0.1,0.09,0.36,0.02,0.02,505.04,489.27
0.1,0.09,0.36,0.02,0.03,504.93,504.93
0.1,0.09,0.36,0.02,0.04,504.9,520.64
0.1,0.09,0.36,0.03,0,520.6,458.92
0.1,0.09,0.36,0.03,0.01,520.72,473.06
0.1,0.09,0.36,0.03,0.02,520.57,488.98
0.1,0.09,0.36,0.03,0.03,519.92,503.84
0.1,0.09,0.36,0.03,0.04,521.02,520.27
0.1,0.095,0.36,0,0,473.99,466.79
0.1,0.095,0.36,0,0.01,474.66,481.23
0.1,0.095,0.36,0,0.02,473.52,497.35
0.1,0.095,0.36,0,0.03,474.11,512.77
0.1,0.095,0.36,0,0.04,473.92,528.21
0.1,0.095,0.36,0.01,0,488.51,466.39
0.1,0.095,0.36,0.01,0.01,489.63,481.51
0.1,0.095,0.36,0.01,0.02,489.22,497.11
0.1,0.095,0.36,0.01,0.03,488.62,512.47
0.1,0.095,0.36,0.01,0.04,488.05,527.92
0.1,0.095,0.36,0.02,0,504.84,465.35
0.1,0.095,0.36,0.02,0.01,504.73,481.46
0.1,0.095,0.36,0.02,0.02,504.35,496.94
0.1,0.095,0.36,0.02,0.03,504.8,512.26
0.1,0.095,0.36,0.02,0.04,505.37,527.82
0.1,0.095,0.36,0.03,0,519.59,467.03
0.1,0.095,0.36,0.03,0.01,520.38,482.18
0.1,0.095,0.36,0.03,0.02,519.73,497.41
0.1,0.095,0.36,0.03,0.03,519.96,512.34
0.1,0.095,0.36,0.03,0.04,519.75,528.27
0.1,0.1,0.36,0,0,474.42,473.71
0.1,0.1,0.36,0,0.01,474.21,489.38
0.1,0.1,0.36,0,0.02,473.55,504.34
0.1,0.1,0.36,0,0.03,473.68,519.8
0.1,0.1,0.36,0,0.04,473.73,535.13
0.1,0.1,0.36,0.01,0,488.98,474.31
0.1,0.1,0.36,0.01,0.01,490.02,489.08
0.1,0.1,0.36,0.01,0.02,489.04,504.91
0.1,0.1,0.36,0.01,0.03,488.9,520.53
0.1,0.1,0.36,0.01,0.04,490.39,535.27
0.1,0.1,0.36,0.02,0,505.54,474.22
0.1,0.1,0.36,0.02,0.01,503.46,489.38
0.1,0.1,0.36,0.02,0.02,504.14,505.79
0.1,0.1,0.36,0.02,0.03,505.45,520.17
0.1,0.1,0.36,0.02,0.04,504.7,535.63
0.1,0.1,0.36,0.03,0,520.3,475.38
0.1,0.1,0.36,0.03,0.01,521.39,488.82
0.1,0.1,0.36,0.03,0.02,521.05,504.76
0.1,0.1,0.36,0.03,0.03,519.37,520.14
0.08,0.08,0.37,0,0.04,439.62,499.24
0.08,0.08,0.37,0.01,0,454.53,439.55
0.08,0.08,0.37,0.01,0.01,454.48,455.14
0.08,0.08,0.37,0.01,0.02,455.34,470.41
0.08,0.08,0.37,0.01,0.03,454.57,485.91
0.08,0.08,0.37,0.01,0.04,454.46,499.79
0.08,0.08,0.37,0.02,0,470.29,439.72
0.08,0.08,0.37,0.02,0.01,469.55,454.27
0.08,0.08,0.37,0.02,0.02,469.65,470.14
0.08,0.08,0.37,0.02,0.03,469.5,484.73
0.08,0.08,0.37,0.02,0.04,469.86,499.03
0.08,0.08,0.37,0.03,0,484.57,439.62
0.08,0.08,0.37,0.03,0.01,484.65,454.82
0.08,0.08,0.37,0.03,0.02,485.2,469.74
0.08,0.08,0.37,0.03,0.03,484.84,484.76
0.08,0.08,0.37,0.03,0.04,485.2,499.29
0.08,0.085,0.37,0,0,439.53,446.81
0.08,0.085,0.37,0,0.01,439.23,461.48
0.08,0.085,0.37,0,0.02,440.12,476.61
0.08,0.085,0.37,0,0.03,439.79,492.65
0.08,0.085,0.37,0,0.04,439.89,507.67
0.08,0.085,0.37,0.01,0,455.77,447.54
0.08,0.085,0.37,0.01,0.01,454.49,462.91
0.08,0.085,0.37,0.01,0.02,455.53,477.57
0.08,0.085,0.37,0.01,0.03,454.14,492.27
0.08,0.085,0.37,0.01,0.04,454.7,507.3
0.08,0.085,0.37,0.02,0,469.3,447.77
0.08,0.085,0.37,0.02,0.01,469.24,462.57
0.08,0.085,0.37,0.02,0.02,469.9,477.52
0.08,0.085,0.37,0.02,0.03,468.87,493.07
0.08,0.085,0.37,0.02,0.04,470.15,506.61
0.08,0.085,0.37,0.03,0,485.32,446.92
0.08,0.085,0.37,0.03,0.01,484.89,462.56
0.08,0.085,0.37,0.03,0.02,485.03,477.02
0.08,0.085,0.37,0.03,0.03,485.53,492.35
0.08,0.085,0.37,0.03,0.04,485.13,506.9
0.08,0.09,0.37,0,0,440.12,454.03
0.08,0.09,0.37,0,0.01,439.42,470.25
0.08,0.09,0.37,0,0.02,440.29,484.99
0.08,0.09,0.37,0,0.03,440.08,500.12
0.08,0.09,0.37,0,0.04,440.33,514.7
0.08,0.09,0.37,0.01,0,454.78,454.58
0.08,0.09,0.37,0.01,0.01,455.09,469.42
0.08,0.09,0.37,0.01,0.02,455.35,484.95
0.08,0.09,0.37,0.01,0.03,454.08,499.79
0.08,0.09,0.37,0.01,0.04,453.95,513.63
0.08,0.09,0.37,0.02,0,470.45,454.58
0.08,0.09,0.37,0.02,0.01,469.27,469
0.08,0.09,0.37,0.02,0.02,470.12,485.57
0.08,0.09,0.37,0.02,0.03,469.77,500.18
0.08,0.09,0.37,0.02,0.04,469.2,514.95
0.08,0.09,0.37,0.03,0,485.55,454.35
0.08,0.09,0.37,0.03,0.01,484.41,469.28
0.08,0.09,0.37,0.03,0.02,484.85,484.7
0.08,0.09,0.37,0.03,0.03,485.33,499.56
0.08,0.09,0.37,0.03,0.04,485.32,514.67
0.08,0.095,0.37,0,0,439.21,462.77
0.08,0.095,0.37,0,0.01,440.19,478.26
0.08,0.095,0.37,0,0.02,439.58,491.54
0.08,0.095,0.37,0,0.03,439.63,508.07
0.08,0.095,0.37,0,0.04,440.77,522.72
0.08,0.095,0.37,0.01,0,454.63,461.9
0.08,0.095,0.37,0.01,0.01,455.61,477.46
0.08,0.095,0.37,0.01,0.02,454.91,492.17
0.08,0.095,0.37,0.01,0.03,454.68,506.79
0.08,0.095,0.37,0.01,0.04,454.43,522.54
0.08,0.095,0.37,0.02,0,470.59,461.91
0.08,0.095,0.37,0.02,0.01,469.42,477.12
0.08,0.095,0.37,0.02,0.02,468.31,492.39
0.08,0.095,0.37,0.02,0.03,470.38,508.83
0.08,0.095,0.37,0.02,0.04,470.38,521.75
0.08,0.095,0.37,0.03,0,483.77,463.03
0.08,0.095,0.37,0.03,0.01,484.61,477.09
0.08,0.095,0.37,0.03,0.02,484.34,491.46
0.08,0.095,0.37,0.03,0.03,484.93,506.81
0.08,0.095,0.37,0.03,0.04,485.11,522.91
0.08,0.1,0.37,0,0,439.58,469.09
0.08,0.1,0.37,0,0.01,439.31,484.15
0.08,0.1,0.37,0,0.02,439.57,500.24
0.08,0.1,0.37,0,0.03,439.19,514.25
0.08,0.1,0.37,0,0.04,439.32,530.48
0.08,0.1,0.37,0.01,0,454.7,470.1
0.08,0.1,0.37,0.01,0.01,454.62,484.66
0.08,0.1,0.37,0.01,0.02,454.56,500.4
0.08,0.1,0.37,0.01,0.03,455.09,515.82
0.08,0.1,0.37,0.01,0.04,455.29,529.15
0.08,0.1,0.37,0.02,0,470.52,469.32
0.08,0.1,0.37,0.02,0.01,469.79,485.29
0.08,0.1,0.37,0.02,0.02,469.46,499.76
0.08,0.1,0.37,0.02,0.03,470.2,515.22
0.08,0.1,0.37,0.02,0.04,470.01,529.96
0.08,0.1,0.37,0.03,0,484.45,469.04
0.08,0.1,0.37,0.03,0.01,483.82,484
0.08,0.1,0.37,0.03,0.02,484.92,500.6
0.08,0.1,0.37,0.03,0.03,484.22,515.04
0.085,0.08,0.37,0,0.04,447.18,500.08
0.085,0.08,0.37,0.01,0,461.96,438.77
0.085,0.08,0.37,0.01,0.01,462.38,455.43
0.085,0.08,0.37,0.01,0.02,461.58,469.68
0.085,0.08,0.37,0.01,0.03,462.54,484.9
0.085,0.08,0.37,0.01,0.04,462.56,499.47
0.085,0.08,0.37,0.02,0,477.44,440.29
0.085,0.08,0.37,0.02,0.01,477.14,454.56
0.085,0.08,0.37,0.02,0.02,477.33,469.76
0.085,0.08,0.37,0.02,0.03,477.47,485.23
0.085,0.08,0.37,0.02,0.04,477.7,499.53
0.085,0.08,0.37,0.03,0,492.18,439.69
0.085,0.08,0.37,0.03,0.01,491.38,454.55
0.085,0.08,0.37,0.03,0.02,492.06,469.39
0.085,0.08,0.37,0.03,0.03,492.87,484.38
0.085,0.08,0.37,0.03,0.04,492.45,499.66
0.085,0.085,0.37,0,0,447.48,448.04
0.085,0.085,0.37,0,0.01,447.49,462.38
0.085,0.085,0.37,0,0.02,448.19,477.12
0.085,0.085,0.37,0,0.03,447.56,493.05
0.085,0.085,0.37,0,0.04,448.29,507.34
0.085,0.085,0.37,0.01,0,461.78,448.03
0.085,0.085,0.37,0.01,0.01,462.46,463.01
0.085,0.085,0.37,0.01,0.02,462.29,477.44
0.085,0.085,0.37,0.01,0.03,462.62,493.55
0.085,0.085,0.37,0.01,0.04,461.47,507.34
0.085,0.085,0.37,0.02,0,477.66,447.16
0.085,0.085,0.37,0.02,0.01,477.59,462.63
0.085,0.085,0.37,0.02,0.02,476.85,476.99
0.085,0.085,0.37,0.02,0.03,477.45,492.81
0.085,0.085,0.37,0.02,0.04,477.1,507.54
0.085,0.085,0.37,0.03,0,491.15,446.79
0.085,0.085,0.37,0.03,0.01,492.48,462.05
0.085,0.085,0.37,0.03,0.02,492.81,478.04
0.085,0.085,0.37,0.03,0.03,492.85,491.87
0.085,0.085,0.37,0.03,0.04,492.4,507.58
0.085,0.09,0.37,0,0,447.76,455.02
0.085,0.09,0.37,0,0.01,447.38,469.32
0.085,0.09,0.37,0,0.02,446.31,483.98
0.085,0.09,0.37,0,0.03,447.25,499.32
0.085,0.09,0.37,0,0.04,446.78,514.29
0.085,0.09,0.37,0.01,0,462.4,455.23
0.085,0.09,0.37,0.01,0.01,461.76,470.12
0.085,0.09,0.37,0.01,0.02,461.26,484.75
0.085,0.09,0.37,0.01,0.03,462.04,500.05
0.085,0.09,0.37,0.01,0.04,462.38,514.24
0.085,0.09,0.37,0.02,0,476.92,455.45
0.085,0.09,0.37,0.02,0.01,477.05,470.39
0.085,0.09,0.37,0.02,0.02,476.87,484.64
0.085,0.09,0.37,0.02,0.03,477.65,499.77
0.085,0.09,0.37,0.02,0.04,477.79,513.81
0.085,0.09,0.37,0.03,0,491.87,455.03
0.085,0.09,0.37,0.03,0.01,492.91,469.6
0.085,0.09,0.37,0.03,0.02,491.48,484.3
0.085,0.09,0.37,0.03,0.03,492.3,499.39
0.085,0.09,0.37,0.03,0.04,492.56,514.64
0.085,0.095,0.37,0,0,447.09,461.91
0.085,0.095,0.37,0,0.01,447.61,476.55
0.085,0.095,0.37,0,0.02,447.81,493.07
0.085,0.095,0.37,0,0.03,448.41,507.36
0.085,0.095,0.37,0,0.04,446.47,522.28
0.085,0.095,0.37,0.01,0,462.44,462.15
0.085,0.095,0.37,0.01,0.01,462.34,476.77
0.085,0.095,0.37,0.01,0.02,461.91,492.46
0.085,0.095,0.37,0.01,0.03,462.76,507.04
0.085,0.095,0.37,0.01,0.04,461.99,522.72
0.085,0.095,0.37,0.02,0,477.47,461.87
0.085,0.095,0.37,0.02,0.01,476.21,477.53
0.085,0.095,0.37,0.02,0.02,476.62,492.21
0.085,0.095,0.37,0.02,0.03,477.36,508.1
0.085,0.095,0.37,0.02,0.04,478.25,522.58
0.085,0.095,0.37,0.03,0,492.57,462.48
0.085,0.095,0.37,0.03,0.01,492.14,477.45
0.085,0.095,0.37,0.03,0.02,492.64,492.44
0.085,0.095,0.37,0.03,0.03,491.63,506.61
0.085,0.095,0.37,0.03,0.04,491.87,521.92
0.085,0.1,0.37,0,0,447.19,470.4
0.085,0.1,0.37,0,0.01,446.24,483.94
0.085,0.1,0.37,0,0.02,447.79,500.71
0.085,0.1,0.37,0,0.03,446.52,514.2
0.085,0.1,0.37,0,0.04,446.44,529.58
0.085,0.1,0.37,0.01,0,462.1,469.3
0.085,0.1,0.37,0.01,0.01,462.68,485.33
0.085,0.1,0.37,0.01,0.02,462.18,500.39
0.085,0.1,0.37,0.01,0.03,461.99,514.23
0.085,0.1,0.37,0.01,0.04,461.68,529.33
0.085,0.1,0.37,0.02,0,478.12,469.39
0.085,0.1,0.37,0.02,0.01,477.88,484.94
0.085,0.1,0.37,0.02,0.02,477.33,500.04
0.085,0.1,0.37,0.02,0.03,477.03,515.01
0.085,0.1,0.37,0.02,0.04,477.85,529.62
0.085,0.1,0.37,0.03,0,493.16,469.58
0.085,0.1,0.37,0.03,0.01,492.78,484.6
0.085,0.1,0.37,0.03,0.02,493.12,499.83
0.085,0.1,0.37,0.03,0.03,491.83,514.66
0.09,0.08,0.37,0,0.04,454.36,498.93
0.09,0.08,0.37,0.01,0,470.26,440.4
0.09,0.08,0.37,0.01,0.01,469.53,454.79
0.09,0.08,0.37,0.01,0.02,468.97,469.64
0.09,0.08,0.37,0.01,0.03,469.56,484.25
0.09,0.08,0.37,0.01,0.04,469.58,499.58
0.09,0.08,0.37,0.02,0,484.47,439.79
0.09,0.08,0.37,0.02,0.01,485.56,454.25
0.09,0.08,0.37,0.02,0.02,484.74,469.36
0.09,0.08,0.37,0.02,0.03,484.48,484.83
0.09,0.08,0.37,0.02,0.04,485.19,499.71
0.09,0.08,0.37,0.03,0,499.67,440.72
0.09,0.08,0.37,0.03,0.01,500.86,454.16
0.09,0.08,0.37,0.03,0.02,499.57,469.52
0.09,0.08,0.37,0.03,0.03,498.58,484.82
0.09,0.08,0.37,0.03,0.04,499.22,499.9
0.09,0.085,0.37,0,0,454,448.43
0.09,0.085,0.37,0,0.01,454.06,462.22
0.09,0.085,0.37,0,0.02,453.89,477.09
0.09,0.085,0.37,0,0.03,455.28,491.84
0.09,0.085,0.37,0,0.04,454.55,507.68
0.09,0.085,0.37,0.01,0,469.67,447.53
0.09,0.085,0.37,0.01,0.01,469.12,462.75
0.09,0.085,0.37,0.01,0.02,470.02,476.98
0.09,0.085,0.37,0.01,0.03,470.16,491.91
0.09,0.085,0.37,0.01,0.04,469.03,507.93
0.09,0.085,0.37,0.02,0,485.41,447.01
0.09,0.085,0.37,0.02,0.01,484.39,462.5
0.09,0.085,0.37,0.02,0.02,485.26,477.4
0.09,0.085,0.37,0.02,0.03,485.24,491.9
0.09,0.085,0.37,0.02,0.04,485.53,507.14
0.09,0.085,0.37,0.03,0,499.82,447.44
0.09,0.085,0.37,0.03,0.01,500.69,462.75
0.09,0.085,0.37,0.03,0.02,499.79,477.84
0.09,0.085,0.37,0.03,0.03,500.05,493.04
0.09,0.085,0.37,0.03,0.04,499.54,507.04
0.09,0.09,0.37,0,0,454.42,454.71
0.09,0.09,0.37,0,0.01,454.94,469.77
0.09,0.09,0.37,0,0.02,454.2,484.73
0.09,0.09,0.37,0,0.03,455.11,499.85
0.09,0.09,0.37,0,0.04,454.25,514.69
0.09,0.09,0.37,0.01,0,470.13,455.22
0.09,0.09,0.37,0.01,0.01,469.6,470.17
0.09,0.09,0.37,0.01,0.02,469.82,484.52
0.09,0.09,0.37,0.01,0.03,469.94,499.29
0.09,0.09,0.37,0.01,0.04,470.52,514.07
0.09,0.09,0.37,0.02,0,484.99,454.36
0.09,0.09,0.37,0.02,0.01,485.04,469.19
0.09,0.09,0.37,0.02,0.02,484.16,484.67
0.09,0.09,0.37,0.02,0.03,484.2,499.12
0.09,0.09,0.37,0.02,0.04,483.71,513.97
0.09,0.09,0.37,0.03,0,500.76,455.2
0.09,0.09,0.37,0.03,0.01,499.41,469.89
0.09,0.09,0.37,0.03,0.02,500.48,484.92
0.09,0.09,0.37,0.03,0.03,500,500.53
0.09,0.09,0.37,0.03,0.04,500.04,514.74
0.09,0.095,0.37,0,0,455.78,462.96
0.09,0.095,0.37,0,0.01,455.66,477.29
0.09,0.095,0.37,0,0.02,455.45,492.64
0.09,0.095,0.37,0,0.03,454.25,506.99
0.09,0.095,0.37,0,0.04,454.82,522.91
0.09,0.095,0.37,0.01,0,469.89,462.03
0.09,0.095,0.37,0.01,0.01,469.05,477.46
0.09,0.095,0.37,0.01,0.02,470.15,491.89
0.09,0.095,0.37,0.01,0.03,470.81,506.96
0.09,0.095,0.37,0.01,0.04,469.76,523.03
0.09,0.095,0.37,0.02,0,484.39,462.67
0.09,0.095,0.37,0.02,0.01,485.45,476.78
0.09,0.095,0.37,0.02,0.02,485.22,492.7
0.09,0.095,0.37,0.02,0.03,484.56,507.29
0.09,0.095,0.37,0.02,0.04,485.2,521.85
0.09,0.095,0.37,0.03,0,499.85,461.88
0.09,0.095,0.37,0.03,0.01,499.41,478.63
0.09,0.095,0.37,0.03,0.02,499.48,491.7
0.09,0.095,0.37,0.03,0.03,498.67,506.22
0.09,0.095,0.37,0.03,0.04,500.21,522.29
0.09,0.1,0.37,0,0,454.38,470.25
0.09,0.1,0.37,0,0.01,455.32,485.21
0.09,0.1,0.37,0,0.02,454.22,500.02
0.09,0.1,0.37,0,0.03,455.39,514.52
0.09,0.1,0.37,0,0.04,454.18,529.4
0.09,0.1,0.37,0.01,0,469.77,469.19
0.09,0.1,0.37,0.01,0.01,469.69,485.02
0.09,0.1,0.37,0.01,0.02,470.77,499.41
0.09,0.1,0.37,0.01,0.03,469.63,514.74
0.09,0.1,0.37,0.01,0.04,470.08,529.69
0.09,0.1,0.37,0.02,0,485.34,470.05
0.09,0.1,0.37,0.02,0.01,484.69,485.14
0.09,0.1,0.37,0.02,0.02,485.01,499.74
0.09,0.1,0.37,0.02,0.03,485.03,514.93
0.09,0.1,0.37,0.02,0.04,484.63,529.44
0.09,0.1,0.37,0.03,0,498.92,469.85
0.09,0.1,0.37,0.03,0.01,500.47,485.23
0.09,0.1,0.37,0.03,0.02,499.69,499.82
0.09,0.1,0.37,0.03,0.03,499.78,515.07
0.095,0.08,0.37,0,0.04,461.46,499.69
0.095,0.08,0.37,0.01,0,477.77,440.23
0.095,0.08,0.37,0.01,0.01,476.51,454.68
0.095,0.08,0.37,0.01,0.02,477,469.51
0.095,0.08,0.37,0.01,0.03,476.65,484.53
0.095,0.08,0.37,0.01,0.04,477.04,500.18
0.095,0.08,0.37,0.02,0,493,439.54
0.095,0.08,0.37,0.02,0.01,492.46,454.75
0.095,0.08,0.37,0.02,0.02,492.79,469.53
0.095,0.08,0.37,0.02,0.03,492,484.28
0.095,0.08,0.37,0.02,0.04,491.97,500.97
0.095,0.08,0.37,0.03,0,507.59,441.21
0.095,0.08,0.37,0.03,0.01,506.91,455.44
0.095,0.08,0.37,0.03,0.02,507.21,469.21
0.095,0.08,0.37,0.03,0.03,506.8,484.84
0.095,0.08,0.37,0.03,0.04,507.82,500.2
0.095,0.085,0.37,0,0,461.9,447.17
0.095,0.085,0.37,0,0.01,462.15,462.25
0.095,0.085,0.37,0,0.02,462.34,478.05
0.095,0.085,0.37,0,0.03,462.46,492.31
0.095,0.085,0.37,0,0.04,462.05,507.34
0.095,0.085,0.37,0.01,0,477.54,447.3
0.095,0.085,0.37,0.01,0.01,477.57,461.2
0.095,0.085,0.37,0.01,0.02,477.95,476.97
0.095,0.085,0.37,0.01,0.03,477.25,492.64
0.095,0.085,0.37,0.01,0.04,477.91,506.61
0.095,0.085,0.37,0.02,0,492.6,447.34
0.095,0.085,0.37,0.02,0.01,492.76,461.85
0.095,0.085,0.37,0.02,0.02,492.67,477.04
0.095,0.085,0.37,0.02,0.03,492.04,492.46
0.095,0.085,0.37,0.02,0.04,491.8,507.11
0.095,0.085,0.37,0.03,0,506.6,447.92
0.095,0.085,0.37,0.03,0.01,507.28,461.79
0.095,0.085,0.37,0.03,0.02,507.85,477.62
0.095,0.085,0.37,0.03,0.03,508.33,492.53
0.095,0.085,0.37,0.03,0.04,507.76,507.04
0.095,0.09,0.37,0,0,462.39,454.67
0.095,0.09,0.37,0,0.01,461.98,470.35
0.095,0.09,0.37,0,0.02,462.04,484.65
0.095,0.09,0.37,0,0.03,461.42,499.44
0.095,0.09,0.37,0,0.04,461.79,515.21
0.095,0.09,0.37,0.01,0,477.31,455.58
0.095,0.09,0.37,0.01,0.01,477.73,470.44
0.095,0.09,0.37,0.01,0.02,477.77,484.87
0.095,0.09,0.37,0.01,0.03,477.45,498.86
0.095,0.09,0.37,0.01,0.04,477.03,514.57
0.095,0.09,0.37,0.02,0,492.12,455.32
0.095,0.09,0.37,0.02,0.01,491.98,469.71
0.095,0.09,0.37,0.02,0.02,491.36,484.26
0.095,0.09,0.37,0.02,0.03,492.6,500.06
0.095,0.09,0.37,0.02,0.04,492.13,514.24
0.095,0.09,0.37,0.03,0,507.79,454.57
0.095,0.09,0.37,0.03,0.01,507.9,469.66
0.095,0.09,0.37,0.03,0.02,507.3,484.86
0.095,0.09,0.37,0.03,0.03,507.75,500.26
0.095,0.09,0.37,0.03,0.04,507.21,514.39
0.095,0.095,0.37,0,0,462.14,462.22
0.095,0.095,0.37,0,0.01,462.97,477.81
0.095,0.095,0.37,0,0.02,462.67,491.86
0.095,0.095,0.37,0,0.03,462.01,507.3
0.095,0.095,0.37,0,0.04,462.05,521.89
0.095,0.095,0.37,0.01,0,477.95,462.66
0.095,0.095,0.37,0.01,0.01,478.18,477.28
0.095,0.095,0.37,0.01,0.02,476.31,491.85
0.095,0.095,0.37,0.01,0.03,477.65,507.73
0.095,0.095,0.37,0.01,0.04,477.04,521.87
0.095,0.095,0.37,0.02,0,491.98,462.13
0.095,0.095,0.37,0.02,0.01,491.58,477.44
0.095,0.095,0.37,0.02,0.02,492.48,492.16
0.095,0.095,0.37,0.02,0.03,492.64,506.74
0.095,0.095,0.37,0.02,0.04,492.03,522.48
0.095,0.095,0.37,0.03,0,507.63,462.12
0.095,0.095,0.37,0.03,0.01,507.37,476.06
0.095,0.095,0.37,0.03,0.02,506.49,492.75
0.095,0.095,0.37,0.03,0.03,506.97,506.37
0.095,0.095,0.37,0.03,0.04,506.77,521.63
0.095,0.1,0.37,0,0,462.87,470.49
0.095,0.1,0.37,0,0.01,462.57,484.87
0.095,0.1,0.37,0,0.02,461.95,500.02
0.095,0.1,0.37,0,0.03,463.24,514.6
0.095,0.1,0.37,0,0.04,462.23,530.15
0.095,0.1,0.37,0.01,0,477.24,469.7
0.095,0.1,0.37,0.01,0.01,477.33,484.51
0.095,0.1,0.37,0.01,0.02,477.98,499.86
0.095,0.1,0.37,0.01,0.03,477.74,514.65
0.095,0.1,0.37,0.01,0.04,478.23,530.45
0.095,0.1,0.37,0.02,0,491.71,470.45
0.095,0.1,0.37,0.02,0.01,491.81,485.28
0.095,0.1,0.37,0.02,0.02,493.02,499.25
0.095,0.1,0.37,0.02,0.03,492.59,514.37
0.095,0.1,0.37,0.02,0.04,491.86,529.22
0.095,0.1,0.37,0.03,0,507.47,470
0.095,0.1,0.37,0.03,0.01,508.37,485.39
0.095,0.1,0.37,0.03,0.02,507.17,500.04
0.095,0.1,0.37,0.03,0.03,507.52,515.11
0.1,0.08,0.37,0,0.04,469.91,499.11
0.1,0.08,0.37,0.01,0,484.79,439.5
0.1,0.08,0.37,0.01,0.01,485.42,454.02
0.1,0.08,0.37,0.01,0.02,485.13,469.6
0.1,0.08,0.37,0.01,0.03,485.21,484.98
0.1,0.08,0.37,0.01,0.04,485,499.77
0.1,0.08,0.37,0.02,0,500.03,440.94
0.1,0.08,0.37,0.02,0.01,499.73,454.33
0.1,0.08,0.37,0.02,0.02,499.3,470.51
0.1,0.08,0.37,0.02,0.03,499.42,484.3
0.1,0.08,0.37,0.02,0.04,500.11,499.6
0.1,0.08,0.37,0.03,0,514.78,439.82
0.1,0.08,0.37,0.03,0.01,514.82,455.09
0.1,0.08,0.37,0.03,0.02,515.25,469.53
0.1,0.08,0.37,0.03,0.03,514.12,484.4
0.1,0.08,0.37,0.03,0.04,515.04,499.66
0.1,0.085,0.37,0,0,469,447.99
0.1,0.085,0.37,0,0.01,470.59,463.09
0.1,0.085,0.37,0,0.02,469.44,477.33
0.1,0.085,0.37,0,0.03,470.04,492.7
0.1,0.085,0.37,0,0.04,470.07,507.91
0.1,0.085,0.37,0.01,0,485.5,447.3
0.1,0.085,0.37,0.01,0.01,485.32,463.03
0.1,0.085,0.37,0.01,0.02,485.08,477.38
0.1,0.085,0.37,0.01,0.03,484.32,492.81
0.1,0.085,0.37,0.01,0.04,484.89,508.24
0.1,0.085,0.37,0.02,0,499.6,447.11
0.1,0.085,0.37,0.02,0.01,499.35,462.43
0.1,0.085,0.37,0.02,0.02,499.57,477.74
0.1,0.085,0.37,0.02,0.03,499.84,491.92
0.1,0.085,0.37,0.02,0.04,498.86,507.86
0.1,0.085,0.37,0.03,0,515.04,447.17
0.1,0.085,0.37,0.03,0.01,514.8,461.58
0.1,0.085,0.37,0.03,0.02,514.45,478.73
0.1,0.085,0.37,0.03,0.03,515.72,492.87
0.1,0.085,0.37,0.03,0.04,514.73,506.77
0.1,0.09,0.37,0,0,468.5,454.87
0.1,0.09,0.37,0,0.01,469.8,469.74
0.1,0.09,0.37,0,0.02,470.14,484.56
0.1,0.09,0.37,0,0.03,469.97,498.89
0.1,0.09,0.37,0,0.04,471.11,515.21
0.1,0.09,0.37,0.01,0,485.42,455.81
0.1,0.09,0.37,0.01,0.01,485.02,468.69
0.1,0.09,0.37,0.01,0.02,485.65,484.34
0.1,0.09,0.37,0.01,0.03,485.23,499.75
0.1,0.09,0.37,0.01,0.04,485,515.2
0.1,0.09,0.37,0.02,0,498.73,454.56
0.1,0.09,0.37,0.02,0.01,500.18,469.65
0.1,0.09,0.37,0.02,0.02,500.5,484.49
0.1,0.09,0.37,0.02,0.03,499.43,500.24
0.1,0.09,0.37,0.02,0.04,499.79,515.3
0.1,0.09,0.37,0.03,0,515.23,455.34
0.1,0.09,0.37,0.03,0.01,515.54,470.4
0.1,0.09,0.37,0.03,0.02,514.99,484.97
0.1,0.09,0.37,0.03,0.03,514.92,499.44
0.1,0.09,0.37,0.03,0.04,514.89,514.84
0.1,0.095,0.37,0,0,470.25,461.97
0.1,0.095,0.37,0,0.01,469.92,477.65
0.1,0.095,0.37,0,0.02,469.47,491.32
0.1,0.095,0.37,0,0.03,470.5,507.54
0.1,0.095,0.37,0,0.04,469.63,522.16
0.1,0.095,0.37,0.01,0,485.28,462.03
0.1,0.095,0.37,0.01,0.01,484.19,477.74
0.1,0.095,0.37,0.01,0.02,485.37,492.65
0.1,0.095,0.37,0.01,0.03,484.76,508.88
0.1,0.095,0.37,0.01,0.04,484.78,522.45
0.1,0.095,0.37,0.02,0,499.68,462.41
0.1,0.095,0.37,0.02,0.01,499.79,477.26
0.1,0.095,0.37,0.02,0.02,499.17,492.97
0.1,0.095,0.37,0.02,0.03,500.33,507.73
0.1,0.095,0.37,0.02,0.04,499.61,522.23
0.1,0.095,0.37,0.03,0,514.86,462.9
0.1,0.095,0.37,0.03,0.01,514.62,477.68
0.1,0.095,0.37,0.03,0.02,515.42,492.72
0.1,0.095,0.37,0.03,0.03,514.51,506.96
0.1,0.095,0.37,0.03,0.04,515.02,522.21
0.1,0.1,0.37,0,0,469.55,470.61
0.1,0.1,0.37,0,0.01,469.91,485.85
0.1,0.1,0.37,0,0.02,469.7,498.41
0.1,0.1,0.37,0,0.03,470.05,514.07
0.1,0.1,0.37,0,0.04,470.41,529.07
0.1,0.1,0.37,0.01,0,485.03,469.2
0.1,0.1,0.37,0.01,0.01,483.81,484.29
0.1,0.1,0.37,0.01,0.02,484.75,499.83
0.1,0.1,0.37,0.01,0.03,485.33,514.94
0.1,0.1,0.37,0.01,0.04,485.11,529.94
0.1,0.1,0.37,0.02,0,500.39,469.45
0.1,0.1,0.37,0.02,0.01,500.33,484.11
0.1,0.1,0.37,0.02,0.02,500.59,499.72
0.1,0.1,0.37,0.02,0.03,499.16,514.51
0.1,0.1,0.37,0.02,0.04,500.09,528.85
0.1,0.1,0.37,0.03,0,514.47,469.65
0.1,0.1,0.37,0.03,0.01,513.95,484.91
0.1,0.1,0.37,0.03,0.02,514.95,499.23
0.1,0.1,0.37,0.03,0.03,514.65,514.56
0.08,0.08,0.38,0,0.04,437.75,495.43
0.08,0.08,0.38,0.01,0,451.11,437.02
0.08,0.08,0.38,0.01,0.01,450.69,450.46
0.08,0.08,0.38,0.01,0.02,451.25,466.16
0.08,0.08,0.38,0.01,0.03,451.41,479.91
0.08,0.08,0.38,0.01,0.04,451.21,494.77
0.08,0.08,0.38,0.02,0,465.39,435.98
0.08,0.08,0.38,0.02,0.01,466.52,451.01
0.08,0.08,0.38,0.02,0.02,466.61,466.1
0.08,0.08,0.38,0.02,0.03,465.62,481.46
0.08,0.08,0.38,0.02,0.04,465.91,494.98
0.08,0.08,0.38,0.03,0,481.11,436.44
0.08,0.08,0.38,0.03,0.01,480.42,451.22
0.08,0.08,0.38,0.03,0.02,481.11,465.9
0.08,0.08,0.38,0.03,0.03,479.81,480.11
0.08,0.08,0.38,0.03,0.04,480.74,494.68
0.08,0.085,0.38,0,0,436.34,443.41
0.08,0.085,0.38,0,0.01,436.56,459.09
0.08,0.085,0.38,0,0.02,437.31,473.63
0.08,0.085,0.38,0,0.03,437.44,488.39
0.08,0.085,0.38,0,0.04,436.44,501.99
0.08,0.085,0.38,0.01,0,450.49,443.39
0.08,0.085,0.38,0.01,0.01,450.97,458.88
0.08,0.085,0.38,0.01,0.02,450.37,473.26
0.08,0.085,0.38,0.01,0.03,450.54,486.84
0.08,0.085,0.38,0.01,0.04,450.98,502.79
0.08,0.085,0.38,0.02,0,466.41,443.13
0.08,0.085,0.38,0.02,0.01,465.71,459.14
0.08,0.085,0.38,0.02,0.02,465.23,472.8
0.08,0.085,0.38,0.02,0.03,465.94,487.23
0.08,0.085,0.38,0.02,0.04,466.16,502.4
0.08,0.085,0.38,0.03,0,479.96,443.61
0.08,0.085,0.38,0.03,0.01,480.15,458.31
0.08,0.085,0.38,0.03,0.02,480.72,473.08
0.08,0.085,0.38,0.03,0.03,480.6,487.37
0.08,0.085,0.38,0.03,0.04,480.18,502.47
0.08,0.09,0.38,0,0,436.08,451.45
0.08,0.09,0.38,0,0.01,436.75,465.93
0.08,0.09,0.38,0,0.02,436.77,480.04
0.08,0.09,0.38,0,0.03,436.5,495.02
0.08,0.09,0.38,0,0.04,437.28,510.2
0.08,0.09,0.38,0.01,0,451.27,451.78
0.08,0.09,0.38,0.01,0.01,451.63,466.18
0.08,0.09,0.38,0.01,0.02,451.22,480.29
0.08,0.09,0.38,0.01,0.03,451.4,495.49
0.08,0.09,0.38,0.01,0.04,451.36,510.14
0.08,0.09,0.38,0.02,0,466.78,452.61
0.08,0.09,0.38,0.02,0.01,465.79,465.44
0.08,0.09,0.38,0.02,0.02,466.06,479.87
0.08,0.09,0.38,0.02,0.03,466.27,494.98
0.08,0.09,0.38,0.02,0.04,465.26,510.72
0.08,0.09,0.38,0.03,0,480.13,451.75
0.08,0.09,0.38,0.03,0.01,480.66,466.01
0.08,0.09,0.38,0.03,0.02,480.4,479.93
0.08,0.09,0.38,0.03,0.03,480.46,493.99
0.08,0.09,0.38,0.03,0.04,479.59,509.84
0.08,0.095,0.38,0,0,437.31,458.68
0.08,0.095,0.38,0,0.01,436.43,472.5
0.08,0.095,0.38,0,0.02,437.28,488.18
0.08,0.095,0.38,0,0.03,437.06,502.7
0.08,0.095,0.38,0,0.04,435.68,516.73
0.08,0.095,0.38,0.01,0,451.49,459.26
0.08,0.095,0.38,0.01,0.01,451.49,472.82
0.08,0.095,0.38,0.01,0.02,450.8,487.68
0.08,0.095,0.38,0.01,0.03,451.04,501.75
0.08,0.095,0.38,0.01,0.04,451.51,517.19
0.08,0.095,0.38,0.02,0,465.26,458.49
0.08,0.095,0.38,0.02,0.01,465.55,473.91
0.08,0.095,0.38,0.02,0.02,464.53,487.61
0.08,0.095,0.38,0.02,0.03,465.3,502.14
0.08,0.095,0.38,0.02,0.04,465.92,516.89
0.08,0.095,0.38,0.03,0,480.33,458.75
0.08,0.095,0.38,0.03,0.01,479.59,473.63
0.08,0.095,0.38,0.03,0.02,480.3,487.75
0.08,0.095,0.38,0.03,0.03,480.22,502.16
0.08,0.095,0.38,0.03,0.04,480.93,516.89
0.08,0.1,0.38,0,0,437.39,466.79
0.08,0.1,0.38,0,0.01,435.52,480.97
0.08,0.1,0.38,0,0.02,436.27,494.91
0.08,0.1,0.38,0,0.03,437.11,509.39
0.08,0.1,0.38,0,0.04,436.75,524.14
0.08,0.1,0.38,0.01,0,451.02,465.51
0.08,0.1,0.38,0.01,0.01,450.57,481.09
0.08,0.1,0.38,0.01,0.02,451.34,495.27
0.08,0.1,0.38,0.01,0.03,451.59,508.37
0.08,0.1,0.38,0.01,0.04,451.13,523.9
0.08,0.1,0.38,0.02,0,466.11,466.89
0.08,0.1,0.38,0.02,0.01,466.26,480.64
0.08,0.1,0.38,0.02,0.02,465.89,495.22
0.08,0.1,0.38,0.02,0.03,465.81,509.83
0.08,0.1,0.38,0.02,0.04,466.31,525.29
0.08,0.1,0.38,0.03,0,479.78,465.74
0.08,0.1,0.38,0.03,0.01,479.8,480.61
0.08,0.1,0.38,0.03,0.02,480.83,495.18
0.08,0.1,0.38,0.03,0.03,480.74,510.18
0.085,0.08,0.38,0,0.04,443.82,495.79
0.085,0.08,0.38,0.01,0,458.27,436.96
0.085,0.08,0.38,0.01,0.01,459.28,450.9
0.085,0.08,0.38,0.01,0.02,458.02,464.77
0.085,0.08,0.38,0.01,0.03,458.21,480.67
0.085,0.08,0.38,0.01,0.04,458.59,494.79
0.085,0.08,0.38,0.02,0,473.42,437.1
0.085,0.08,0.38,0.02,0.01,473.49,451.83
0.085,0.08,0.38,0.02,0.02,473.02,465.29
0.085,0.08,0.38,0.02,0.03,473.03,480.63
0.085,0.08,0.38,0.02,0.04,474.33,494.98
0.085,0.08,0.38,0.03,0,487.75,437.02
0.085,0.08,0.38,0.03,0.01,487.71,451.58
0.085,0.08,0.38,0.03,0.02,487.85,466.09
0.085,0.08,0.38,0.03,0.03,487.68,480.1
0.085,0.08,0.38,0.03,0.04,487.6,495.36
0.085,0.085,0.38,0,0,444.51,443.35
0.085,0.085,0.38,0,0.01,442.98,458.69
0.085,0.085,0.38,0,0.02,443.73,473.27
0.085,0.085,0.38,0,0.03,443.49,487.37
0.085,0.085,0.38,0,0.04,443.39,501.91
0.085,0.085,0.38,0.01,0,458.59,444.11
0.085,0.085,0.38,0.01,0.01,458.69,459.11
0.085,0.085,0.38,0.01,0.02,458.87,472.78
0.085,0.085,0.38,0.01,0.03,458.12,488.2
0.085,0.085,0.38,0.01,0.04,457.54,502.67
0.085,0.085,0.38,0.02,0,472.63,444.06
0.085,0.085,0.38,0.02,0.01,472.63,459.38
0.085,0.085,0.38,0.02,0.02,473.26,472.76
0.085,0.085,0.38,0.02,0.03,473.17,487.95
0.085,0.085,0.38,0.02,0.04,473.79,502.52
0.085,0.085,0.38,0.03,0,487.43,443.65
0.085,0.085,0.38,0.03,0.01,487.15,459.39
0.085,0.085,0.38,0.03,0.02,488.22,472.81
0.085,0.085,0.38,0.03,0.03,489.04,488.14
0.085,0.085,0.38,0.03,0.04,488.09,502.1
0.085,0.09,0.38,0,0,444.15,451.07
0.085,0.09,0.38,0,0.01,444.43,465.39
0.085,0.09,0.38,0,0.02,443.52,480.41
0.085,0.09,0.38,0,0.03,443.98,494.9
0.085,0.09,0.38,0,0.04,444.97,510.34
0.085,0.09,0.38,0.01,0,458.42,451.12
0.085,0.09,0.38,0.01,0.01,459.3,465.36
0.085,0.09,0.38,0.01,0.02,457.93,479.38
0.085,0.09,0.38,0.01,0.03,458.41,494.97
0.085,0.09,0.38,0.01,0.04,458.56,510.12
0.085,0.09,0.38,0.02,0,472.82,451.57
0.085,0.09,0.38,0.02,0.01,474.49,465.58
0.085,0.09,0.38,0.02,0.02,472.9,480.89
0.085,0.09,0.38,0.02,0.03,474.24,495.4
0.085,0.09,0.38,0.02,0.04,472.5,509.21
0.085,0.09,0.38,0.03,0,487.65,450.79
0.085,0.09,0.38,0.03,0.01,486.81,465.33
0.085,0.09,0.38,0.03,0.02,487.18,480.27
0.085,0.09,0.38,0.03,0.03,487.72,494.82
0.085,0.09,0.38,0.03,0.04,488.08,510.02
0.085,0.095,0.38,0,0,444.58,458.79
0.085,0.095,0.38,0,0.01,443.87,472.72
0.085,0.095,0.38,0,0.02,443.13,487.97
0.085,0.095,0.38,0,0.03,443.71,503.17
0.085,0.095,0.38,0,0.04,443.96,516.96
0.085,0.095,0.38,0.01,0,457.65,457.99
0.085,0.095,0.38,0.01,0.01,459.45,473.72
0.085,0.095,0.38,0.01,0.02,458.56,486.82
0.085,0.095,0.38,0.01,0.03,459.37,501.7
0.085,0.095,0.38,0.01,0.04,458.35,516.79
0.085,0.095,0.38,0.02,0,473.32,457.55
0.085,0.095,0.38,0.02,0.01,473.07,473.09
0.085,0.095,0.38,0.02,0.02,473.01,488.96
0.085,0.095,0.38,0.02,0.03,472.62,502.03
0.085,0.095,0.38,0.02,0.04,473.11,516.59
0.085,0.095,0.38,0.03,0,487.87,457.61
0.085,0.095,0.38,0.03,0.01,487.19,472.08
0.085,0.095,0.38,0.03,0.02,486.95,487.5
0.085,0.095,0.38,0.03,0.03,487.92,503.13
0.085,0.095,0.38,0.03,0.04,487.42,517.1
0.085,0.1,0.38,0,0,444.61,465.96
0.085,0.1,0.38,0,0.01,443.64,480.77
0.085,0.1,0.38,0,0.02,443.53,494.2
0.085,0.1,0.38,0,0.03,444.51,509.96
0.085,0.1,0.38,0,0.04,443.92,524.02
0.085,0.1,0.38,0.01,0,459.81,465.52
0.085,0.1,0.38,0.01,0.01,458.07,480.82
0.085,0.1,0.38,0.01,0.02,457.71,495.35
0.085,0.1,0.38,0.01,0.03,458.08,509.43
0.085,0.1,0.38,0.01,0.04,458.16,523.92
0.085,0.1,0.38,0.02,0,473.29,466.54
0.085,0.1,0.38,0.02,0.01,472.58,479.71
0.085,0.1,0.38,0.02,0.02,472.71,494.62
0.085,0.1,0.38,0.02,0.03,472.62,509.66
0.085,0.1,0.38,0.02,0.04,473.52,523.7
0.085,0.1,0.38,0.03,0,488.09,465.77
0.085,0.1,0.38,0.03,0.01,488.37,479.77
0.085,0.1,0.38,0.03,0.02,487.61,494.38
0.085,0.1,0.38,0.03,0.03,488.21,509.15
0.09,0.08,0.38,0,0.04,451.04,495.09
0.09,0.08,0.38,0.01,0,465.57,437.15
0.09,0.08,0.38,0.01,0.01,465.52,451.84
0.09,0.08,0.38,0.01,0.02,465.13,465.84
0.09,0.08,0.38,0.01,0.03,466.35,480.27
0.09,0.08,0.38,0.01,0.04,465.41,494.82
0.09,0.08,0.38,0.02,0,480.29,436.38
0.09,0.08,0.38,0.02,0.01,479.95,451.81
0.09,0.08,0.38,0.02,0.02,480.51,465.96
0.09,0.08,0.38,0.02,0.03,481.04,480.89
0.09,0.08,0.38,0.02,0.04,479.68,494.18
0.09,0.08,0.38,0.03,0,494.53,436.51
0.09,0.08,0.38,0.03,0.01,495.21,450.67
0.09,0.08,0.38,0.03,0.02,495.3,465.26
0.09,0.08,0.38,0.03,0.03,494.26,480.59
0.09,0.08,0.38,0.03,0.04,495.38,494.89
0.09,0.085,0.38,0,0,450.87,444.05
0.09,0.085,0.38,0,0.01,451.49,458.53
0.09,0.085,0.38,0,0.02,450.18,472.85
0.09,0.085,0.38,0,0.03,451.6,487.3
0.09,0.085,0.38,0,0.04,451.6,502.45
0.09,0.085,0.38,0.01,0,466.04,444.79
0.09,0.085,0.38,0.01,0.01,464.94,459.06
0.09,0.085,0.38,0.01,0.02,465.57,474.01
0.09,0.085,0.38,0.01,0.03,465.91,488.16
0.09,0.085,0.38,0.01,0.04,465.09,503.18
0.09,0.085,0.38,0.02,0,480.33,444.67
0.09,0.085,0.38,0.02,0.01,481.5,458.32
0.09,0.085,0.38,0.02,0.02,480.64,473.51
0.09,0.085,0.38,0.02,0.03,480.11,488.24
0.09,0.085,0.38,0.02,0.04,481.12,502.8
0.09,0.085,0.38,0.03,0,495.76,442.96
0.09,0.085,0.38,0.03,0.01,495.7,458.99
0.09,0.085,0.38,0.03,0.02,495.31,473.02
0.09,0.085,0.38,0.03,0.03,495.6,488.27
0.09,0.085,0.38,0.03,0.04,494.76,502.14
0.09,0.09,0.38,0,0,451.29,451.56
0.09,0.09,0.38,0,0.01,451.18,466.24
0.09,0.09,0.38,0,0.02,451.7,480.59
0.09,0.09,0.38,0,0.03,451.58,494.39
0.09,0.09,0.38,0,0.04,450.83,510.15
0.09,0.09,0.38,0.01,0,465.6,450.99
0.09,0.09,0.38,0.01,0.01,465.1,465.44
0.09,0.09,0.38,0.01,0.02,465.28,480.42
0.09,0.09,0.38,0.01,0.03,466.04,495.36
0.09,0.09,0.38,0.01,0.04,465.82,510.06
0.09,0.09,0.38,0.02,0,479.95,451.15
0.09,0.09,0.38,0.02,0.01,480.22,465.22
0.09,0.09,0.38,0.02,0.02,480.27,479.69
0.09,0.09,0.38,0.02,0.03,480.28,495.27
0.09,0.09,0.38,0.02,0.04,481.38,509.89
0.09,0.09,0.38,0.03,0,494.81,451.57
0.09,0.09,0.38,0.03,0.01,495.36,465.63
0.09,0.09,0.38,0.03,0.02,495.09,480.89
0.09,0.09,0.38,0.03,0.03,495.19,495.07
0.09,0.09,0.38,0.03,0.04,494.82,509.49
0.09,0.095,0.38,0,0,451.65,458.63
0.09,0.095,0.38,0,0.01,450.69,473
0.09,0.095,0.38,0,0.02,451.75,488.54
0.09,0.095,0.38,0,0.03,450.55,502.28
0.09,0.095,0.38,0,0.04,451.17,517.29
0.09,0.095,0.38,0.01,0,466.18,459.08
0.09,0.095,0.38,0.01,0.01,465.31,473.29
0.09,0.095,0.38,0.01,0.02,465.38,488.74
0.09,0.095,0.38,0.01,0.03,465.87,502.87
0.09,0.095,0.38,0.01,0.04,465.57,517.11
0.09,0.095,0.38,0.02,0,480.42,458.62
0.09,0.095,0.38,0.02,0.01,480.25,472.79
0.09,0.095,0.38,0.02,0.02,480.11,488.21
0.09,0.095,0.38,0.02,0.03,480.43,501.84
0.09,0.095,0.38,0.02,0.04,480.5,516.05
0.09,0.095,0.38,0.03,0,495.66,457.75
0.09,0.095,0.38,0.03,0.01,495.76,473.22
0.09,0.095,0.38,0.03,0.02,495.13,487.95
0.09,0.095,0.38,0.03,0.03,495.32,502.03
0.09,0.095,0.38,0.03,0.04,494.37,517.05
0.09,0.1,0.38,0,0,451.2,465.89
0.09,0.1,0.38,0,0.01,450.4,479.59
0.09,0.1,0.38,0,0.02,450.71,494.55
0.09,0.1,0.38,0,0.03,451.77,509.44
0.09,0.1,0.38,0,0.04,451.52,523.21
0.09,0.1,0.38,0.01,0,465.23,466.02
0.09,0.1,0.38,0.01,0.01,466.03,482.1
0.09,0.1,0.38,0.01,0.02,465.27,495.33
0.09,0.1,0.38,0.01,0.03,465.34,509.11
0.09,0.1,0.38,0.01,0.04,465.84,524.51
0.09,0.1,0.38,0.02,0,481.08,466.06
0.09,0.1,0.38,0.02,0.01,481.36,480.91
0.09,0.1,0.38,0.02,0.02,480.41,495.28
0.09,0.1,0.38,0.02,0.03,480.79,508.56
0.09,0.1,0.38,0.02,0.04,481.16,523.97
0.09,0.1,0.38,0.03,0,495.16,466.12
0.09,0.1,0.38,0.03,0.01,494.49,480.68
0.09,0.1,0.38,0.03,0.02,494.8,494.54
0.09,0.1,0.38,0.03,0.03,494.21,508.71
0.095,0.08,0.38,0,0.04,458.05,495.47
0.095,0.08,0.38,0.01,0,472.39,437.42
0.095,0.08,0.38,0.01,0.01,473.27,450.78
0.095,0.08,0.38,0.01,0.02,473.12,465.64
0.095,0.08,0.38,0.01,0.03,472.05,479.85
0.095,0.08,0.38,0.01,0.04,474.18,494.94
0.095,0.08,0.38,0.02,0,487.22,435.96
0.095,0.08,0.38,0.02,0.01,487.63,451.09
0.095,0.08,0.38,0.02,0.02,489.05,465.52
0.095,0.08,0.38,0.02,0.03,487.61,480.91
0.095,0.08,0.38,0.02,0.04,487.6,495.2
0.095,0.08,0.38,0.03,0,501.04,436.71
0.095,0.08,0.38,0.03,0.01,502.52,451.35
0.095,0.08,0.38,0.03,0.02,502.35,465.58
0.095,0.08,0.38,0.03,0.03,501.91,481.27
0.095,0.08,0.38,0.03,0.04,502.78,494.58
0.095,0.085,0.38,0,0,458.54,443.72
0.095,0.085,0.38,0,0.01,459.08,458.64
0.095,0.085,0.38,0,0.02,458.52,473.27
0.095,0.085,0.38,0,0.03,457.91,487.09
0.095,0.085,0.38,0,0.04,458.74,501.78
0.095,0.085,0.38,0.01,0,473.51,444.12
0.095,0.085,0.38,0.01,0.01,472.43,457.78
0.095,0.085,0.38,0.01,0.02,472.83,474.55
0.095,0.085,0.38,0.01,0.03,473.73,487.51
0.095,0.085,0.38,0.01,0.04,473.36,502.39
0.095,0.085,0.38,0.02,0,486.48,443.7
0.095,0.085,0.38,0.02,0.01,487.86,458.08
0.095,0.085,0.38,0.02,0.02,487.82,473.04
0.095,0.085,0.38,0.02,0.03,487.78,487.19
0.095,0.085,0.38,0.02,0.04,488.06,503.51
0.095,0.085,0.38,0.03,0,501.88,444.5
0.095,0.085,0.38,0.03,0.01,503.08,458.63
0.095,0.085,0.38,0.03,0.02,502.15,473.15
0.095,0.085,0.38,0.03,0.03,502.61,488.18
0.095,0.085,0.38,0.03,0.04,502.82,500.95
0.095,0.09,0.38,0,0,459.21,450.65
0.095,0.09,0.38,0,0.01,458.72,465.83
0.095,0.09,0.38,0,0.02,457.75,480.61
0.095,0.09,0.38,0,0.03,458.44,494.25
0.095,0.09,0.38,0,0.04,457.8,508.98
0.095,0.09,0.38,0.01,0,473.08,450.41
0.095,0.09,0.38,0.01,0.01,472.64,466.1
0.095,0.09,0.38,0.01,0.02,474.08,480.59
0.095,0.09,0.38,0.01,0.03,472.8,495.47
0.095,0.09,0.38,0.01,0.04,472.73,509.69
0.095,0.09,0.38,0.02,0,486.98,450.98
0.095,0.09,0.38,0.02,0.01,488.65,465.45
0.095,0.09,0.38,0.02,0.02,487.18,480.6
0.095,0.09,0.38,0.02,0.03,487.7,495.34
0.095,0.09,0.38,0.02,0.04,487.45,510.06
0.095,0.09,0.38,0.03,0,502.6,451.28
0.095,0.09,0.38,0.03,0.01,502.94,465.41
0.095,0.09,0.38,0.03,0.02,502.05,481.11
0.095,0.09,0.38,0.03,0.03,502.1,494.48
0.095,0.09,0.38,0.03,0.04,502.3,510.06
0.095,0.095,0.38,0,0,459.02,459.02
0.095,0.095,0.38,0,0.01,458.15,473.96
0.095,0.095,0.38,0,0.02,458.9,486.96
0.095,0.095,0.38,0,0.03,459.15,502.29
0.095,0.095,0.38,0,0.04,458.22,517.29
0.095,0.095,0.38,0.01,0,473.57,458.88
0.095,0.095,0.38,0.01,0.01,472.91,473.3
0.095,0.095,0.38,0.01,0.02,473.41,488.46
0.095,0.095,0.38,0.01,0.03,473.05,502.87
0.095,0.095,0.38,0.01,0.04,473.17,517.04
0.095,0.095,0.38,0.02,0,486.69,458.19
0.095,0.095,0.38,0.02,0.01,487.06,472.43
0.095,0.095,0.38,0.02,0.02,487.81,488.99
0.095,0.095,0.38,0.02,0.03,488.11,501.97
0.095,0.095,0.38,0.02,0.04,487.54,516.73
0.095,0.095,0.38,0.03,0,502.45,459.16
0.095,0.095,0.38,0.03,0.01,501.84,473.02
0.095,0.095,0.38,0.03,0.02,503.13,487.13
0.095,0.095,0.38,0.03,0.03,502.27,501.8
0.095,0.095,0.38,0.03,0.04,502.61,516.76
0.095,0.1,0.38,0,0,458.59,465.95
0.095,0.1,0.38,0,0.01,459.78,480.16
0.095,0.1,0.38,0,0.02,458.63,494.63
0.095,0.1,0.38,0,0.03,457.72,509.15
0.095,0.1,0.38,0,0.04,457.95,524.11
0.095,0.1,0.38,0.01,0,475.17,466.13
0.095,0.1,0.38,0.01,0.01,472.55,479.94
0.095,0.1,0.38,0.01,0.02,473.07,494.6
0.095,0.1,0.38,0.01,0.03,473.93,509.89
0.095,0.1,0.38,0.01,0.04,472.6,524.89
0.095,0.1,0.38,0.02,0,488.68,465.68
0.095,0.1,0.38,0.02,0.01,487.88,480.92
0.095,0.1,0.38,0.02,0.02,487.37,495.36
0.095,0.1,0.38,0.02,0.03,487.8,509.68
0.095,0.1,0.38,0.02,0.04,488.42,524.89
0.095,0.1,0.38,0.03,0,502.55,465.99
0.095,0.1,0.38,0.03,0.01,503.05,480.65
0.095,0.1,0.38,0.03,0.02,501.24,495.14
0.095,0.1,0.38,0.03,0.03,503.51,509.31
0.1,0.08,0.38,0,0.04,465.84,494.93
0.1,0.08,0.38,0.01,0,480.07,436.55
0.1,0.08,0.38,0.01,0.01,479.93,450.81
0.1,0.08,0.38,0.01,0.02,480.34,465.59
0.1,0.08,0.38,0.01,0.03,480.78,480.24
0.1,0.08,0.38,0.01,0.04,480.69,494.8
0.1,0.08,0.38,0.02,0,494.87,436.75
0.1,0.08,0.38,0.02,0.01,495.68,451.13
0.1,0.08,0.38,0.02,0.02,495.54,466.33
0.1,0.08,0.38,0.02,0.03,495,480.31
0.1,0.08,0.38,0.02,0.04,494.46,495.23
0.1,0.08,0.38,0.03,0,509.2,436.85
0.1,0.08,0.38,0.03,0.01,508.52,450.82
0.1,0.08,0.38,0.03,0.02,509.13,465.88
0.1,0.08,0.38,0.03,0.03,509.46,479.3
0.1,0.08,0.38,0.03,0.04,509.03,495.08
0.1,0.085,0.38,0,0,465.74,443.02
0.1,0.085,0.38,0,0.01,466.7,457.68
0.1,0.085,0.38,0,0.02,466.36,473.81
0.1,0.085,0.38,0,0.03,465.88,487.41
0.1,0.085,0.38,0,0.04,465.58,502.35
0.1,0.085,0.38,0.01,0,481.56,444.84
0.1,0.085,0.38,0.01,0.01,479.91,458.12
0.1,0.085,0.38,0.01,0.02,480.3,473.51
0.1,0.085,0.38,0.01,0.03,479.65,488.64
0.1,0.085,0.38,0.01,0.04,480.49,501.53
0.1,0.085,0.38,0.02,0,494.05,445.06
0.1,0.085,0.38,0.02,0.01,494.16,458.55
0.1,0.085,0.38,0.02,0.02,495.41,472.77
0.1,0.085,0.38,0.02,0.03,494.86,488
0.1,0.085,0.38,0.02,0.04,495.16,503.32
0.1,0.085,0.38,0.03,0,508.89,443.66
0.1,0.085,0.38,0.03,0.01,509.72,457.76
0.1,0.085,0.38,0.03,0.02,509.15,473.05
0.1,0.085,0.38,0.03,0.03,509.32,487.56
0.1,0.085,0.38,0.03,0.04,509.35,502.89
0.1,0.09,0.38,0,0,465.32,450.71
0.1,0.09,0.38,0,0.01,465.75,465.21
0.1,0.09,0.38,0,0.02,466.23,480.52
0.1,0.09,0.38,0,0.03,465.31,494.51
0.1,0.09,0.38,0,0.04,465.91,509.54
0.1,0.09,0.38,0.01,0,481.62,450.14
0.1,0.09,0.38,0.01,0.01,480.48,466.51
0.1,0.09,0.38,0.01,0.02,480.44,480.86
0.1,0.09,0.38,0.01,0.03,480.46,494.21
0.1,0.09,0.38,0.01,0.04,481.27,509.5
0.1,0.09,0.38,0.02,0,495.29,452.23
0.1,0.09,0.38,0.02,0.01,495.67,465.76
0.1,0.09,0.38,0.02,0.02,494.74,479.02
0.1,0.09,0.38,0.02,0.03,495.27,494.99
0.1,0.09,0.38,0.02,0.04,495.32,509.7
0.1,0.09,0.38,0.03,0,509.67,451.03
0.1,0.09,0.38,0.03,0.01,509.86,466.5
0.1,0.09,0.38,0.03,0.02,509.4,480.55
0.1,0.09,0.38,0.03,0.03,509.49,494.48
0.1,0.09,0.38,0.03,0.04,509.3,509.4
0.1,0.095,0.38,0,0,466,457.98
0.1,0.095,0.38,0,0.01,465.74,472.78
0.1,0.095,0.38,0,0.02,465.53,487.18
0.1,0.095,0.38,0,0.03,465.56,501.87
0.1,0.095,0.38,0,0.04,466.01,516.8
0.1,0.095,0.38,0.01,0,480.41,458.96
0.1,0.095,0.38,0.01,0.01,479.45,474.02
0.1,0.095,0.38,0.01,0.02,481.46,489.28
0.1,0.095,0.38,0.01,0.03,480.3,503.01
0.1,0.095,0.38,0.01,0.04,480.18,517.56
0.1,0.095,0.38,0.02,0,495.38,458.18
0.1,0.095,0.38,0.02,0.01,494.05,472.75
0.1,0.095,0.38,0.02,0.02,494.77,487.7
0.1,0.095,0.38,0.02,0.03,495.89,502.33
0.1,0.095,0.38,0.02,0.04,496.7,516.52
0.1,0.095,0.38,0.03,0,509.32,458.9
0.1,0.095,0.38,0.03,0.01,510.39,472.55
0.1,0.095,0.38,0.03,0.02,510.42,487.82
0.1,0.095,0.38,0.03,0.03,509.55,502.44
0.1,0.095,0.38,0.03,0.04,510.37,517.43
0.1,0.1,0.38,0,0,465.73,465.87
0.1,0.1,0.38,0,0.01,465.95,480.43
0.1,0.1,0.38,0,0.02,465.5,495.48
0.1,0.1,0.38,0,0.03,465.61,509.67
0.1,0.1,0.38,0,0.04,465.88,524.45
0.1,0.1,0.38,0.01,0,480.31,465.19
0.1,0.1,0.38,0.01,0.01,480.44,480.7
0.1,0.1,0.38,0.01,0.02,480.56,495.68
0.1,0.1,0.38,0.01,0.03,480.56,510.17
0.1,0.1,0.38,0.01,0.04,479.87,524.51
0.1,0.1,0.38,0.02,0,494.6,466.56
0.1,0.1,0.38,0.02,0.01,494.3,480.32
0.1,0.1,0.38,0.02,0.02,496.08,495.1
0.1,0.1,0.38,0.02,0.03,494.58,509.92
0.1,0.1,0.38,0.02,0.04,495.21,523.4
0.1,0.1,0.38,0.03,0,509.35,466.99
0.1,0.1,0.38,0.03,0.01,509.61,479.73
0.1,0.1,0.38,0.03,0.02,509.9,495.72
0.1,0.1,0.38,0.03,0.03,510.11,509.89
0.08,0.08,0.39,0,0.04,433.89,490.93
0.08,0.08,0.39,0.01,0,446.99,433.66
0.08,0.08,0.39,0.01,0.01,447.44,447.42
0.08,0.08,0.39,0.01,0.02,447.49,461.72
0.08,0.08,0.39,0.01,0.03,448.81,476.77
0.08,0.08,0.39,0.01,0.04,448.59,490
0.08,0.08,0.39,0.02,0,462.64,433.68
0.08,0.08,0.39,0.02,0.01,462.33,446.99
0.08,0.08,0.39,0.02,0.02,461.96,463.05
0.08,0.08,0.39,0.02,0.03,462.02,476.62
0.08,0.08,0.39,0.02,0.04,461.91,491.2
0.08,0.08,0.39,0.03,0,476.35,433.71
0.08,0.08,0.39,0.03,0.01,476.85,448.22
0.08,0.08,0.39,0.03,0.02,476.47,461.56
0.08,0.08,0.39,0.03,0.03,476.74,477.18
0.08,0.08,0.39,0.03,0.04,476.04,490.89
0.08,0.085,0.39,0,0,433.67,440.21
0.08,0.085,0.39,0,0.01,434.12,455.05
0.08,0.085,0.39,0,0.02,434.06,468.76
0.08,0.085,0.39,0,0.03,433.27,483.92
0.08,0.085,0.39,0,0.04,434.27,497.96
0.08,0.085,0.39,0.01,0,448.26,440.94
0.08,0.085,0.39,0.01,0.01,448.05,456.14
0.08,0.085,0.39,0.01,0.02,448.36,468.67
0.08,0.085,0.39,0.01,0.03,447.55,483.66
0.08,0.085,0.39,0.01,0.04,447.57,498.04
0.08,0.085,0.39,0.02,0,461.31,442.14
0.08,0.085,0.39,0.02,0.01,462.4,455.85
0.08,0.085,0.39,0.02,0.02,461.7,470.13
0.08,0.085,0.39,0.02,0.03,461.86,483.43
0.08,0.085,0.39,0.02,0.04,461.36,497.77
0.08,0.085,0.39,0.03,0,476.04,441.36
0.08,0.085,0.39,0.03,0.01,475.23,454.8
0.08,0.085,0.39,0.03,0.02,476.87,469.46
0.08,0.085,0.39,0.03,0.03,477.52,482.94
0.08,0.085,0.39,0.03,0.04,476.24,497.8
0.08,0.09,0.39,0,0,434.49,447.79
0.08,0.09,0.39,0,0.01,433.13,462.08
0.08,0.09,0.39,0,0.02,433.63,476.73
0.08,0.09,0.39,0,0.03,434.47,491.01
0.08,0.09,0.39,0,0.04,434.15,504.37
0.08,0.09,0.39,0.01,0,447.55,448.48
0.08,0.09,0.39,0.01,0.01,447.19,461.89
0.08,0.09,0.39,0.01,0.02,447.67,475.98
0.08,0.09,0.39,0.01,0.03,447.49,491.3
0.08,0.09,0.39,0.01,0.04,448.34,504.3
0.08,0.09,0.39,0.02,0,462.61,447.52
0.08,0.09,0.39,0.02,0.01,462.24,461.98
0.08,0.09,0.39,0.02,0.02,462.07,476.03
0.08,0.09,0.39,0.02,0.03,461.88,490.77
0.08,0.09,0.39,0.02,0.04,463.22,504.59
0.08,0.09,0.39,0.03,0,476.33,447.98
0.08,0.09,0.39,0.03,0.01,476.09,461.53
0.08,0.09,0.39,0.03,0.02,477.52,476.41
0.08,0.09,0.39,0.03,0.03,476.51,490.43
0.08,0.09,0.39,0.03,0.04,477.45,505.24
0.08,0.095,0.39,0,0,433.52,454.76
0.08,0.095,0.39,0,0.01,433.8,469.71
0.08,0.095,0.39,0,0.02,433.76,483.36
0.08,0.095,0.39,0,0.03,432.95,497.69
0.08,0.095,0.39,0,0.04,433.68,511.82
0.08,0.095,0.39,0.01,0,448.32,455.45
0.08,0.095,0.39,0.01,0.01,447.84,468.91
0.08,0.095,0.39,0.01,0.02,448.33,484.49
0.08,0.095,0.39,0.01,0.03,447.57,497.24
0.08,0.095,0.39,0.01,0.04,447.17,512.09
0.08,0.095,0.39,0.02,0,461.89,455.58
0.08,0.095,0.39,0.02,0.01,461.72,469.82
0.08,0.095,0.39,0.02,0.02,461.69,482.97
0.08,0.095,0.39,0.02,0.03,461.16,497.2
0.08,0.095,0.39,0.02,0.04,461.92,511.78
0.08,0.095,0.39,0.03,0,475.69,455.53
0.08,0.095,0.39,0.03,0.01,476.44,468.93
0.08,0.095,0.39,0.03,0.02,476.15,483.2
0.08,0.095,0.39,0.03,0.03,476.75,498.36
0.08,0.095,0.39,0.03,0.04,476.02,512.35
0.08,0.1,0.39,0,0,433.36,461.5
0.08,0.1,0.39,0,0.01,433.99,476.39
0.08,0.1,0.39,0,0.02,433.95,490.54
0.08,0.1,0.39,0,0.03,433.68,504.55
0.08,0.1,0.39,0,0.04,433.77,518.71
0.08,0.1,0.39,0.01,0,447.75,461.35
0.08,0.1,0.39,0.01,0.01,447.81,476.3
0.08,0.1,0.39,0.01,0.02,447.49,491.36
0.08,0.1,0.39,0.01,0.03,448.17,504.18
0.08,0.1,0.39,0.01,0.04,448.15,518.81
0.08,0.1,0.39,0.02,0,462,462.05
0.08,0.1,0.39,0.02,0.01,461.61,476.16
0.08,0.1,0.39,0.02,0.02,462.56,490.68
0.08,0.1,0.39,0.02,0.03,461.48,504.84
0.08,0.1,0.39,0.02,0.04,461.9,519.57
0.08,0.1,0.39,0.03,0,475.87,462.3
0.08,0.1,0.39,0.03,0.01,476.47,475.69
0.08,0.1,0.39,0.03,0.02,475.2,490.49
0.08,0.1,0.39,0.03,0.03,476.7,504.92
0.085,0.08,0.39,0,0.04,441.1,491
0.085,0.08,0.39,0.01,0,454.12,433.16
0.085,0.08,0.39,0.01,0.01,454.18,447.88
0.085,0.08,0.39,0.01,0.02,454.57,462
0.085,0.08,0.39,0.01,0.03,454.55,477.22
0.085,0.08,0.39,0.01,0.04,455.49,490.83
0.085,0.08,0.39,0.02,0,469.19,434.41
0.085,0.08,0.39,0.02,0.01,469.39,448.21
0.085,0.08,0.39,0.02,0.02,468.88,462.27
0.085,0.08,0.39,0.02,0.03,469.23,475.75
0.085,0.08,0.39,0.02,0.04,469.14,489.67
0.085,0.08,0.39,0.03,0,483.8,433.56
0.085,0.08,0.39,0.03,0.01,483.2,447.77
0.085,0.08,0.39,0.03,0.02,482.82,461.87
0.085,0.08,0.39,0.03,0.03,484.04,475.74
0.085,0.08,0.39,0.03,0.04,483.87,490.84
0.085,0.085,0.39,0,0,441.29,440.67
0.085,0.085,0.39,0,0.01,440.22,454.72
0.085,0.085,0.39,0,0.02,440.97,469.33
0.085,0.085,0.39,0,0.03,440.37,483.74
0.085,0.085,0.39,0,0.04,441.44,497.62
0.085,0.085,0.39,0.01,0,454.52,440.63
0.085,0.085,0.39,0.01,0.01,454.72,455.28
0.085,0.085,0.39,0.01,0.02,455.45,469.03
0.085,0.085,0.39,0.01,0.03,455.45,483.47
0.085,0.085,0.39,0.01,0.04,455.38,497.98
0.085,0.085,0.39,0.02,0,469.04,440.73
0.085,0.085,0.39,0.02,0.01,468.63,455.61
0.085,0.085,0.39,0.02,0.02,469.95,468.36
0.085,0.085,0.39,0.02,0.03,468.86,484.23
0.085,0.085,0.39,0.02,0.04,469.77,497.43
0.085,0.085,0.39,0.03,0,483.62,441.65
0.085,0.085,0.39,0.03,0.01,483.51,455.12
0.085,0.085,0.39,0.03,0.02,483.46,469.58
0.085,0.085,0.39,0.03,0.03,483.72,483.31
0.085,0.085,0.39,0.03,0.04,483.48,498.39
0.085,0.09,0.39,0,0,440.63,448.38
0.085,0.09,0.39,0,0.01,440.97,461.03
0.085,0.09,0.39,0,0.02,440.56,476.14
0.085,0.09,0.39,0,0.03,440.42,490.55
0.085,0.09,0.39,0,0.04,441.94,504.82
0.085,0.09,0.39,0.01,0,455.12,448.75
0.085,0.09,0.39,0.01,0.01,454.85,462.3
0.085,0.09,0.39,0.01,0.02,454.91,476.59
0.085,0.09,0.39,0.01,0.03,455.5,489.79
0.085,0.09,0.39,0.01,0.04,455.45,504.41
0.085,0.09,0.39,0.02,0,469.44,448.68
0.085,0.09,0.39,0.02,0.01,469.9,461.28
0.085,0.09,0.39,0.02,0.02,469.9,475.7
0.085,0.09,0.39,0.02,0.03,468.61,491.24
0.085,0.09,0.39,0.02,0.04,468.69,504.54
0.085,0.09,0.39,0.03,0,483.19,447.81
0.085,0.09,0.39,0.03,0.01,483.21,461.65
0.085,0.09,0.39,0.03,0.02,484.49,475.79
0.085,0.09,0.39,0.03,0.03,484.09,490.52
0.085,0.09,0.39,0.03,0.04,482.89,504.59
0.085,0.095,0.39,0,0,440.79,455.25
0.085,0.095,0.39,0,0.01,440.65,469.58
0.085,0.095,0.39,0,0.02,441,483.11
0.085,0.095,0.39,0,0.03,440.14,497.42
0.085,0.095,0.39,0,0.04,441.52,511.8
0.085,0.095,0.39,0.01,0,454.59,455.27
0.085,0.095,0.39,0.01,0.01,455.11,469.62
0.085,0.095,0.39,0.01,0.02,454.5,484.27
0.085,0.095,0.39,0.01,0.03,454.51,498.14
0.085,0.095,0.39,0.01,0.04,454.93,512.25
0.085,0.095,0.39,0.02,0,469.84,455
0.085,0.095,0.39,0.02,0.01,468.96,469.11
0.085,0.095,0.39,0.02,0.02,469.47,483.15
0.085,0.095,0.39,0.02,0.03,470.11,497.39
0.085,0.095,0.39,0.02,0.04,470,512.03
0.085,0.095,0.39,0.03,0,482.8,454.8
0.085,0.095,0.39,0.03,0.01,483.51,469.51
0.085,0.095,0.39,0.03,0.02,483.17,483.82
0.085,0.095,0.39,0.03,0.03,483.49,497.14
0.085,0.095,0.39,0.03,0.04,483.02,512.2
0.085,0.1,0.39,0,0,439.86,461
0.085,0.1,0.39,0,0.01,440.75,477.15
0.085,0.1,0.39,0,0.02,441.57,490.34
0.085,0.1,0.39,0,0.03,440.21,505.44
0.085,0.1,0.39,0,0.04,440.75,519.5
0.085,0.1,0.39,0.01,0,454.98,462.85
0.085,0.1,0.39,0.01,0.01,455.19,477.1
0.085,0.1,0.39,0.01,0.02,454.97,491.77
0.085,0.1,0.39,0.01,0.03,454.79,505.51
0.085,0.1,0.39,0.01,0.04,456.47,519.36
0.085,0.1,0.39,0.02,0,468.48,462.54
0.085,0.1,0.39,0.02,0.01,469.49,475.19
0.085,0.1,0.39,0.02,0.02,468.52,491.3
0.085,0.1,0.39,0.02,0.03,470.26,504.48
0.085,0.1,0.39,0.02,0.04,469.27,518.52
0.085,0.1,0.39,0.03,0,483.26,461.98
0.085,0.1,0.39,0.03,0.01,483.64,477.44
0.085,0.1,0.39,0.03,0.02,484.56,490.03
0.085,0.1,0.39,0.03,0.03,483.26,504.83
0.09,0.08,0.39,0,0.04,447.4,491.1
0.09,0.08,0.39,0.01,0,462.02,434.26
0.09,0.08,0.39,0.01,0.01,461.75,447.47
0.09,0.08,0.39,0.01,0.02,462.67,461.56
0.09,0.08,0.39,0.01,0.03,462.1,476.05
0.09,0.08,0.39,0.01,0.04,462.26,489.97
0.09,0.08,0.39,0.02,0,475.88,433.75
0.09,0.08,0.39,0.02,0.01,476.29,447.8
0.09,0.08,0.39,0.02,0.02,476.02,462.21
0.09,0.08,0.39,0.02,0.03,476.63,476.26
0.09,0.08,0.39,0.02,0.04,476.67,490.77
0.09,0.08,0.39,0.03,0,490.56,433.73
0.09,0.08,0.39,0.03,0.01,491.07,447.53
0.09,0.08,0.39,0.03,0.02,489.92,461.31
0.09,0.08,0.39,0.03,0.03,490.56,476.29
0.09,0.08,0.39,0.03,0.04,490.34,491.12
0.09,0.085,0.39,0,0,447.7,440.5
0.09,0.085,0.39,0,0.01,448.34,455.1
0.09,0.085,0.39,0,0.02,447.42,468.26
0.09,0.085,0.39,0,0.03,448.65,483.36
0.09,0.085,0.39,0,0.04,448.05,497.5
0.09,0.085,0.39,0.01,0,462.74,441.25
0.09,0.085,0.39,0.01,0.01,461.53,454.3
0.09,0.085,0.39,0.01,0.02,461.72,468.79
0.09,0.085,0.39,0.01,0.03,462.42,482.98
0.09,0.085,0.39,0.01,0.04,463.01,497.45
0.09,0.085,0.39,0.02,0,475.79,440.39
0.09,0.085,0.39,0.02,0.01,476.23,455.01
0.09,0.085,0.39,0.02,0.02,476.34,469.56
0.09,0.085,0.39,0.02,0.03,476.14,484.28
0.09,0.085,0.39,0.02,0.04,476.67,498.43
0.09,0.085,0.39,0.03,0,489.83,441.02
0.09,0.085,0.39,0.03,0.01,490.86,455.63
0.09,0.085,0.39,0.03,0.02,490.62,468.06
0.09,0.085,0.39,0.03,0.03,490.61,484.25
0.09,0.085,0.39,0.03,0.04,490.33,497.28
0.09,0.09,0.39,0,0,448.45,448.63
0.09,0.09,0.39,0,0.01,447.47,462.2
0.09,0.09,0.39,0,0.02,447.76,475.42
0.09,0.09,0.39,0,0.03,447.63,489.93
0.09,0.09,0.39,0,0.04,447.75,504.86
0.09,0.09,0.39,0.01,0,462.15,447.63
0.09,0.09,0.39,0.01,0.01,462.01,462.53
0.09,0.09,0.39,0.01,0.02,461.92,476.35
0.09,0.09,0.39,0.01,0.03,461.14,490.51
0.09,0.09,0.39,0.01,0.04,461.83,504.21
0.09,0.09,0.39,0.02,0,476.22,447.73
0.09,0.09,0.39,0.02,0.01,475.48,461.97
0.09,0.09,0.39,0.02,0.02,475.95,476.65
0.09,0.09,0.39,0.02,0.03,475.9,490.41
0.09,0.09,0.39,0.02,0.04,476.81,504.78
0.09,0.09,0.39,0.03,0,490.44,447.81
0.09,0.09,0.39,0.03,0.01,490.77,461.7
0.09,0.09,0.39,0.03,0.02,491.27,476.14
0.09,0.09,0.39,0.03,0.03,490.2,490.37
0.09,0.09,0.39,0.03,0.04,491.16,505.02
0.09,0.095,0.39,0,0,446.84,453.96
0.09,0.095,0.39,0,0.01,448.51,469.17
0.09,0.095,0.39,0,0.02,447.19,484.03
0.09,0.095,0.39,0,0.03,447.36,497.89
0.09,0.095,0.39,0,0.04,447.13,511.83
0.09,0.095,0.39,0.01,0,461.94,454.73
0.09,0.095,0.39,0.01,0.01,463.24,469.07
0.09,0.095,0.39,0.01,0.02,462.95,484.21
0.09,0.095,0.39,0.01,0.03,461.49,497.44
0.09,0.095,0.39,0.01,0.04,463.04,512.17
0.09,0.095,0.39,0.02,0,476.6,454.85
0.09,0.095,0.39,0.02,0.01,476.67,468.95
0.09,0.095,0.39,0.02,0.02,476.77,483.21
0.09,0.095,0.39,0.02,0.03,476.44,498
0.09,0.095,0.39,0.02,0.04,475.89,511.44
0.09,0.095,0.39,0.03,0,490.95,453.8
0.09,0.095,0.39,0.03,0.01,490.92,468.54
0.09,0.095,0.39,0.03,0.02,490.12,483.64
0.09,0.095,0.39,0.03,0.03,490.47,497.52
0.09,0.095,0.39,0.03,0.04,491.67,511.83
0.09,0.1,0.39,0,0,448.05,462.66
0.09,0.1,0.39,0,0.01,448.18,476.78
0.09,0.1,0.39,0,0.02,446.99,490.68
0.09,0.1,0.39,0,0.03,447.73,505.19
0.09,0.1,0.39,0,0.04,447.65,518.69
0.09,0.1,0.39,0.01,0,461.42,461.77
0.09,0.1,0.39,0.01,0.01,463.09,476.38
0.09,0.1,0.39,0.01,0.02,462.6,490.66
0.09,0.1,0.39,0.01,0.03,461.21,504.67
0.09,0.1,0.39,0.01,0.04,462.45,519.05
0.09,0.1,0.39,0.02,0,476.43,461.89
0.09,0.1,0.39,0.02,0.01,476.9,476.35
0.09,0.1,0.39,0.02,0.02,476.63,489.89
0.09,0.1,0.39,0.02,0.03,477.55,504.71
0.09,0.1,0.39,0.02,0.04,476.36,520.21
0.09,0.1,0.39,0.03,0,490.77,462.81
0.09,0.1,0.39,0.03,0.01,490.9,476.55
0.09,0.1,0.39,0.03,0.02,490.3,490.82
0.09,0.1,0.39,0.03,0.03,489.59,504.41
0.095,0.08,0.39,0,0.04,454.36,490.74
0.095,0.08,0.39,0.01,0,470.41,433.25
0.095,0.08,0.39,0.01,0.01,470.33,448.61
0.095,0.08,0.39,0.01,0.02,469.82,462.1
0.095,0.08,0.39,0.01,0.03,468.84,477
0.095,0.08,0.39,0.01,0.04,469.62,491.32
0.095,0.08,0.39,0.02,0,482.96,434.54
0.095,0.08,0.39,0.02,0.01,483.49,447.26
0.095,0.08,0.39,0.02,0.02,483.16,462.58
0.095,0.08,0.39,0.02,0.03,483.16,476.15
0.095,0.08,0.39,0.02,0.04,483.72,489.76
0.095,0.08,0.39,0.03,0,497.06,433.56
0.095,0.08,0.39,0.03,0.01,498.33,448.29
0.095,0.08,0.39,0.03,0.02,497.69,461.45
0.095,0.08,0.39,0.03,0.03,497.3,475.8
0.095,0.08,0.39,0.03,0.04,497.6,490.25
0.095,0.085,0.39,0,0,455.16,440.96
0.095,0.085,0.39,0,0.01,454.55,455.36
0.095,0.085,0.39,0,0.02,454.15,469.03
0.095,0.085,0.39,0,0.03,455.02,483.04
0.095,0.085,0.39,0,0.04,454.91,497.27
0.095,0.085,0.39,0.01,0,469.04,440.95
0.095,0.085,0.39,0.01,0.01,469.01,455.36
0.095,0.085,0.39,0.01,0.02,469.67,469.21
0.095,0.085,0.39,0.01,0.03,468.66,483.2
0.095,0.085,0.39,0.01,0.04,468.89,498.19
0.095,0.085,0.39,0.02,0,483.29,440.81
0.095,0.085,0.39,0.02,0.01,483.82,454.88
0.095,0.085,0.39,0.02,0.02,484.08,468.75
0.095,0.085,0.39,0.02,0.03,483.78,483.66
0.095,0.085,0.39,0.02,0.04,483.81,497.16
0.095,0.085,0.39,0.03,0,497.81,441.25
0.095,0.085,0.39,0.03,0.01,498.93,455.39
0.095,0.085,0.39,0.03,0.02,497.63,469.73
0.095,0.085,0.39,0.03,0.03,497.99,483.18
0.095,0.085,0.39,0.03,0.04,498.04,497.69
0.095,0.09,0.39,0,0,454.83,448.03
0.095,0.09,0.39,0,0.01,455.07,462.25
0.095,0.09,0.39,0,0.02,455.07,476.6
0.095,0.09,0.39,0,0.03,455.77,490.06
0.095,0.09,0.39,0,0.04,455.38,504.84
0.095,0.09,0.39,0.01,0,469.55,448.3
0.095,0.09,0.39,0.01,0.01,469.66,462.04
0.095,0.09,0.39,0.01,0.02,469.61,476.58
0.095,0.09,0.39,0.01,0.03,469.68,490.36
0.095,0.09,0.39,0.01,0.04,468.84,504.31
0.095,0.09,0.39,0.02,0,482.81,447.36
0.095,0.09,0.39,0.02,0.01,483.19,462.03
0.095,0.09,0.39,0.02,0.02,482.91,476.51
0.095,0.09,0.39,0.02,0.03,483.84,490.28
0.095,0.09,0.39,0.02,0.04,483.92,504.58
0.095,0.09,0.39,0.03,0,498.77,447.95
0.095,0.09,0.39,0.03,0.01,497.07,462.48
0.095,0.09,0.39,0.03,0.02,497.06,476.18
0.095,0.09,0.39,0.03,0.03,498.26,491.26
0.095,0.09,0.39,0.03,0.04,497.87,505.32
0.095,0.095,0.39,0,0,453.94,454.85
0.095,0.095,0.39,0,0.01,454.87,469.24
0.095,0.095,0.39,0,0.02,455.57,483.5
0.095,0.095,0.39,0,0.03,454.96,497.73
0.095,0.095,0.39,0,0.04,455.07,511.84
0.095,0.095,0.39,0.01,0,469.57,454.86
0.095,0.095,0.39,0.01,0.01,469.78,469.3
0.095,0.095,0.39,0.01,0.02,468.93,483.3
0.095,0.095,0.39,0.01,0.03,469.32,498.12
0.095,0.095,0.39,0.01,0.04,469.67,512.08
0.095,0.095,0.39,0.02,0,483.62,455.81
0.095,0.095,0.39,0.02,0.01,483.22,468.58
0.095,0.095,0.39,0.02,0.02,483.86,483.42
0.095,0.095,0.39,0.02,0.03,483.7,497.92
0.095,0.095,0.39,0.02,0.04,482.66,512.08
0.095,0.095,0.39,0.03,0,498,454.84
0.095,0.095,0.39,0.03,0.01,497.56,468.81
0.095,0.095,0.39,0.03,0.02,498.4,484.59
0.095,0.095,0.39,0.03,0.03,497.6,497.17
0.095,0.095,0.39,0.03,0.04,497.93,512.59
0.095,0.1,0.39,0,0,455.39,462.09
0.095,0.1,0.39,0,0.01,454.69,475.62
0.095,0.1,0.39,0,0.02,455.42,490.75
0.095,0.1,0.39,0,0.03,455.16,504.52
0.095,0.1,0.39,0,0.04,455,518.49
0.095,0.1,0.39,0.01,0,469.5,462.73
0.095,0.1,0.39,0.01,0.01,468.6,476.79
0.095,0.1,0.39,0.01,0.02,469.14,490.17
0.095,0.1,0.39,0.01,0.03,469.21,504.22
0.095,0.1,0.39,0.01,0.04,469.36,519.69
0.095,0.1,0.39,0.02,0,483.94,461.79
0.095,0.1,0.39,0.02,0.01,483.17,476.39
0.095,0.1,0.39,0.02,0.02,482.45,490.59
0.095,0.1,0.39,0.02,0.03,482.91,504.32
0.095,0.1,0.39,0.02,0.04,483.63,519.43
0.095,0.1,0.39,0.03,0,497.89,462.41
0.095,0.1,0.39,0.03,0.01,497.88,476.13
0.095,0.1,0.39,0.03,0.02,497.72,490.76
0.095,0.1,0.39,0.03,0.03,496.56,504.58
0.1,0.08,0.39,0,0.04,462.35,490.13
0.1,0.08,0.39,0.01,0,476.9,433.89
0.1,0.08,0.39,0.01,0.01,476.61,447.06
0.1,0.08,0.39,0.01,0.02,476.02,461.03
0.1,0.08,0.39,0.01,0.03,476.06,476.17
0.1,0.08,0.39,0.01,0.04,476.23,490.54
0.1,0.08,0.39,0.02,0,491.05,434.02
0.1,0.08,0.39,0.02,0.01,491.37,447.48
0.1,0.08,0.39,0.02,0.02,490.87,461.9
0.1,0.08,0.39,0.02,0.03,490.29,477
0.1,0.08,0.39,0.02,0.04,490.4,490.27
0.1,0.08,0.39,0.03,0,505.3,434.2
0.1,0.08,0.39,0.03,0.01,505.21,447.06
0.1,0.08,0.39,0.03,0.02,504.92,461.78
0.1,0.08,0.39,0.03,0.03,504.83,476.27
0.1,0.08,0.39,0.03,0.04,505.2,491.38
0.1,0.085,0.39,0,0,462.36,441.29
0.1,0.085,0.39,0,0.01,462.03,454.81
0.1,0.085,0.39,0,0.02,462.1,470.05
0.1,0.085,0.39,0,0.03,461.17,484.11
0.1,0.085,0.39,0,0.04,462.73,496.74
0.1,0.085,0.39,0.01,0,476.5,440.39
0.1,0.085,0.39,0.01,0.01,475.39,455.34
0.1,0.085,0.39,0.01,0.02,476.02,469.2
0.1,0.085,0.39,0.01,0.03,476.1,483.38
0.1,0.085,0.39,0.01,0.04,477.21,497.73
0.1,0.085,0.39,0.02,0,491.33,441.23
0.1,0.085,0.39,0.02,0.01,490.75,454.49
0.1,0.085,0.39,0.02,0.02,490.41,469.72
0.1,0.085,0.39,0.02,0.03,491.59,483.96
0.1,0.085,0.39,0.02,0.04,490.79,497.87
0.1,0.085,0.39,0.03,0,504.55,440.96
0.1,0.085,0.39,0.03,0.01,504.64,454.6
0.1,0.085,0.39,0.03,0.02,504.55,469.2
0.1,0.085,0.39,0.03,0.03,504.02,483.21
0.1,0.085,0.39,0.03,0.04,505.47,496.69
0.1,0.09,0.39,0,0,462.54,447.43
0.1,0.09,0.39,0,0.01,462.46,461.85
0.1,0.09,0.39,0,0.02,462.34,476.3
0.1,0.09,0.39,0,0.03,461.83,491.09
0.1,0.09,0.39,0,0.04,462.42,504.65
0.1,0.09,0.39,0.01,0,475.74,448.24
0.1,0.09,0.39,0.01,0.01,476.38,461.72
0.1,0.09,0.39,0.01,0.02,476.79,477.87
0.1,0.09,0.39,0.01,0.03,476.22,490.15
0.1,0.09,0.39,0.01,0.04,476.18,504.65
0.1,0.09,0.39,0.02,0,489.92,448.13
0.1,0.09,0.39,0.02,0.01,491.23,461.02
0.1,0.09,0.39,0.02,0.02,489.81,475.96
0.1,0.09,0.39,0.02,0.03,490.63,491.84
0.1,0.09,0.39,0.02,0.04,489.76,504.81
0.1,0.09,0.39,0.03,0,505.72,447.71
0.1,0.09,0.39,0.03,0.01,504.61,462.13
0.1,0.09,0.39,0.03,0.02,505.2,477.07
0.1,0.09,0.39,0.03,0.03,504.86,490.32
0.1,0.09,0.39,0.03,0.04,504.83,504.95
0.1,0.095,0.39,0,0,461.38,454.92
0.1,0.095,0.39,0,0.01,462.1,469.65
0.1,0.095,0.39,0,0.02,461.71,483.67
0.1,0.095,0.39,0,0.03,461.12,497.92
0.1,0.095,0.39,0,0.04,461.64,511.51
0.1,0.095,0.39,0.01,0,476.7,455.09
0.1,0.095,0.39,0.01,0.01,476.13,469.41
0.1,0.095,0.39,0.01,0.02,475.77,483.15
0.1,0.095,0.39,0.01,0.03,476.99,498.21
0.1,0.095,0.39,0.01,0.04,475.77,512.47
0.1,0.095,0.39,0.02,0,489.61,454.8
0.1,0.095,0.39,0.02,0.01,489.94,469.42
0.1,0.095,0.39,0.02,0.02,489.95,483.41
0.1,0.095,0.39,0.02,0.03,490.66,498.42
0.1,0.095,0.39,0.02,0.04,490.01,512.56
0.1,0.095,0.39,0.03,0,504.7,455.02
0.1,0.095,0.39,0.03,0.01,504.49,469.28
0.1,0.095,0.39,0.03,0.02,504.89,483.38
0.1,0.095,0.39,0.03,0.03,504.97,496.95
0.1,0.095,0.39,0.03,0.04,503.72,511.69
0.1,0.1,0.39,0,0,462.72,461.63
0.1,0.1,0.39,0,0.01,462.36,476.56
0.1,0.1,0.39,0,0.02,461.73,489.74
0.1,0.1,0.39,0,0.03,462.47,504.64
0.1,0.1,0.39,0,0.04,462.25,519.38
0.1,0.1,0.39,0.01,0,476.45,462.96
0.1,0.1,0.39,0.01,0.01,476.87,477.41
0.1,0.1,0.39,0.01,0.02,477.1,490.27
0.1,0.1,0.39,0.01,0.03,476.29,504.89
0.1,0.1,0.39,0.01,0.04,476.84,519.25
0.1,0.1,0.39,0.02,0,490.65,462.33
0.1,0.1,0.39,0.02,0.01,489.9,477.19
0.1,0.1,0.39,0.02,0.02,489.65,489.9
0.1,0.1,0.39,0.02,0.03,490.52,504.86
0.1,0.1,0.39,0.02,0.04,491.1,518.95
0.1,0.1,0.39,0.03,0,504.72,462.05
0.1,0.1,0.39,0.03,0.01,505.33,476.69
0.1,0.1,0.39,0.03,0.02,505.14,490.3
0.1,0.1,0.39,0.03,0.03,504.93,504.84
0.08,0.08,0.4,0,0.04,430.25,485.9
0.08,0.08,0.4,0.01,0,444.63,430.19
0.08,0.08,0.4,0.01,0.01,445.42,444.67
0.08,0.08,0.4,0.01,0.02,444.85,458.89
0.08,0.08,0.4,0.01,0.03,444.62,473.35
0.08,0.08,0.4,0.01,0.04,445.17,487.04
0.08,0.08,0.4,0.02,0,458.17,430.67
0.08,0.08,0.4,0.02,0.01,459.15,445
0.08,0.08,0.4,0.02,0.02,457.91,459.25
0.08,0.08,0.4,0.02,0.03,458.2,472.87
0.08,0.08,0.4,0.02,0.04,458.51,486.6
0.08,0.08,0.4,0.03,0,473.24,431.29
0.08,0.08,0.4,0.03,0.01,472.31,444.27
0.08,0.08,0.4,0.03,0.02,472.59,458.37
0.08,0.08,0.4,0.03,0.03,472.45,472.16
0.08,0.08,0.4,0.03,0.04,472.2,486.95
0.08,0.085,0.4,0,0,430.33,436.85
0.08,0.085,0.4,0,0.01,430,452.61
0.08,0.085,0.4,0,0.02,431.92,465.42
0.08,0.085,0.4,0,0.03,431.38,479.66
0.08,0.085,0.4,0,0.04,431.26,493.56
0.08,0.085,0.4,0.01,0,444.89,438.62
0.08,0.085,0.4,0.01,0.01,444.59,451.43
0.08,0.085,0.4,0.01,0.02,445.24,465.17
0.08,0.085,0.4,0.01,0.03,445.09,479.27
0.08,0.085,0.4,0.01,0.04,444.5,493.13
0.08,0.085,0.4,0.02,0,458.97,437.79
0.08,0.085,0.4,0.02,0.01,458.94,451.78
0.08,0.085,0.4,0.02,0.02,458.3,465.71
0.08,0.085,0.4,0.02,0.03,458.06,479.27
0.08,0.085,0.4,0.02,0.04,459,492.46
0.08,0.085,0.4,0.03,0,472.85,437.58
0.08,0.085,0.4,0.03,0.01,473.24,451.72
0.08,0.085,0.4,0.03,0.02,472.27,466.04
0.08,0.085,0.4,0.03,0.03,472.9,479.94
0.08,0.085,0.4,0.03,0.04,472.06,493.17
0.08,0.09,0.4,0,0,430.96,445
0.08,0.09,0.4,0,0.01,430.88,458.17
0.08,0.09,0.4,0,0.02,431.57,472.15
0.08,0.09,0.4,0,0.03,429.62,486.55
0.08,0.09,0.4,0,0.04,430.44,499.98
0.08,0.09,0.4,0.01,0,444.48,445.59
0.08,0.09,0.4,0.01,0.01,444.99,458.51
0.08,0.09,0.4,0.01,0.02,444.93,471.95
0.08,0.09,0.4,0.01,0.03,444.69,486.73
0.08,0.09,0.4,0.01,0.04,443.73,500.64
0.08,0.09,0.4,0.02,0,458.42,444.58
0.08,0.09,0.4,0.02,0.01,459.06,458.65
0.08,0.09,0.4,0.02,0.02,457.79,472.84
0.08,0.09,0.4,0.02,0.03,458.39,485.95
0.08,0.09,0.4,0.02,0.04,458.21,500.65
0.08,0.09,0.4,0.03,0,472.35,444.57
0.08,0.09,0.4,0.03,0.01,472.6,458.04
0.08,0.09,0.4,0.03,0.02,472.68,472.27
0.08,0.09,0.4,0.03,0.03,472.68,486.4
0.08,0.09,0.4,0.03,0.04,472.16,500.43
0.08,0.095,0.4,0,0,431.25,451.66
0.08,0.095,0.4,0,0.01,430.95,465.56
0.08,0.095,0.4,0,0.02,430.27,479.73
0.08,0.095,0.4,0,0.03,430.35,493.75
0.08,0.095,0.4,0,0.04,430.82,508.17
0.08,0.095,0.4,0.01,0,445.86,451.89
0.08,0.095,0.4,0.01,0.01,444.86,465.04
0.08,0.095,0.4,0.01,0.02,444.37,479.24
0.08,0.095,0.4,0.01,0.03,445.05,493.48
0.08,0.095,0.4,0.01,0.04,445.42,507.97
0.08,0.095,0.4,0.02,0,458.88,451.21
0.08,0.095,0.4,0.02,0.01,457.53,465.15
0.08,0.095,0.4,0.02,0.02,458.09,480.08
0.08,0.095,0.4,0.02,0.03,460,493.19
0.08,0.095,0.4,0.02,0.04,457.94,506.69
0.08,0.095,0.4,0.03,0,471.86,451.94
0.08,0.095,0.4,0.03,0.01,472.17,465.96
0.08,0.095,0.4,0.03,0.02,472.29,479.54
0.08,0.095,0.4,0.03,0.03,472.4,493.06
0.08,0.095,0.4,0.03,0.04,472.7,507.27
0.08,0.1,0.4,0,0,430.49,458.57
0.08,0.1,0.4,0,0.01,430.92,472.75
0.08,0.1,0.4,0,0.02,430.56,486.22
0.08,0.1,0.4,0,0.03,430.22,499.75
0.08,0.1,0.4,0,0.04,430.47,512.92
0.08,0.1,0.4,0.01,0,444.27,458.69
0.08,0.1,0.4,0.01,0.01,444.6,472.42
0.08,0.1,0.4,0.01,0.02,444.43,486.47
0.08,0.1,0.4,0.01,0.03,444.62,500.29
0.08,0.1,0.4,0.01,0.04,445.31,514.45
0.08,0.1,0.4,0.02,0,458.89,459.52
0.08,0.1,0.4,0.02,0.01,457.65,472.25
0.08,0.1,0.4,0.02,0.02,458.11,486.15
0.08,0.1,0.4,0.02,0.03,456.86,500.03
0.08,0.1,0.4,0.02,0.04,458.36,514.26
0.08,0.1,0.4,0.03,0,472.76,458.68
0.08,0.1,0.4,0.03,0.01,472.91,472.29
0.08,0.1,0.4,0.03,0.02,472.9,485.83
0.08,0.1,0.4,0.03,0.03,472.25,499.83
0.085,0.08,0.4,0,0.04,437.91,486.19
0.085,0.08,0.4,0.01,0,452.86,431.82
0.085,0.08,0.4,0.01,0.01,451.85,444.64
0.085,0.08,0.4,0.01,0.02,451.03,459.01
0.085,0.08,0.4,0.01,0.03,451.93,472.57
0.085,0.08,0.4,0.01,0.04,452.18,486.7
0.085,0.08,0.4,0.02,0,465.65,430.07
0.085,0.08,0.4,0.02,0.01,465.47,444
0.085,0.08,0.4,0.02,0.02,465.83,457.92
0.085,0.08,0.4,0.02,0.03,466.09,471.94
0.085,0.08,0.4,0.02,0.04,465.52,486.19
0.085,0.08,0.4,0.03,0,478.71,430.32
0.085,0.08,0.4,0.03,0.01,480.15,444.25
0.085,0.08,0.4,0.03,0.02,479.81,458.5
0.085,0.08,0.4,0.03,0.03,479.54,471.86
0.085,0.08,0.4,0.03,0.04,480.06,485.07
0.085,0.085,0.4,0,0,437.97,438
0.085,0.085,0.4,0,0.01,437.8,451.3
0.085,0.085,0.4,0,0.02,437.36,464.94
0.085,0.085,0.4,0,0.03,438.54,479.48
0.085,0.085,0.4,0,0.04,437.92,492.9
0.085,0.085,0.4,0.01,0,451.54,437.86
0.085,0.085,0.4,0.01,0.01,451.32,451.51
0.085,0.085,0.4,0.01,0.02,451.43,465.89
0.085,0.085,0.4,0.01,0.03,451.72,478.78
0.085,0.085,0.4,0.01,0.04,451.42,493.09
0.085,0.085,0.4,0.02,0,465.55,438.24
0.085,0.085,0.4,0.02,0.01,465.16,451.58
0.085,0.085,0.4,0.02,0.02,466.38,465.32
0.085,0.085,0.4,0.02,0.03,465.43,478.71
0.085,0.085,0.4,0.02,0.04,466.88,493.39
0.085,0.085,0.4,0.03,0,479.79,437.59
0.085,0.085,0.4,0.03,0.01,479.04,451.07
0.085,0.085,0.4,0.03,0.02,479.92,465.08
0.085,0.085,0.4,0.03,0.03,479.45,478.99
0.085,0.085,0.4,0.03,0.04,479.08,493.26
0.085,0.09,0.4,0,0,437.61,445.36
0.085,0.09,0.4,0,0.01,437.56,458.48
0.085,0.09,0.4,0,0.02,437.59,472.5
0.085,0.09,0.4,0,0.03,437.81,486.5
0.085,0.09,0.4,0,0.04,438.01,500.79
0.085,0.09,0.4,0.01,0,451.42,444.36
0.085,0.09,0.4,0.01,0.01,452.08,458.92
0.085,0.09,0.4,0.01,0.02,451.32,471.43
0.085,0.09,0.4,0.01,0.03,450.78,487.12
0.085,0.09,0.4,0.01,0.04,451.44,499.68
0.085,0.09,0.4,0.02,0,465.14,444.92
0.085,0.09,0.4,0.02,0.01,465.67,458.53
0.085,0.09,0.4,0.02,0.02,465.66,472.33
0.085,0.09,0.4,0.02,0.03,464.8,485.77
0.085,0.09,0.4,0.02,0.04,464.78,499.7
0.085,0.09,0.4,0.03,0,479.03,444.4
0.085,0.09,0.4,0.03,0.01,479.53,457.39
0.085,0.09,0.4,0.03,0.02,480.23,472.78
0.085,0.09,0.4,0.03,0.03,478.54,486.24
0.085,0.09,0.4,0.03,0.04,479.68,500.59
0.085,0.095,0.4,0,0,437.6,451.14
0.085,0.095,0.4,0,0.01,438.13,465.11
0.085,0.095,0.4,0,0.02,437.81,478.69
0.085,0.095,0.4,0,0.03,437.51,494
0.085,0.095,0.4,0,0.04,438.06,507.28
0.085,0.095,0.4,0.01,0,451.61,452.06
0.085,0.095,0.4,0.01,0.01,450.94,465.92
0.085,0.095,0.4,0.01,0.02,451.77,479.3
0.085,0.095,0.4,0.01,0.03,451.22,493.7
0.085,0.095,0.4,0.01,0.04,452.5,506.36
0.085,0.095,0.4,0.02,0,465.1,451.56
0.085,0.095,0.4,0.02,0.01,465.38,465.22
0.085,0.095,0.4,0.02,0.02,465.83,479.12
0.085,0.095,0.4,0.02,0.03,465.46,493.25
0.085,0.095,0.4,0.02,0.04,465.01,506.5
0.085,0.095,0.4,0.03,0,480.12,451.85
0.085,0.095,0.4,0.03,0.01,479.53,465.66
0.085,0.095,0.4,0.03,0.02,479.61,479.78
0.085,0.095,0.4,0.03,0.03,480.33,494.45
0.085,0.095,0.4,0.03,0.04,479.3,506.28
0.085,0.1,0.4,0,0,438.4,458.66
0.085,0.1,0.4,0,0.01,436.97,472.57
0.085,0.1,0.4,0,0.02,437.45,485.7
0.085,0.1,0.4,0,0.03,436.54,499.42
0.085,0.1,0.4,0,0.04,437.78,514.06
0.085,0.1,0.4,0.01,0,451.67,458.66
0.085,0.1,0.4,0.01,0.01,451.92,473.73
0.085,0.1,0.4,0.01,0.02,451.83,486.45
0.085,0.1,0.4,0.01,0.03,451.07,499.83
0.085,0.1,0.4,0.01,0.04,451.35,514.26
0.085,0.1,0.4,0.02,0,465.55,458.41
0.085,0.1,0.4,0.02,0.01,465.54,472.42
0.085,0.1,0.4,0.02,0.02,465.2,485.93
0.085,0.1,0.4,0.02,0.03,466.28,499.43
0.085,0.1,0.4,0.02,0.04,464.77,514.21
0.085,0.1,0.4,0.03,0,479.74,458.7
0.085,0.1,0.4,0.03,0.01,478.53,472.5
0.085,0.1,0.4,0.03,0.02,479.49,486.26
0.085,0.1,0.4,0.03,0.03,478.71,500.88
0.09,0.08,0.4,0,0.04,445.7,485.98
0.09,0.08,0.4,0.01,0,458.68,431.03
0.09,0.08,0.4,0.01,0.01,457.99,445.35
0.09,0.08,0.4,0.01,0.02,458.3,459.13
0.09,0.08,0.4,0.01,0.03,458.03,472.28
0.09,0.08,0.4,0.01,0.04,458.69,486.1
0.09,0.08,0.4,0.02,0,472.07,430.28
0.09,0.08,0.4,0.02,0.01,473,444.45
0.09,0.08,0.4,0.02,0.02,472.46,458.65
0.09,0.08,0.4,0.02,0.03,472.53,472.65
0.09,0.08,0.4,0.02,0.04,472.42,485.89
0.09,0.08,0.4,0.03,0,486.19,430.75
0.09,0.08,0.4,0.03,0.01,486.25,444.05
0.09,0.08,0.4,0.03,0.02,486.73,458.5
0.09,0.08,0.4,0.03,0.03,485.36,472.92
0.09,0.08,0.4,0.03,0.04,486.38,486.42
0.09,0.085,0.4,0,0,444.85,437.87
0.09,0.085,0.4,0,0.01,444.77,451.76
0.09,0.085,0.4,0,0.02,445.02,465.36
0.09,0.085,0.4,0,0.03,445.38,478.29
0.09,0.085,0.4,0,0.04,445,493.41
0.09,0.085,0.4,0.01,0,458.15,437.22
0.09,0.085,0.4,0.01,0.01,458.03,450.8
0.09,0.085,0.4,0.01,0.02,458.22,465.18
0.09,0.085,0.4,0.01,0.03,458.82,479.67
0.09,0.085,0.4,0.01,0.04,458.15,493.48
0.09,0.085,0.4,0.02,0,472.07,436.93
0.09,0.085,0.4,0.02,0.01,472.45,451.27
0.09,0.085,0.4,0.02,0.02,472.84,465.48
0.09,0.085,0.4,0.02,0.03,472.89,479.7
0.09,0.085,0.4,0.02,0.04,473.08,492.89
0.09,0.085,0.4,0.03,0,485.63,437.57
0.09,0.085,0.4,0.03,0.01,486.61,451.39
0.09,0.085,0.4,0.03,0.02,486.84,466.41
0.09,0.085,0.4,0.03,0.03,485.72,479.49
0.09,0.085,0.4,0.03,0.04,486.63,493.24
0.09,0.09,0.4,0,0,445.03,445.17
0.09,0.09,0.4,0,0.01,444.75,458.56
0.09,0.09,0.4,0,0.02,444.99,472.22
0.09,0.09,0.4,0,0.03,444.17,486.23
0.09,0.09,0.4,0,0.04,445.22,500.3
0.09,0.09,0.4,0.01,0,457.94,443.61
0.09,0.09,0.4,0.01,0.01,458.64,458.88
0.09,0.09,0.4,0.01,0.02,458.43,472.8
0.09,0.09,0.4,0.01,0.03,458.38,486.45
0.09,0.09,0.4,0.01,0.04,459.39,500.83
0.09,0.09,0.4,0.02,0,472.33,445.87
0.09,0.09,0.4,0.02,0.01,473.4,457.87
0.09,0.09,0.4,0.02,0.02,472.14,472.17
0.09,0.09,0.4,0.02,0.03,471.66,486.12
0.09,0.09,0.4,0.02,0.04,471.97,500.35
0.09,0.09,0.4,0.03,0,486.58,444.63
0.09,0.09,0.4,0.03,0.01,485.74,458.64
0.09,0.09,0.4,0.03,0.02,485.91,472.8
0.09,0.09,0.4,0.03,0.03,485.95,486.36
0.09,0.09,0.4,0.03,0.04,486.13,500.1
0.09,0.095,0.4,0,0,445.01,451.7
0.09,0.095,0.4,0,0.01,444.58,464.97
0.09,0.095,0.4,0,0.02,444.36,479.3
0.09,0.095,0.4,0,0.03,444.95,492.81
0.09,0.095,0.4,0,0.04,443.75,506.65
0.09,0.095,0.4,0.01,0,458.24,451.49
0.09,0.095,0.4,0.01,0.01,458.33,465.08
0.09,0.095,0.4,0.01,0.02,458.05,480.21
0.09,0.095,0.4,0.01,0.03,458.48,493.52
0.09,0.095,0.4,0.01,0.04,459.24,507.79
0.09,0.095,0.4,0.02,0,473.23,451.22
0.09,0.095,0.4,0.02,0.01,471.28,465.06
0.09,0.095,0.4,0.02,0.02,472.58,479.04
0.09,0.095,0.4,0.02,0.03,472.34,493.01
0.09,0.095,0.4,0.02,0.04,472.33,507.39
0.09,0.095,0.4,0.03,0,485.51,451.66
0.09,0.095,0.4,0.03,0.01,486.26,465.68
0.09,0.095,0.4,0.03,0.02,486.28,479.47
0.09,0.095,0.4,0.03,0.03,485.67,493.21
0.09,0.095,0.4,0.03,0.04,486.57,506.09
0.09,0.1,0.4,0,0,444.74,458.52
0.09,0.1,0.4,0,0.01,444.5,472.16
0.09,0.1,0.4,0,0.02,444.15,486.55
0.09,0.1,0.4,0,0.03,444.87,499.99
0.09,0.1,0.4,0,0.04,444.24,513.27
0.09,0.1,0.4,0.01,0,458.62,460.28
0.09,0.1,0.4,0.01,0.01,459.38,472.84
0.09,0.1,0.4,0.01,0.02,458.1,485.93
0.09,0.1,0.4,0.01,0.03,458.29,500.69
0.09,0.1,0.4,0.01,0.04,458.27,514.72
0.09,0.1,0.4,0.02,0,471.84,458.41
0.09,0.1,0.4,0.02,0.01,471.98,472.18
0.09,0.1,0.4,0.02,0.02,473.01,486.8
0.09,0.1,0.4,0.02,0.03,471.71,500.46
0.09,0.1,0.4,0.02,0.04,471.54,513.36
0.09,0.1,0.4,0.03,0,486.66,458.5
0.09,0.1,0.4,0.03,0.01,486.3,472.45
0.09,0.1,0.4,0.03,0.02,487.45,486.49
0.09,0.1,0.4,0.03,0.03,486.27,499.66
0.095,0.08,0.4,0,0.04,451.65,486.53
0.095,0.08,0.4,0.01,0,465.14,430.93
0.095,0.08,0.4,0.01,0.01,465.14,444.47
0.095,0.08,0.4,0.01,0.02,465.93,458.58
0.095,0.08,0.4,0.01,0.03,464.8,472.34
0.095,0.08,0.4,0.01,0.04,465.18,486.3
0.095,0.08,0.4,0.02,0,480.1,430.78
0.095,0.08,0.4,0.02,0.01,478.6,444.64
0.095,0.08,0.4,0.02,0.02,478.81,457.76
0.095,0.08,0.4,0.02,0.03,479.75,473.06
0.095,0.08,0.4,0.02,0.04,478.66,486.89
0.095,0.08,0.4,0.03,0,492.38,430.25
0.095,0.08,0.4,0.03,0.01,493.47,445.15
0.095,0.08,0.4,0.03,0.02,493.21,459.52
0.095,0.08,0.4,0.03,0.03,492.67,472.58
0.095,0.08,0.4,0.03,0.04,493.62,486.06
0.095,0.085,0.4,0,0,451.59,437.88
0.095,0.085,0.4,0,0.01,451.81,451.44
0.095,0.085,0.4,0,0.02,451.55,464.43
0.095,0.085,0.4,0,0.03,451.51,480.17
0.095,0.085,0.4,0,0.04,450.84,493.37
0.095,0.085,0.4,0.01,0,465.11,438.3
0.095,0.085,0.4,0.01,0.01,466.42,452.36
0.095,0.085,0.4,0.01,0.02,465.54,465.67
0.095,0.085,0.4,0.01,0.03,465.46,479.23
0.095,0.085,0.4,0.01,0.04,466.12,493.3
0.095,0.085,0.4,0.02,0,478.55,436.75
0.095,0.085,0.4,0.02,0.01,479.6,451.99
0.095,0.085,0.4,0.02,0.02,480.86,464.99
0.095,0.085,0.4,0.02,0.03,479.48,478.65
0.095,0.085,0.4,0.02,0.04,479.56,493.16
0.095,0.085,0.4,0.03,0,493.44,437.97
0.095,0.085,0.4,0.03,0.01,493.77,450.17
0.095,0.085,0.4,0.03,0.02,493.2,465.52
0.095,0.085,0.4,0.03,0.03,493.26,479.43
0.095,0.085,0.4,0.03,0.04,494.35,492.85
0.095,0.09,0.4,0,0,451.81,444.05
0.095,0.09,0.4,0,0.01,451.55,459.27
0.095,0.09,0.4,0,0.02,451.75,472.36
0.095,0.09,0.4,0,0.03,451.9,486.14
0.095,0.09,0.4,0,0.04,452.03,500.02
0.095,0.09,0.4,0.01,0,465.77,444.28
0.095,0.09,0.4,0.01,0.01,465.96,458.87
0.095,0.09,0.4,0.01,0.02,465.81,471.66
0.095,0.09,0.4,0.01,0.03,466.68,485.96
0.095,0.09,0.4,0.01,0.04,464.77,499.57
0.095,0.09,0.4,0.02,0,479.41,444.24
0.095,0.09,0.4,0.02,0.01,480.85,458.68
0.095,0.09,0.4,0.02,0.02,479.06,472.37
0.095,0.09,0.4,0.02,0.03,479.54,486.34
0.095,0.09,0.4,0.02,0.04,479.88,501.09
0.095,0.09,0.4,0.03,0,493.44,444.6
0.095,0.09,0.4,0.03,0.01,493.66,458.65
0.095,0.09,0.4,0.03,0.02,493.32,471.64
0.095,0.09,0.4,0.03,0.03,493.48,486.86
0.095,0.09,0.4,0.03,0.04,494.12,500.96
0.095,0.095,0.4,0,0,452.24,451.59
0.095,0.095,0.4,0,0.01,451.85,465.15
0.095,0.095,0.4,0,0.02,451.54,478.91
0.095,0.095,0.4,0,0.03,450.62,492.72
0.095,0.095,0.4,0,0.04,451.81,507.64
0.095,0.095,0.4,0.01,0,466.05,451.65
0.095,0.095,0.4,0.01,0.01,465.23,465.39
0.095,0.095,0.4,0.01,0.02,465.92,480.05
0.095,0.095,0.4,0.01,0.03,465.74,492.47
0.095,0.095,0.4,0.01,0.04,464.61,507.36
0.095,0.095,0.4,0.02,0,478.95,451.93
0.095,0.095,0.4,0.02,0.01,479.64,465.39
0.095,0.095,0.4,0.02,0.02,479.29,479.41
0.095,0.095,0.4,0.02,0.03,479.52,493.58
0.095,0.095,0.4,0.02,0.04,479.25,508.05
0.095,0.095,0.4,0.03,0,493.73,451.39
0.095,0.095,0.4,0.03,0.01,492.83,465.59
0.095,0.095,0.4,0.03,0.02,492.47,479.09
0.095,0.095,0.4,0.03,0.03,493.42,492.76
0.095,0.095,0.4,0.03,0.04,492.64,508.14
0.095,0.1,0.4,0,0,452.35,459.22
0.095,0.1,0.4,0,0.01,450.85,471.39
0.095,0.1,0.4,0,0.02,451.3,485.95
0.095,0.1,0.4,0,0.03,452.53,500.74
0.095,0.1,0.4,0,0.04,451,513.06
0.095,0.1,0.4,0.01,0,464.49,458.09
0.095,0.1,0.4,0.01,0.01,466,471.7
0.095,0.1,0.4,0.01,0.02,464.8,486.91
0.095,0.1,0.4,0.01,0.03,465.01,500.18
0.095,0.1,0.4,0.01,0.04,465.47,513.94
0.095,0.1,0.4,0.02,0,478.71,458.71
0.095,0.1,0.4,0.02,0.01,479.23,471.45
0.095,0.1,0.4,0.02,0.02,480,486.49
0.095,0.1,0.4,0.02,0.03,479.92,500.3
0.095,0.1,0.4,0.02,0.04,479.3,513.66
0.095,0.1,0.4,0.03,0,493.91,459.28
0.095,0.1,0.4,0.03,0.01,493.6,472.12
0.095,0.1,0.4,0.03,0.02,493.58,485.68
0.095,0.1,0.4,0.03,0.03,493.44,500.27
0.1,0.08,0.4,0,0.04,458.02,487.14
0.1,0.08,0.4,0.01,0,472.65,431.04
0.1,0.08,0.4,0.01,0.01,472.87,444.05
0.1,0.08,0.4,0.01,0.02,472.41,458.5
0.1,0.08,0.4,0.01,0.03,473,471.79
0.1,0.08,0.4,0.01,0.04,471.97,485.69
0.1,0.08,0.4,0.02,0,485.95,429.81
0.1,0.08,0.4,0.02,0.01,485.54,444.69
0.1,0.08,0.4,0.02,0.02,486.3,458.76
0.1,0.08,0.4,0.02,0.03,487.67,472.55
0.1,0.08,0.4,0.02,0.04,486.17,486.77
0.1,0.08,0.4,0.03,0,500.39,430.86
0.1,0.08,0.4,0.03,0.01,501.64,444.65
0.1,0.08,0.4,0.03,0.02,500.72,458.41
0.1,0.08,0.4,0.03,0.03,499.56,472.73
0.1,0.08,0.4,0.03,0.04,500.21,485.64
0.1,0.085,0.4,0,0,458.57,437.61
0.1,0.085,0.4,0,0.01,459.05,451.73
0.1,0.085,0.4,0,0.02,458.56,465.64
0.1,0.085,0.4,0,0.03,456.95,479.36
0.1,0.085,0.4,0,0.04,457.76,493.3
0.1,0.085,0.4,0.01,0,472,437.83
0.1,0.085,0.4,0.01,0.01,472.66,452.17
0.1,0.085,0.4,0.01,0.02,471.89,465.65
0.1,0.085,0.4,0.01,0.03,472.25,478.85
0.1,0.085,0.4,0.01,0.04,472.73,493.27
0.1,0.085,0.4,0.02,0,487.18,438.13
0.1,0.085,0.4,0.02,0.01,485.49,451.46
0.1,0.085,0.4,0.02,0.02,485.87,465.78
0.1,0.085,0.4,0.02,0.03,487.1,480.25
0.1,0.085,0.4,0.02,0.04,486.88,492.47
0.1,0.085,0.4,0.03,0,500.24,437.82
0.1,0.085,0.4,0.03,0.01,499.96,451.33
0.1,0.085,0.4,0.03,0.02,500.79,466.02
0.1,0.085,0.4,0.03,0.03,499.93,479.69
0.1,0.085,0.4,0.03,0.04,500.53,493.47
0.1,0.09,0.4,0,0,459.12,443.76
0.1,0.09,0.4,0,0.01,458.3,459.02
0.1,0.09,0.4,0,0.02,458.67,472.95
0.1,0.09,0.4,0,0.03,459.24,485.79
0.1,0.09,0.4,0,0.04,458.09,500.34
0.1,0.09,0.4,0.01,0,472.55,445.05
0.1,0.09,0.4,0.01,0.01,472.43,457.86
0.1,0.09,0.4,0.01,0.02,472.37,472.05
0.1,0.09,0.4,0.01,0.03,472.25,485.96
0.1,0.09,0.4,0.01,0.04,472.76,499.66
0.1,0.09,0.4,0.02,0,487.13,444.51
0.1,0.09,0.4,0.02,0.01,486.42,458.56
0.1,0.09,0.4,0.02,0.02,486.83,471.8
0.1,0.09,0.4,0.02,0.03,486.15,485.8
0.1,0.09,0.4,0.02,0.04,485.91,500.18
0.1,0.09,0.4,0.03,0,501.14,444.71
0.1,0.09,0.4,0.03,0.01,501.13,459.04
0.1,0.09,0.4,0.03,0.02,499.94,472.41
0.1,0.09,0.4,0.03,0.03,500.19,486.12
0.1,0.09,0.4,0.03,0.04,499.45,499.58
0.1,0.095,0.4,0,0,459.33,451.47
0.1,0.095,0.4,0,0.01,459.06,465.28
0.1,0.095,0.4,0,0.02,458.05,480.88
0.1,0.095,0.4,0,0.03,458.06,493.38
0.1,0.095,0.4,0,0.04,459.76,506.94
0.1,0.095,0.4,0.01,0,472.82,452.39
0.1,0.095,0.4,0.01,0.01,472.25,465.36
0.1,0.095,0.4,0.01,0.02,472.58,479.2
0.1,0.095,0.4,0.01,0.03,472.37,493.72
0.1,0.095,0.4,0.01,0.04,473.12,507.19
0.1,0.095,0.4,0.02,0,485.79,451.44
0.1,0.095,0.4,0.02,0.01,486.78,465.57
0.1,0.095,0.4,0.02,0.02,484.99,478.97
0.1,0.095,0.4,0.02,0.03,486.56,492.81
0.1,0.095,0.4,0.02,0.04,486.41,507.23
0.1,0.095,0.4,0.03,0,499.51,451.63
0.1,0.095,0.4,0.03,0.01,500.8,465.48
0.1,0.095,0.4,0.03,0.02,500.08,479.15
0.1,0.095,0.4,0.03,0.03,500.51,493.1
0.1,0.095,0.4,0.03,0.04,500.06,506.93
0.1,0.1,0.4,0,0,459.19,458.73
0.1,0.1,0.4,0,0.01,457.93,472.7
0.1,0.1,0.4,0,0.02,459.11,486.67
0.1,0.1,0.4,0,0.03,457.74,500.04
0.1,0.1,0.4,0,0.04,458.7,514.36
0.1,0.1,0.4,0.01,0,473.51,458.32
0.1,0.1,0.4,0.01,0.01,472.17,471.97
0.1,0.1,0.4,0.01,0.02,471.73,485.9
0.1,0.1,0.4,0.01,0.03,472.97,499.47
0.1,0.1,0.4,0.01,0.04,472.58,513.25
0.1,0.1,0.4,0.02,0,486.5,458.23
0.1,0.1,0.4,0.02,0.01,486.27,472.38
0.1,0.1,0.4,0.02,0.02,484.87,486.21
0.1,0.1,0.4,0.02,0.03,486.12,501.02
0.1,0.1,0.4,0.02,0.04,487.46,514.13
0.1,0.1,0.4,0.03,0,499.69,458.04
0.1,0.1,0.4,0.03,0.01,500.34,472.36
0.1,0.1,0.4,0.03,0.02,500.38,486.39
0.1,0.1,0.4,0.03,0.03,501.65,500.35
