-0.1,0,0.3,0.02,0.04,171.29,401.94
-0.1,0,0.3,0.03,0,193.21,320
-0.1,0,0.3,0.03,0.01,193.16,340.26
-0.1,0,0.3,0.03,0.02,193.01,360.58
-0.1,0,0.3,0.03,0.03,192.77,380.98
-0.1,0,0.3,0.03,0.04,192.43,401.53
-0.1,0.05,0.3,0,0,127.55,416.23
-0.1,0.05,0.3,0,0.01,126.81,437.46
-0.1,0.05,0.3,0,0.02,125.93,458.95
-0.1,0.05,0.3,0,0.03,124.91,480.76
-0.1,0.05,0.3,0,0.04,123.74,502.91
-0.1,0.05,0.3,0.01,0,149.46,415.6
-0.1,0.05,0.3,0.01,0.01,148.8,436.69
-0.1,0.05,0.3,0.01,0.02,148.01,458.05
-0.1,0.05,0.3,0.01,0.03,147.1,479.72
-0.1,0.05,0.3,0.01,0.04,146.06,501.74
-0.1,0.05,0.3,0.02,0,170.98,415.04
-0.1,0.05,0.3,0.02,0.01,170.4,436.01
-0.1,0.05,0.3,0.02,0.02,169.71,457.25
-0.1,0.05,0.3,0.02,0.03,168.91,478.8
-0.1,0.05,0.3,0.02,0.04,167.99,500.7
-0.1,0.05,0.3,0.03,0,192.16,414.55
-0.1,0.05,0.3,0.03,0.01,191.67,435.42
-0.1,0.05,0.3,0.03,0.02,191.07,456.56
-0.1,0.05,0.3,0.03,0.03,190.38,478
-0.1,0.05,0.3,0.03,0.04,189.59,499.8
-0.1,0.1,0.3,0,0,122.93,517.07
-0.1,0.1,0.3,0,0.01,121.53,539.91
-0.1,0.1,0.3,0,0.02,119.98,563.22
-0.1,0.1,0.3,0,0.03,118.29,587.06
-0.1,0.1,0.3,0,0.04,116.46,611.47
-0.1,0.1,0.3,0.01,0,145.34,515.81
-0.1,0.1,0.3,0.01,0.01,144.09,538.51
-0.1,0.1,0.3,0.01,0.02,142.71,561.69
-0.1,0.1,0.3,0.01,0.03,141.2,585.39
-0.1,0.1,0.3,0.01,0.04,139.57,609.67
-0.1,0.1,0.3,0.02,0,167.36,514.7
-0.1,0.1,0.3,0.02,0.01,166.26,537.28
-0.1,0.1,0.3,0.02,0.02,165.05,560.33
-0.1,0.1,0.3,0.02,0.03,163.72,583.92
-0.1,0.1,0.3,0.02,0.04,162.29,608.07
-0.1,0.1,0.3,0.03,0,189.04,513.72
-0.1,0.1,0.3,0.03,0.01,188.09,536.2
-0.1,0.1,0.3,0.03,0.02,187.05,559.15
-0.1,0.1,0.3,0.03,0.03,185.91,582.63
-0.05,0,0.3,0.02,0.04,267.06,400.52
-0.05,0,0.3,0.03,0,287.45,320
-0.05,0,0.3,0.03,0.01,287.44,339.98
-0.05,0,0.3,0.03,0.02,287.4,360.01
-0.05,0,0.3,0.03,0.03,287.34,380.13
-0.05,0,0.3,0.03,0.04,287.25,400.39
-0.05,0.05,0.3,0,0,226.08,413.92
-0.05,0.05,0.3,0,0.01,225.72,434.65
-0.05,0.05,0.3,0,0.02,225.28,455.65
-0.05,0.05,0.3,0,0.03,224.76,476.95
-0.05,0.05,0.3,0,0.04,224.18,498.61
-0.05,0.05,0.3,0.01,0,246.6,413.62
-0.05,0.05,0.3,0.01,0.01,246.31,434.29
-0.05,0.05,0.3,0.01,0.02,245.97,455.22
-0.05,0.05,0.3,0.01,0.03,245.57,476.46
-0.05,0.05,0.3,0.01,0.04,245.11,498.06
-0.05,0.05,0.3,0.02,0,266.95,413.39
-0.05,0.05,0.3,0.02,0.01,266.74,434.02
-0.05,0.05,0.3,0.02,0.02,266.49,454.9
-0.05,0.05,0.3,0.02,0.03,266.2,476.09
-0.05,0.05,0.3,0.02,0.04,265.87,497.64
-0.05,0.05,0.3,0.03,0,287.18,413.24
-0.05,0.05,0.3,0.03,0.01,287.05,433.83
-0.05,0.05,0.3,0.03,0.02,286.89,454.68
-0.05,0.05,0.3,0.03,0.03,286.71,475.84
-0.05,0.05,0.3,0.03,0.04,286.51,497.35
-0.05,0.1,0.3,0,0,223.77,512.45
-0.05,0.1,0.3,0,0.01,223.07,534.79
-0.05,0.1,0.3,0,0.02,222.3,557.6
-0.05,0.1,0.3,0,0.03,221.46,580.94
-0.05,0.1,0.3,0,0.04,220.54,604.85
-0.05,0.1,0.3,0.01,0,244.79,511.86
-0.05,0.1,0.3,0.01,0.01,244.24,534.13
-0.05,0.1,0.3,0.01,0.02,243.64,556.88
-0.05,0.1,0.3,0.01,0.03,242.97,580.16
-0.05,0.1,0.3,0.01,0.04,242.26,604
-0.05,0.1,0.3,0.02,0,265.64,511.41
-0.05,0.1,0.3,0.02,0.01,265.24,533.63
-0.05,0.1,0.3,0.02,0.02,264.8,556.34
-0.05,0.1,0.3,0.02,0.03,264.32,579.56
-0.05,0.1,0.3,0.02,0.04,263.8,603.36
-0.05,0.1,0.3,0.03,0,286.37,511.1
-0.05,0.1,0.3,0.03,0.01,286.12,533.29
-0.05,0.1,0.3,0.03,0.02,285.85,555.96
-0.05,0.1,0.3,0.03,0.03,285.55,579.16
0,0,0.3,0.02,0.04,360.22,400.43
0,0,0.3,0.03,0,380.07,320
0,0,0.3,0.03,0.01,380.09,340.03
0,0,0.3,0.03,0.02,380.16,360.11
0,0,0.3,0.03,0.03,380.28,380.28
0,0,0.3,0.03,0.04,380.44,400.59
0,0.05,0.3,0,0,320,413.15
0,0.05,0.3,0,0.01,320,433.71
0,0.05,0.3,0,0.02,320,454.54
0,0.05,0.3,0,0.03,320,475.68
0,0.05,0.3,0,0.04,320,497.17
0,0.05,0.3,0.01,0,340.13,413.18
0,0.05,0.3,0.01,0.01,340.21,433.76
0,0.05,0.3,0.01,0.02,340.3,454.59
0,0.05,0.3,0.01,0.03,340.41,475.74
0,0.05,0.3,0.01,0.04,340.54,497.24
0,0.05,0.3,0.02,0,360.3,413.29
0,0.05,0.3,0.02,0.01,360.46,433.89
0,0.05,0.3,0.02,0.02,360.65,454.75
0,0.05,0.3,0.02,0.03,360.87,475.92
0,0.05,0.3,0.02,0.04,361.12,497.44
0,0.05,0.3,0.03,0,380.57,413.47
0,0.05,0.3,0.03,0.01,380.81,434.11
0,0.05,0.3,0.03,0.02,381.09,455.01
0,0.05,0.3,0.03,0.03,381.42,476.21
0,0.05,0.3,0.03,0.04,381.8,497.78
0,0.1,0.3,0,0,320,510.91
0,0.1,0.3,0,0.01,320,533.08
0,0.1,0.3,0,0.02,320,555.73
0,0.1,0.3,0,0.03,320,578.91
0,0.1,0.3,0,0.04,320,602.65
0,0.1,0.3,0.01,0,340.63,510.98
0,0.1,0.3,0.01,0.01,340.78,533.16
0,0.1,0.3,0.01,0.02,340.94,555.82
0,0.1,0.3,0.01,0.03,341.13,579
0,0.1,0.3,0.01,0.04,341.32,602.75
0,0.1,0.3,0.02,0,361.3,511.2
0,0.1,0.3,0.02,0.01,361.6,533.4
0,0.1,0.3,0.02,0.02,361.94,556.08
0,0.1,0.3,0.02,0.03,362.3,579.29
0,0.1,0.3,0.02,0.04,362.7,603.06
0,0.1,0.3,0.03,0,382.06,511.56
0,0.1,0.3,0.03,0.01,382.52,533.8
0,0.1,0.3,0.03,0.02,383.02,556.52
0,0.1,0.3,0.03,0.03,383.57,579.76
0.05,0,0.3,0.02,0.04,455.37,401.67
0.05,0,0.3,0.03,0,475.68,320
0.05,0,0.3,0.03,0.01,475.74,340.41
0.05,0,0.3,0.03,0.02,475.92,360.87
0.05,0,0.3,0.03,0.03,476.21,381.42
0.05,0,0.3,0.03,0.04,476.63,402.12
0.05,0.05,0.3,0,0,413.92,413.92
0.05,0.05,0.3,0,0.01,414.28,434.65
0.05,0.05,0.3,0,0.02,414.72,455.65
0.05,0.05,0.3,0,0.03,415.24,476.95
0.05,0.05,0.3,0,0.04,415.82,498.61
0.05,0.05,0.3,0.01,0,434.65,414.28
0.05,0.05,0.3,0.01,0.01,435.1,435.1
0.05,0.05,0.3,0.01,0.02,435.63,456.17
0.05,0.05,0.3,0.01,0.03,436.26,477.56
0.05,0.05,0.3,0.01,0.04,436.97,499.3
0.05,0.05,0.3,0.02,0,455.65,414.72
0.05,0.05,0.3,0.02,0.01,456.17,435.63
0.05,0.05,0.3,0.02,0.02,456.8,456.8
0.05,0.05,0.3,0.02,0.03,457.54,478.28
0.05,0.05,0.3,0.02,0.04,458.37,500.12
0.05,0.05,0.3,0.03,0,476.95,415.24
0.05,0.05,0.3,0.03,0.01,477.56,436.26
0.05,0.05,0.3,0.03,0.02,478.28,457.54
0.05,0.05,0.3,0.03,0.03,479.13,479.13
0.05,0.05,0.3,0.03,0.04,480.09,501.07
0.05,0.1,0.3,0,0,416.23,512.45
0.05,0.1,0.3,0,0.01,416.93,534.79
0.05,0.1,0.3,0,0.02,417.7,557.6
0.05,0.1,0.3,0,0.03,418.54,580.94
0.05,0.1,0.3,0,0.04,419.46,604.85
0.05,0.1,0.3,0.01,0,437.46,513.19
0.05,0.1,0.3,0.01,0.01,438.31,535.6
0.05,0.1,0.3,0.01,0.02,439.25,558.5
0.05,0.1,0.3,0.01,0.03,440.28,581.92
0.05,0.1,0.3,0.01,0.04,441.39,605.91
0.05,0.1,0.3,0.02,0,458.95,514.07
0.05,0.1,0.3,0.02,0.01,459.96,536.58
0.05,0.1,0.3,0.02,0.02,461.06,559.57
0.05,0.1,0.3,0.02,0.03,462.27,583.09
0.05,0.1,0.3,0.02,0.04,463.59,607.17
0.05,0.1,0.3,0.03,0,480.76,515.09
0.05,0.1,0.3,0.03,0.01,481.91,537.72
0.05,0.1,0.3,0.03,0.02,483.18,560.82
0.05,0.1,0.3,0.03,0.03,484.58,584.44
0.1,0,0.3,0.02,0.04,557.13,404.24
0.1,0,0.3,0.03,0,578.91,320
0.1,0,0.3,0.03,0.01,579,341.13
0.1,0,0.3,0.03,0.02,579.29,362.3
0.1,0,0.3,0.03,0.03,579.76,383.57
0.1,0,0.3,0.03,0.04,580.43,404.97
0.1,0.05,0.3,0,0,512.45,416.23
0.1,0.05,0.3,0,0.01,513.19,437.46
0.1,0.05,0.3,0,0.02,514.07,458.95
0.1,0.05,0.3,0,0.03,515.09,480.76
0.1,0.05,0.3,0,0.04,516.26,502.91
0.1,0.05,0.3,0.01,0,534.79,416.93
0.1,0.05,0.3,0.01,0.01,535.6,438.31
0.1,0.05,0.3,0.01,0.02,536.58,459.96
0.1,0.05,0.3,0.01,0.03,537.72,481.91
0.1,0.05,0.3,0.01,0.04,539.01,504.22
0.1,0.05,0.3,0.02,0,557.6,417.7
0.1,0.05,0.3,0.02,0.01,558.5,439.25
0.1,0.05,0.3,0.02,0.02,559.57,461.06
0.1,0.05,0.3,0.02,0.03,560.82,483.18
0.1,0.05,0.3,0.02,0.04,562.24,505.66
0.1,0.05,0.3,0.03,0,580.94,418.54
0.1,0.05,0.3,0.03,0.01,581.92,440.28
0.1,0.05,0.3,0.03,0.02,583.09,462.27
0.1,0.05,0.3,0.03,0.03,584.44,484.58
0.1,0.05,0.3,0.03,0.04,585.99,507.24
0.1,0.1,0.3,0,0,517.07,517.07
0.1,0.1,0.3,0,0.01,518.47,539.91
0.1,0.1,0.3,0,0.02,520.02,563.22
0.1,0.1,0.3,0,0.03,521.71,587.06
0.1,0.1,0.3,0,0.04,523.54,611.47
0.1,0.1,0.3,0.01,0,539.91,518.47
0.1,0.1,0.3,0.01,0.01,541.46,541.46
0.1,0.1,0.3,0.01,0.02,543.17,564.93
0.1,0.1,0.3,0.01,0.03,545.04,588.92
0.1,0.1,0.3,0.01,0.04,547.07,613.48
0.1,0.1,0.3,0.02,0,563.22,520.02
0.1,0.1,0.3,0.02,0.01,564.93,543.17
0.1,0.1,0.3,0.02,0.02,566.8,566.8
0.1,0.1,0.3,0.02,0.03,568.86,590.96
0.1,0.1,0.3,0.02,0.04,571.09,615.69
0.1,0.1,0.3,0.03,0,587.06,521.71
0.1,0.1,0.3,0.03,0.01,588.92,545.04
0.1,0.1,0.3,0.03,0.02,590.96,568.86
0.1,0.1,0.3,0.03,0.03,593.2,593.2
-0.1,0,0.31,0.02,0.04,176.32,399.17
-0.1,0,0.31,0.03,0,197.41,320
-0.1,0,0.31,0.03,0.01,197.37,339.59
-0.1,0,0.31,0.03,0.02,197.24,359.23
-0.1,0,0.31,0.03,0.03,197.02,378.94
-0.1,0,0.31,0.03,0.04,196.71,398.79
-0.1,0.05,0.31,0,0,134.23,412.88
-0.1,0.05,0.31,0,0.01,133.56,433.35
-0.1,0.05,0.31,0,0.02,132.76,454.06
-0.1,0.05,0.31,0,0.03,131.84,475.05
-0.1,0.05,0.31,0,0.04,130.78,496.35
-0.1,0.05,0.31,0.01,0,155.31,412.31
-0.1,0.05,0.31,0.01,0.01,154.72,432.66
-0.1,0.05,0.31,0.01,0.02,154,453.24
-0.1,0.05,0.31,0.01,0.03,153.18,474.11
-0.1,0.05,0.31,0.01,0.04,152.23,495.29
-0.1,0.05,0.31,0.02,0,176.04,411.81
-0.1,0.05,0.31,0.02,0.01,175.52,432.05
-0.1,0.05,0.31,0.02,0.02,174.89,452.52
-0.1,0.05,0.31,0.02,0.03,174.17,473.27
-0.1,0.05,0.31,0.02,0.04,173.34,494.35
-0.1,0.05,0.31,0.03,0,196.47,411.37
-0.1,0.05,0.31,0.03,0.01,196.02,431.51
-0.1,0.05,0.31,0.03,0.02,195.48,451.89
-0.1,0.05,0.31,0.03,0.03,194.85,472.55
-0.1,0.05,0.31,0.03,0.04,194.13,493.53
-0.1,0.1,0.31,0,0,130.04,509.96
-0.1,0.1,0.31,0,0.01,128.77,531.88
-0.1,0.1,0.31,0,0.02,127.37,554.23
-0.1,0.1,0.31,0,0.03,125.84,577.07
-0.1,0.1,0.31,0,0.04,124.18,600.41
-0.1,0.1,0.31,0.01,0,151.58,508.81
-0.1,0.1,0.31,0.01,0.01,150.44,530.61
-0.1,0.1,0.31,0.01,0.02,149.19,552.85
-0.1,0.1,0.31,0.01,0.03,147.83,575.56
-0.1,0.1,0.31,0.01,0.04,146.35,598.78
-0.1,0.1,0.31,0.02,0,172.76,507.8
-0.1,0.1,0.31,0.02,0.01,171.77,529.5
-0.1,0.1,0.31,0.02,0.02,170.67,551.62
-0.1,0.1,0.31,0.02,0.03,169.47,574.22
-0.1,0.1,0.31,0.02,0.04,168.16,597.33
-0.1,0.1,0.31,0.03,0,193.64,506.92
-0.1,0.1,0.31,0.03,0.01,192.78,528.52
-0.1,0.1,0.31,0.03,0.02,191.83,550.55
-0.1,0.1,0.31,0.03,0.03,190.8,573.05
-0.05,0,0.31,0.02,0.04,268.8,397.88
-0.05,0,0.31,0.03,0,288.5,320
-0.05,0,0.31,0.03,0.01,288.49,339.34
-0.05,0,0.31,0.03,0.02,288.46,358.71
-0.05,0,0.31,0.03,0.03,288.4,378.17
-0.05,0,0.31,0.03,0.04,288.32,397.76
-0.05,0.05,0.31,0,0,229.21,410.79
-0.05,0.05,0.31,0,0.01,228.87,430.81
-0.05,0.05,0.31,0,0.02,228.48,451.06
-0.05,0.05,0.31,0,0.03,228.01,471.6
-0.05,0.05,0.31,0,0.04,227.48,492.45
-0.05,0.05,0.31,0.01,0,249.03,410.52
-0.05,0.05,0.31,0.01,0.01,248.77,430.48
-0.05,0.05,0.31,0.01,0.02,248.46,450.68
-0.05,0.05,0.31,0.01,0.03,248.09,471.15
-0.05,0.05,0.31,0.01,0.04,247.68,491.95
-0.05,0.05,0.31,0.02,0,268.7,410.32
-0.05,0.05,0.31,0.02,0.01,268.51,430.23
-0.05,0.05,0.31,0.02,0.02,268.28,450.39
-0.05,0.05,0.31,0.02,0.03,268.02,470.82
-0.05,0.05,0.31,0.02,0.04,267.72,491.57
-0.05,0.05,0.31,0.03,0,288.26,410.18
-0.05,0.05,0.31,0.03,0.01,288.14,430.07
-0.05,0.05,0.31,0.03,0.02,288,450.19
-0.05,0.05,0.31,0.03,0.03,287.84,470.59
-0.05,0.05,0.31,0.03,0.04,287.65,491.31
-0.05,0.1,0.31,0,0,227.12,505.77
-0.05,0.1,0.31,0,0.01,226.48,527.24
-0.05,0.1,0.31,0,0.02,225.78,549.14
-0.05,0.1,0.31,0,0.03,225.01,571.52
-0.05,0.1,0.31,0,0.04,224.18,594.42
-0.05,0.1,0.31,0.01,0,247.39,505.23
-0.05,0.1,0.31,0.01,0.01,246.89,526.64
-0.05,0.1,0.31,0.01,0.02,246.34,548.49
-0.05,0.1,0.31,0.01,0.03,245.74,570.81
-0.05,0.1,0.31,0.01,0.04,245.09,593.65
-0.05,0.1,0.31,0.02,0,267.51,504.82
-0.05,0.1,0.31,0.02,0.01,267.15,526.19
-0.05,0.1,0.31,0.02,0.02,266.75,547.99
-0.05,0.1,0.31,0.02,0.03,266.32,570.27
-0.05,0.1,0.31,0.02,0.04,265.84,593.07
-0.05,0.1,0.31,0.03,0,287.52,504.55
-0.05,0.1,0.31,0.03,0.01,287.3,525.89
-0.05,0.1,0.31,0.03,0.02,287.05,547.66
-0.05,0.1,0.31,0.03,0.03,286.78,569.9
0,0,0.31,0.02,0.04,358.9,397.8
0,0,0.31,0.03,0,378.12,320
0,0,0.31,0.03,0.01,378.14,339.38
0,0,0.31,0.03,0.02,378.2,358.8
0,0,0.31,0.03,0.03,378.31,378.31
0,0,0.31,0.03,0.04,378.46,397.94
0,0.05,0.31,0,0,320,410.09
0,0.05,0.31,0,0.01,320,429.96
0,0.05,0.31,0,0.02,320,450.06
0,0.05,0.31,0,0.03,320,470.45
0,0.05,0.31,0,0.04,320,491.15
0,0.05,0.31,0.01,0,339.47,410.13
0,0.05,0.31,0.01,0.01,339.54,430
0,0.05,0.31,0.01,0.02,339.63,450.11
0,0.05,0.31,0.01,0.03,339.73,470.5
0,0.05,0.31,0.01,0.04,339.84,491.21
0,0.05,0.31,0.02,0,358.98,410.22
0,0.05,0.31,0.02,0.01,359.12,430.12
0,0.05,0.31,0.02,0.02,359.29,450.25
0,0.05,0.31,0.02,0.03,359.49,470.66
0,0.05,0.31,0.02,0.04,359.72,491.4
0,0.05,0.31,0.03,0,378.57,410.39
0,0.05,0.31,0.03,0.01,378.79,430.32
0,0.05,0.31,0.03,0.02,379.05,450.48
0,0.05,0.31,0.03,0.03,379.35,470.93
0,0.05,0.31,0.03,0.04,379.69,491.7
0,0.1,0.31,0,0,320,504.37
0,0.1,0.31,0,0.01,320,525.69
0,0.1,0.31,0,0.02,320,547.45
0,0.1,0.31,0,0.03,320,569.68
0,0.1,0.31,0,0.04,320,592.42
0,0.1,0.31,0.01,0,339.92,504.44
0,0.1,0.31,0.01,0.01,340.06,525.77
0,0.1,0.31,0.01,0.02,340.21,547.53
0,0.1,0.31,0.01,0.03,340.37,569.76
0,0.1,0.31,0.01,0.04,340.55,592.51
0,0.1,0.31,0.02,0,359.88,504.63
0,0.1,0.31,0.02,0.01,360.16,525.98
0,0.1,0.31,0.02,0.02,360.46,547.76
0,0.1,0.31,0.02,0.03,360.79,570.02
0,0.1,0.31,0.02,0.04,361.15,592.79
0,0.1,0.31,0.03,0,379.93,504.96
0,0.1,0.31,0.03,0.01,380.34,526.34
0,0.1,0.31,0.03,0.02,380.79,548.16
0,0.1,0.31,0.03,0.03,381.29,570.45
0.05,0,0.31,0.02,0.04,450.81,398.92
0.05,0,0.31,0.03,0,470.45,320
0.05,0,0.31,0.03,0.01,470.5,339.73
0.05,0,0.31,0.03,0.02,470.66,359.49
0.05,0,0.31,0.03,0.03,470.93,379.35
0.05,0,0.31,0.03,0.04,471.31,399.33
0.05,0.05,0.31,0,0,410.79,410.79
0.05,0.05,0.31,0,0.01,411.13,430.81
0.05,0.05,0.31,0,0.02,411.52,451.06
0.05,0.05,0.31,0,0.03,411.99,471.6
0.05,0.05,0.31,0,0.04,412.52,492.45
0.05,0.05,0.31,0.01,0,430.81,411.13
0.05,0.05,0.31,0.01,0.01,431.21,431.21
0.05,0.05,0.31,0.01,0.02,431.7,451.54
0.05,0.05,0.31,0.01,0.03,432.26,472.15
0.05,0.05,0.31,0.01,0.04,432.91,493.08
0.05,0.05,0.31,0.02,0,451.06,411.52
0.05,0.05,0.31,0.02,0.01,451.54,431.7
0.05,0.05,0.31,0.02,0.02,452.11,452.11
0.05,0.05,0.31,0.02,0.03,452.78,472.81
0.05,0.05,0.31,0.02,0.04,453.54,493.82
0.05,0.05,0.31,0.03,0,471.6,411.99
0.05,0.05,0.31,0.03,0.01,472.15,432.26
0.05,0.05,0.31,0.03,0.02,472.81,452.78
0.05,0.05,0.31,0.03,0.03,473.57,473.57
0.05,0.05,0.31,0.03,0.04,474.44,494.68
0.05,0.1,0.31,0,0,412.88,505.77
0.05,0.1,0.31,0,0.01,413.52,527.24
0.05,0.1,0.31,0,0.02,414.22,549.14
0.05,0.1,0.31,0,0.03,414.99,571.52
0.05,0.1,0.31,0,0.04,415.82,594.42
0.05,0.1,0.31,0.01,0,433.35,506.44
0.05,0.1,0.31,0.01,0.01,434.13,527.98
0.05,0.1,0.31,0.01,0.02,434.98,549.96
0.05,0.1,0.31,0.01,0.03,435.91,572.41
0.05,0.1,0.31,0.01,0.04,436.92,595.38
0.05,0.1,0.31,0.02,0,454.06,507.24
0.05,0.1,0.31,0.02,0.01,454.97,528.86
0.05,0.1,0.31,0.02,0.02,455.97,550.93
0.05,0.1,0.31,0.02,0.03,457.07,573.46
0.05,0.1,0.31,0.02,0.04,458.26,596.52
0.05,0.1,0.31,0.03,0,475.05,508.16
0.05,0.1,0.31,0.03,0.01,476.09,529.89
0.05,0.1,0.31,0.03,0.02,477.25,552.06
0.05,0.1,0.31,0.03,0.03,478.51,574.69
0.1,0,0.31,0.02,0.04,548.71,401.25
0.1,0,0.31,0.03,0,569.68,320
0.1,0,0.31,0.03,0.01,569.76,340.37
0.1,0,0.31,0.03,0.02,570.02,360.79
0.1,0,0.31,0.03,0.03,570.45,381.29
0.1,0,0.31,0.03,0.04,571.05,401.92
0.1,0.05,0.31,0,0,505.77,412.88
0.1,0.05,0.31,0,0.01,506.44,433.35
0.1,0.05,0.31,0,0.02,507.24,454.06
0.1,0.05,0.31,0,0.03,508.16,475.05
0.1,0.05,0.31,0,0.04,509.22,496.35
0.1,0.05,0.31,0.01,0,527.24,413.52
0.1,0.05,0.31,0.01,0.01,527.98,434.13
0.1,0.05,0.31,0.01,0.02,528.86,454.97
0.1,0.05,0.31,0.01,0.03,529.89,476.09
0.1,0.05,0.31,0.01,0.04,531.07,497.54
0.1,0.05,0.31,0.02,0,549.14,414.22
0.1,0.05,0.31,0.02,0.01,549.96,434.98
0.1,0.05,0.31,0.02,0.02,550.93,455.97
0.1,0.05,0.31,0.02,0.03,552.06,477.25
0.1,0.05,0.31,0.02,0.04,553.34,498.84
0.1,0.05,0.31,0.03,0,571.52,414.99
0.1,0.05,0.31,0.03,0.01,572.41,435.91
0.1,0.05,0.31,0.03,0.02,573.46,457.07
0.1,0.05,0.31,0.03,0.03,574.69,478.51
0.1,0.05,0.31,0.03,0.04,576.09,500.27
0.1,0.1,0.31,0,0,509.96,509.96
0.1,0.1,0.31,0,0.01,511.23,531.88
0.1,0.1,0.31,0,0.02,512.63,554.23
0.1,0.1,0.31,0,0.03,514.16,577.07
0.1,0.1,0.31,0,0.04,515.82,600.41
0.1,0.1,0.31,0.01,0,531.88,511.23
0.1,0.1,0.31,0.01,0.01,533.29,533.29
0.1,0.1,0.31,0.01,0.02,534.84,555.78
0.1,0.1,0.31,0.01,0.03,536.53,578.75
0.1,0.1,0.31,0.01,0.04,538.38,602.23
0.1,0.1,0.31,0.02,0,554.23,512.63
0.1,0.1,0.31,0.02,0.01,555.78,534.84
0.1,0.1,0.31,0.02,0.02,557.48,557.48
0.1,0.1,0.31,0.02,0.03,559.34,580.6
0.1,0.1,0.31,0.02,0.04,561.36,604.24
0.1,0.1,0.31,0.03,0,577.07,514.16
0.1,0.1,0.31,0.03,0.01,578.75,536.53
0.1,0.1,0.31,0.03,0.02,580.6,559.34
0.1,0.1,0.31,0.03,0.03,582.63,582.63
-0.1,0,0.32,0.02,0.04,181.02,396.58
-0.1,0,0.32,0.03,0,201.35,320
-0.1,0,0.32,0.03,0.01,201.31,338.96
-0.1,0,0.32,0.03,0.02,201.19,357.96
-0.1,0,0.32,0.03,0.03,200.99,377.04
-0.1,0,0.32,0.03,0.04,200.71,396.24
-0.1,0.05,0.32,0,0,140.45,409.77
-0.1,0.05,0.32,0,0.01,139.84,429.53
-0.1,0.05,0.32,0,0.02,139.12,449.51
-0.1,0.05,0.32,0,0.03,138.28,469.74
-0.1,0.05,0.32,0,0.04,137.31,490.26
-0.1,0.05,0.32,0.01,0,160.77,409.26
-0.1,0.05,0.32,0.01,0.01,160.23,428.9
-0.1,0.05,0.32,0.01,0.02,159.58,448.77
-0.1,0.05,0.32,0.01,0.03,158.83,468.89
-0.1,0.05,0.32,0.01,0.04,157.97,489.3
-0.1,0.05,0.32,0.02,0,180.77,408.8
-0.1,0.05,0.32,0.02,0.01,180.29,428.35
-0.1,0.05,0.32,0.02,0.02,179.72,448.11
-0.1,0.05,0.32,0.02,0.03,179.06,468.13
-0.1,0.05,0.32,0.02,0.04,178.31,488.44
-0.1,0.05,0.32,0.03,0,200.49,408.4
-0.1,0.05,0.32,0.03,0.01,200.08,427.86
-0.1,0.05,0.32,0.03,0.02,199.59,447.54
-0.1,0.05,0.32,0.03,0.03,199.02,467.47
-0.1,0.05,0.32,0.03,0.04,198.37,487.7
-0.1,0.1,0.32,0,0,136.65,503.35
-0.1,0.1,0.32,0,0.01,135.49,524.44
-0.1,0.1,0.32,0,0.02,134.22,545.91
-0.1,0.1,0.32,0,0.03,132.83,567.82
-0.1,0.1,0.32,0,0.04,131.31,590.2
-0.1,0.1,0.32,0.01,0,157.37,502.32
-0.1,0.1,0.32,0.01,0.01,156.34,523.29
-0.1,0.1,0.32,0.01,0.02,155.21,544.65
-0.1,0.1,0.32,0.01,0.03,153.97,566.45
-0.1,0.1,0.32,0.01,0.04,152.62,588.71
-0.1,0.1,0.32,0.02,0,177.78,501.4
-0.1,0.1,0.32,0.02,0.01,176.88,522.27
-0.1,0.1,0.32,0.02,0.02,175.88,543.53
-0.1,0.1,0.32,0.02,0.03,174.79,565.23
-0.1,0.1,0.32,0.02,0.04,173.6,587.4
-0.1,0.1,0.32,0.03,0,197.92,500.6
-0.1,0.1,0.32,0.03,0.01,197.13,521.38
-0.1,0.1,0.32,0.03,0.02,196.27,542.56
-0.1,0.1,0.32,0.03,0.03,195.33,564.17
-0.05,0,0.32,0.02,0.04,270.42,395.41
-0.05,0,0.32,0.03,0,289.49,320
-0.05,0,0.32,0.03,0.01,289.48,338.73
-0.05,0,0.32,0.03,0.02,289.45,357.5
-0.05,0,0.32,0.03,0.03,289.39,376.34
-0.05,0,0.32,0.03,0.04,289.32,395.3
-0.05,0.05,0.32,0,0,232.13,407.87
-0.05,0.05,0.32,0,0.01,231.83,427.22
-0.05,0.05,0.32,0,0.02,231.46,446.79
-0.05,0.05,0.32,0,0.03,231.04,466.61
-0.05,0.05,0.32,0,0.04,230.56,486.72
-0.05,0.05,0.32,0.01,0,251.3,407.63
-0.05,0.05,0.32,0.01,0.01,251.06,426.92
-0.05,0.05,0.32,0.01,0.02,250.78,446.44
-0.05,0.05,0.32,0.01,0.03,250.45,466.2
-0.05,0.05,0.32,0.01,0.04,250.07,486.26
-0.05,0.05,0.32,0.02,0,270.33,407.44
-0.05,0.05,0.32,0.02,0.01,270.16,426.7
-0.05,0.05,0.32,0.02,0.02,269.95,446.17
-0.05,0.05,0.32,0.02,0.03,269.72,465.9
-0.05,0.05,0.32,0.02,0.04,269.44,485.92
-0.05,0.05,0.32,0.03,0,289.26,407.32
-0.05,0.05,0.32,0.03,0.01,289.16,426.54
-0.05,0.05,0.32,0.03,0.02,289.03,445.99
-0.05,0.05,0.32,0.03,0.03,288.88,465.69
-0.05,0.05,0.32,0.03,0.04,288.71,485.68
-0.05,0.1,0.32,0,0,230.23,499.55
-0.05,0.1,0.32,0,0.01,229.65,520.22
-0.05,0.1,0.32,0,0.02,229.01,541.28
-0.05,0.1,0.32,0,0.03,228.32,562.78
-0.05,0.1,0.32,0,0.04,227.56,584.75
-0.05,0.1,0.32,0.01,0,249.81,499.06
-0.05,0.1,0.32,0.01,0.01,249.36,519.68
-0.05,0.1,0.32,0.01,0.02,248.86,540.69
-0.05,0.1,0.32,0.01,0.03,248.31,562.13
-0.05,0.1,0.32,0.01,0.04,247.72,584.05
-0.05,0.1,0.32,0.02,0,269.25,498.69
-0.05,0.1,0.32,0.02,0.01,268.92,519.27
-0.05,0.1,0.32,0.02,0.02,268.56,540.24
-0.05,0.1,0.32,0.02,0.03,268.17,561.64
-0.05,0.1,0.32,0.02,0.04,267.74,583.52
-0.05,0.1,0.32,0.03,0,288.6,498.44
-0.05,0.1,0.32,0.03,0.01,288.39,518.99
-0.05,0.1,0.32,0.03,0.02,288.17,539.93
-0.05,0.1,0.32,0.03,0.03,287.92,561.31
0,0,0.32,0.02,0.04,357.67,395.34
0,0,0.32,0.03,0,376.29,320
0,0,0.32,0.03,0.01,376.31,338.77
0,0,0.32,0.03,0.02,376.37,357.58
0,0,0.32,0.03,0.03,376.46,376.46
0,0,0.32,0.03,0.04,376.6,395.46
0,0.05,0.32,0,0,320,407.24
0,0.05,0.32,0,0.01,320,426.45
0,0.05,0.32,0,0.02,320,445.88
0,0.05,0.32,0,0.03,320,465.56
0,0.05,0.32,0,0.04,320,485.54
0,0.05,0.32,0.01,0,338.85,407.27
0,0.05,0.32,0.01,0.01,338.92,426.49
0,0.05,0.32,0.01,0.02,338.99,445.92
0,0.05,0.32,0.01,0.03,339.08,465.61
0,0.05,0.32,0.01,0.04,339.19,485.59
0,0.05,0.32,0.02,0,357.74,407.36
0,0.05,0.32,0.02,0.01,357.87,426.59
0,0.05,0.32,0.02,0.02,358.03,446.05
0,0.05,0.32,0.02,0.03,358.21,465.76
0,0.05,0.32,0.02,0.04,358.42,485.76
0,0.05,0.32,0.03,0,376.7,407.5
0,0.05,0.32,0.03,0.01,376.9,426.77
0,0.05,0.32,0.03,0.02,377.13,446.26
0,0.05,0.32,0.03,0.03,377.41,466
0,0.05,0.32,0.03,0.04,377.72,486.03
0,0.1,0.32,0,0,320,498.28
0,0.1,0.32,0,0.01,320,518.81
0,0.1,0.32,0,0.02,320,539.74
0,0.1,0.32,0,0.03,320,561.1
0,0.1,0.32,0,0.04,320,582.93
0,0.1,0.32,0.01,0,339.26,498.34
0,0.1,0.32,0.01,0.01,339.39,518.88
0,0.1,0.32,0.01,0.02,339.52,539.81
0,0.1,0.32,0.01,0.03,339.67,561.18
0,0.1,0.32,0.01,0.04,339.84,583.02
0,0.1,0.32,0.02,0,358.56,498.52
0,0.1,0.32,0.02,0.01,358.81,519.08
0,0.1,0.32,0.02,0.02,359.08,540.03
0,0.1,0.32,0.02,0.03,359.38,561.41
0,0.1,0.32,0.02,0.04,359.71,583.27
0,0.1,0.32,0.03,0,377.94,498.81
0,0.1,0.32,0.03,0.01,378.31,519.4
0,0.1,0.32,0.03,0.02,378.72,540.39
0,0.1,0.32,0.03,0.03,379.17,561.81
0.05,0,0.32,0.02,0.04,446.56,396.36
0.05,0,0.32,0.03,0,465.56,320
0.05,0,0.32,0.03,0.01,465.61,339.08
0.05,0,0.32,0.03,0.02,465.76,358.21
0.05,0,0.32,0.03,0.03,466,377.41
0.05,0,0.32,0.03,0.04,466.34,396.72
0.05,0.05,0.32,0,0,407.87,407.87
0.05,0.05,0.32,0,0.01,408.17,427.22
0.05,0.05,0.32,0,0.02,408.54,446.79
0.05,0.05,0.32,0,0.03,408.96,466.61
0.05,0.05,0.32,0,0.04,409.44,486.72
0.05,0.05,0.32,0.01,0,427.22,408.17
0.05,0.05,0.32,0.01,0.01,427.59,427.59
0.05,0.05,0.32,0.01,0.02,428.03,447.22
0.05,0.05,0.32,0.01,0.03,428.54,467.11
0.05,0.05,0.32,0.01,0.04,429.13,487.28
0.05,0.05,0.32,0.02,0,446.79,408.54
0.05,0.05,0.32,0.02,0.01,447.22,428.03
0.05,0.05,0.32,0.02,0.02,447.74,447.74
0.05,0.05,0.32,0.02,0.03,448.34,467.7
0.05,0.05,0.32,0.02,0.04,449.03,487.96
0.05,0.05,0.32,0.03,0,466.61,408.96
0.05,0.05,0.32,0.03,0.01,467.11,428.54
0.05,0.05,0.32,0.03,0.02,467.7,448.34
0.05,0.05,0.32,0.03,0.03,468.4,468.4
0.05,0.05,0.32,0.03,0.04,469.19,488.75
0.05,0.1,0.32,0,0,409.77,499.55
0.05,0.1,0.32,0,0.01,410.35,520.22
0.05,0.1,0.32,0,0.02,410.99,541.28
0.05,0.1,0.32,0,0.03,411.68,562.78
0.05,0.1,0.32,0,0.04,412.44,584.75
0.05,0.1,0.32,0.01,0,429.53,500.16
0.05,0.1,0.32,0.01,0.01,430.24,520.89
0.05,0.1,0.32,0.01,0.02,431.01,542.02
0.05,0.1,0.32,0.01,0.03,431.86,563.58
0.05,0.1,0.32,0.01,0.04,432.78,585.62
0.05,0.1,0.32,0.02,0,449.51,500.88
0.05,0.1,0.32,0.02,0.01,450.34,521.7
0.05,0.1,0.32,0.02,0.02,451.25,542.9
0.05,0.1,0.32,0.02,0.03,452.25,564.55
0.05,0.1,0.32,0.02,0.04,453.33,586.66
0.05,0.1,0.32,0.03,0,469.74,501.72
0.05,0.1,0.32,0.03,0.01,470.69,522.63
0.05,0.1,0.32,0.03,0.02,471.74,543.93
0.05,0.1,0.32,0.03,0.03,472.89,565.66
0.1,0,0.32,0.02,0.04,540.89,398.48
0.1,0,0.32,0.03,0,561.1,320
0.1,0,0.32,0.03,0.01,561.18,339.67
0.1,0,0.32,0.03,0.02,561.41,359.38
0.1,0,0.32,0.03,0.03,561.81,379.17
0.1,0,0.32,0.03,0.04,562.35,399.08
0.1,0.05,0.32,0,0,499.55,409.77
0.1,0.05,0.32,0,0.01,500.16,429.53
0.1,0.05,0.32,0,0.02,500.88,449.51
0.1,0.05,0.32,0,0.03,501.72,469.74
0.1,0.05,0.32,0,0.04,502.69,490.26
0.1,0.05,0.32,0.01,0,520.22,410.35
0.1,0.05,0.32,0.01,0.01,520.89,430.24
0.1,0.05,0.32,0.01,0.02,521.7,450.34
0.1,0.05,0.32,0.01,0.03,522.63,470.69
0.1,0.05,0.32,0.01,0.04,523.7,491.34
0.1,0.05,0.32,0.02,0,541.28,410.99
0.1,0.05,0.32,0.02,0.01,542.02,431.01
0.1,0.05,0.32,0.02,0.02,542.9,451.25
0.1,0.05,0.32,0.02,0.03,543.93,471.74
0.1,0.05,0.32,0.02,0.04,545.1,492.53
0.1,0.05,0.32,0.03,0,562.78,411.68
0.1,0.05,0.32,0.03,0.01,563.58,431.86
0.1,0.05,0.32,0.03,0.02,564.55,452.25
0.1,0.05,0.32,0.03,0.03,565.66,472.89
0.1,0.05,0.32,0.03,0.04,566.94,493.83
0.1,0.1,0.32,0,0,503.35,503.35
0.1,0.1,0.32,0,0.01,504.51,524.44
0.1,0.1,0.32,0,0.02,505.78,545.91
0.1,0.1,0.32,0,0.03,507.17,567.82
0.1,0.1,0.32,0,0.04,508.69,590.2
0.1,0.1,0.32,0.01,0,524.44,504.51
0.1,0.1,0.32,0.01,0.01,525.72,525.72
0.1,0.1,0.32,0.01,0.02,527.13,547.32
0.1,0.1,0.32,0.01,0.03,528.67,569.35
0.1,0.1,0.32,0.01,0.04,530.34,591.85
0.1,0.1,0.32,0.02,0,545.91,505.78
0.1,0.1,0.32,0.02,0.01,547.32,527.13
0.1,0.1,0.32,0.02,0.02,548.87,548.87
0.1,0.1,0.32,0.02,0.03,550.56,571.04
0.1,0.1,0.32,0.02,0.04,552.39,593.68
0.1,0.1,0.32,0.03,0,567.82,507.17
0.1,0.1,0.32,0.03,0.01,569.35,528.67
0.1,0.1,0.32,0.03,0.02,571.04,550.56
0.1,0.1,0.32,0.03,0.03,572.88,572.88
-0.1,0,0.33,0.02,0.04,185.42,394.16
-0.1,0,0.33,0.03,0,205.03,320
-0.1,0,0.33,0.03,0.01,205,338.37
-0.1,0,0.33,0.03,0.02,204.89,356.78
-0.1,0,0.33,0.03,0.03,204.7,375.26
-0.1,0,0.33,0.03,0.04,204.45,393.84
-0.1,0.05,0.33,0,0,146.26,406.87
-0.1,0.05,0.33,0,0.01,145.71,425.97
-0.1,0.05,0.33,0,0.02,145.04,445.27
-0.1,0.05,0.33,0,0.03,144.28,464.8
-0.1,0.05,0.33,0,0.04,143.4,484.59
-0.1,0.05,0.33,0.01,0,165.87,406.4
-0.1,0.05,0.33,0.01,0.01,165.37,425.4
-0.1,0.05,0.33,0.01,0.02,164.78,444.59
-0.1,0.05,0.33,0.01,0.03,164.1,464.02
-0.1,0.05,0.33,0.01,0.04,163.31,483.71
-0.1,0.05,0.33,0.02,0,185.19,405.98
-0.1,0.05,0.33,0.02,0.01,184.75,424.89
-0.1,0.05,0.33,0.02,0.02,184.23,443.99
-0.1,0.05,0.33,0.02,0.03,183.63,463.33
-0.1,0.05,0.33,0.02,0.04,182.94,482.93
-0.1,0.05,0.33,0.03,0,204.25,405.61
-0.1,0.05,0.33,0.03,0.01,203.88,424.44
-0.1,0.05,0.33,0.03,0.02,203.43,443.47
-0.1,0.05,0.33,0.03,0.03,202.91,462.73
-0.1,0.05,0.33,0.03,0.04,202.32,482.25
-0.1,0.1,0.33,0,0,142.79,497.21
-0.1,0.1,0.33,0,0.01,141.74,517.52
-0.1,0.1,0.33,0,0.02,140.58,538.18
-0.1,0.1,0.33,0,0.03,139.31,559.24
-0.1,0.1,0.33,0,0.04,137.93,580.73
-0.1,0.1,0.33,0.01,0,162.77,496.26
-0.1,0.1,0.33,0.01,0.01,161.83,516.47
-0.1,0.1,0.33,0.01,0.02,160.8,537.03
-0.1,0.1,0.33,0.01,0.03,159.66,557.99
-0.1,0.1,0.33,0.01,0.04,158.44,579.37
-0.1,0.1,0.33,0.02,0,182.47,495.43
-0.1,0.1,0.33,0.02,0.01,181.64,515.54
-0.1,0.1,0.33,0.02,0.02,180.73,536.01
-0.1,0.1,0.33,0.02,0.03,179.73,556.88
-0.1,0.1,0.33,0.02,0.04,178.65,578.17
-0.1,0.1,0.33,0.03,0,201.9,494.7
-0.1,0.1,0.33,0.03,0.01,201.19,514.73
-0.1,0.1,0.33,0.03,0.02,200.41,535.13
-0.1,0.1,0.33,0.03,0.03,199.55,555.91
-0.05,0,0.33,0.02,0.04,271.95,393.09
-0.05,0,0.33,0.03,0,290.41,320
-0.05,0,0.33,0.03,0.01,290.4,338.16
-0.05,0,0.33,0.03,0.02,290.38,356.36
-0.05,0,0.33,0.03,0.03,290.33,374.62
-0.05,0,0.33,0.03,0.04,290.26,392.99
-0.05,0.05,0.33,0,0,234.87,405.13
-0.05,0.05,0.33,0,0.01,234.59,423.86
-0.05,0.05,0.33,0,0.02,234.26,442.78
-0.05,0.05,0.33,0,0.03,233.87,461.94
-0.05,0.05,0.33,0,0.04,233.43,481.36
-0.05,0.05,0.33,0.01,0,253.43,404.91
-0.05,0.05,0.33,0.01,0.01,253.21,423.59
-0.05,0.05,0.33,0.01,0.02,252.95,442.46
-0.05,0.05,0.33,0.01,0.03,252.65,461.57
-0.05,0.05,0.33,0.01,0.04,252.31,480.94
-0.05,0.05,0.33,0.02,0,271.87,404.74
-0.05,0.05,0.33,0.02,0.01,271.71,423.38
-0.05,0.05,0.33,0.02,0.02,271.52,442.22
-0.05,0.05,0.33,0.02,0.03,271.3,461.29
-0.05,0.05,0.33,0.02,0.04,271.05,480.63
-0.05,0.05,0.33,0.03,0,290.21,404.63
-0.05,0.05,0.33,0.03,0.01,290.11,423.24
-0.05,0.05,0.33,0.03,0.02,290,442.06
-0.05,0.05,0.33,0.03,0.03,289.86,461.1
-0.05,0.05,0.33,0.03,0.04,289.71,480.41
-0.05,0.1,0.33,0,0,233.13,493.74
-0.05,0.1,0.33,0,0.01,232.6,513.67
-0.05,0.1,0.33,0,0.02,232.02,533.96
-0.05,0.1,0.33,0,0.03,231.39,554.64
-0.05,0.1,0.33,0,0.04,230.7,575.76
-0.05,0.1,0.33,0.01,0,252.07,493.29
-0.05,0.1,0.33,0.01,0.01,251.66,513.18
-0.05,0.1,0.33,0.01,0.02,251.2,533.42
-0.05,0.1,0.33,0.01,0.03,250.7,554.05
-0.05,0.1,0.33,0.01,0.04,250.16,575.12
-0.05,0.1,0.33,0.02,0,270.88,492.96
-0.05,0.1,0.33,0.02,0.01,270.58,512.8
-0.05,0.1,0.33,0.02,0.02,270.25,533.01
-0.05,0.1,0.33,0.02,0.03,269.89,553.61
-0.05,0.1,0.33,0.02,0.04,269.5,574.63
-0.05,0.1,0.33,0.03,0,289.6,492.73
-0.05,0.1,0.33,0.03,0.01,289.41,512.55
-0.05,0.1,0.33,0.03,0.02,289.21,532.73
-0.05,0.1,0.33,0.03,0.03,288.99,553.3
0,0,0.33,0.02,0.04,356.51,393.02
0,0,0.33,0.03,0,374.58,320
0,0,0.33,0.03,0.01,374.59,338.2
0,0,0.33,0.03,0.02,374.65,356.43
0,0,0.33,0.03,0.03,374.73,374.73
0,0,0.33,0.03,0.04,374.86,393.14
0,0.05,0.33,0,0,320,404.56
0,0.05,0.33,0,0.01,320,423.16
0,0.05,0.33,0,0.02,320,441.96
0,0.05,0.33,0,0.03,320,460.98
0,0.05,0.33,0,0.04,320,480.28
0,0.05,0.33,0.01,0,338.27,404.58
0,0.05,0.33,0.01,0.01,338.33,423.19
0,0.05,0.33,0.01,0.02,338.4,441.99
0,0.05,0.33,0.01,0.03,338.48,461.03
0,0.05,0.33,0.01,0.04,338.58,480.33
0,0.05,0.33,0.02,0,356.58,404.66
0,0.05,0.33,0.02,0.01,356.69,423.29
0,0.05,0.33,0.02,0.02,356.84,442.11
0,0.05,0.33,0.02,0.03,357,461.16
0,0.05,0.33,0.02,0.04,357.19,480.48
0,0.05,0.33,0.03,0,374.95,404.8
0,0.05,0.33,0.03,0.01,375.13,423.45
0,0.05,0.33,0.03,0.02,375.34,442.3
0,0.05,0.33,0.03,0.03,375.59,461.38
0,0.05,0.33,0.03,0.04,375.88,480.73
0,0.1,0.33,0,0,320,492.58
0,0.1,0.33,0,0.01,320,512.39
0,0.1,0.33,0,0.02,320,532.55
0,0.1,0.33,0,0.03,320,553.11
0,0.1,0.33,0,0.04,320,574.1
0,0.1,0.33,0.01,0,338.64,492.64
0,0.1,0.33,0.01,0.01,338.76,512.45
0,0.1,0.33,0.01,0.02,338.88,532.62
0,0.1,0.33,0.01,0.03,339.02,553.18
0,0.1,0.33,0.01,0.04,339.17,574.18
0,0.1,0.33,0.02,0,357.32,492.8
0,0.1,0.33,0.02,0.01,357.55,512.63
0,0.1,0.33,0.02,0.02,357.8,532.82
0,0.1,0.33,0.02,0.03,358.08,553.4
0,0.1,0.33,0.02,0.04,358.37,574.41
0,0.1,0.33,0.03,0,376.07,493.07
0,0.1,0.33,0.03,0.01,376.42,512.93
0,0.1,0.33,0.03,0.02,376.79,533.15
0,0.1,0.33,0.03,0.03,377.2,553.76
0.05,0,0.33,0.02,0.04,442.57,393.95
0.05,0,0.33,0.03,0,460.98,320
0.05,0,0.33,0.03,0.01,461.03,338.48
0.05,0,0.33,0.03,0.02,461.16,357
0.05,0,0.33,0.03,0.03,461.38,375.59
0.05,0,0.33,0.03,0.04,461.7,394.29
0.05,0.05,0.33,0,0,405.13,405.13
0.05,0.05,0.33,0,0.01,405.41,423.86
0.05,0.05,0.33,0,0.02,405.74,442.78
0.05,0.05,0.33,0,0.03,406.13,461.94
0.05,0.05,0.33,0,0.04,406.57,481.36
0.05,0.05,0.33,0.01,0,423.86,405.41
0.05,0.05,0.33,0.01,0.01,424.2,424.2
0.05,0.05,0.33,0.01,0.02,424.6,443.18
0.05,0.05,0.33,0.01,0.03,425.07,462.39
0.05,0.05,0.33,0.01,0.04,425.6,481.88
0.05,0.05,0.33,0.02,0,442.78,405.74
0.05,0.05,0.33,0.02,0.01,443.18,424.6
0.05,0.05,0.33,0.02,0.02,443.65,443.65
0.05,0.05,0.33,0.02,0.03,444.2,462.94
0.05,0.05,0.33,0.02,0.04,444.83,482.49
0.05,0.05,0.33,0.03,0,461.94,406.13
0.05,0.05,0.33,0.03,0.01,462.39,425.07
0.05,0.05,0.33,0.03,0.02,462.94,444.2
0.05,0.05,0.33,0.03,0.03,463.57,463.57
0.05,0.05,0.33,0.03,0.04,464.3,483.21
0.05,0.1,0.33,0,0,406.87,493.74
0.05,0.1,0.33,0,0.01,407.4,513.67
0.05,0.1,0.33,0,0.02,407.98,533.96
0.05,0.1,0.33,0,0.03,408.61,554.64
0.05,0.1,0.33,0,0.04,409.3,575.76
0.05,0.1,0.33,0.01,0,425.97,494.29
0.05,0.1,0.33,0.01,0.01,426.61,514.28
0.05,0.1,0.33,0.01,0.02,427.32,534.63
0.05,0.1,0.33,0.01,0.03,428.09,555.38
0.05,0.1,0.33,0.01,0.04,428.93,576.55
0.05,0.1,0.33,0.02,0,445.27,494.96
0.05,0.1,0.33,0.02,0.01,446.02,515.02
0.05,0.1,0.33,0.02,0.02,446.85,535.44
0.05,0.1,0.33,0.02,0.03,447.76,556.25
0.05,0.1,0.33,0.02,0.04,448.75,577.5
0.05,0.1,0.33,0.03,0,464.8,495.72
0.05,0.1,0.33,0.03,0.01,465.67,515.87
0.05,0.1,0.33,0.03,0.02,466.62,536.37
0.05,0.1,0.33,0.03,0.03,467.67,557.27
0.1,0,0.33,0.02,0.04,533.6,395.89
0.1,0,0.33,0.03,0,553.11,320
0.1,0,0.33,0.03,0.01,553.18,339.02
0.1,0,0.33,0.03,0.02,553.4,358.08
0.1,0,0.33,0.03,0.03,553.76,377.2
0.1,0,0.33,0.03,0.04,554.26,396.43
0.1,0.05,0.33,0,0,493.74,406.87
0.1,0.05,0.33,0,0.01,494.29,425.97
0.1,0.05,0.33,0,0.02,494.96,445.27
0.1,0.05,0.33,0,0.03,495.72,464.8
0.1,0.05,0.33,0,0.04,496.6,484.59
0.1,0.05,0.33,0.01,0,513.67,407.4
0.1,0.05,0.33,0.01,0.01,514.28,426.61
0.1,0.05,0.33,0.01,0.02,515.02,446.02
0.1,0.05,0.33,0.01,0.03,515.87,465.67
0.1,0.05,0.33,0.01,0.04,516.84,485.58
0.1,0.05,0.33,0.02,0,533.96,407.98
0.1,0.05,0.33,0.02,0.01,534.63,427.32
0.1,0.05,0.33,0.02,0.02,535.44,446.85
0.1,0.05,0.33,0.02,0.03,536.37,466.62
0.1,0.05,0.33,0.02,0.04,537.44,486.66
0.1,0.05,0.33,0.03,0,554.64,408.61
0.1,0.05,0.33,0.03,0.01,555.38,428.09
0.1,0.05,0.33,0.03,0.02,556.25,447.76
0.1,0.05,0.33,0.03,0.03,557.27,467.67
0.1,0.05,0.33,0.03,0.04,558.43,487.84
0.1,0.1,0.33,0,0,497.21,497.21
0.1,0.1,0.33,0,0.01,498.26,517.52
0.1,0.1,0.33,0,0.02,499.42,538.18
0.1,0.1,0.33,0,0.03,500.69,559.24
0.1,0.1,0.33,0,0.04,502.07,580.73
0.1,0.1,0.33,0.01,0,517.52,498.26
0.1,0.1,0.33,0.01,0.01,518.68,518.68
0.1,0.1,0.33,0.01,0.02,519.97,539.46
0.1,0.1,0.33,0.01,0.03,521.38,560.63
0.1,0.1,0.33,0.01,0.04,522.9,582.23
0.1,0.1,0.33,0.02,0,538.18,499.42
0.1,0.1,0.33,0.02,0.01,539.46,519.97
0.1,0.1,0.33,0.02,0.02,540.87,540.87
0.1,0.1,0.33,0.02,0.03,542.42,562.17
0.1,0.1,0.33,0.02,0.04,544.09,583.9
0.1,0.1,0.33,0.03,0,559.24,500.69
0.1,0.1,0.33,0.03,0.01,560.63,521.38
0.1,0.1,0.33,0.03,0.02,562.17,542.42
0.1,0.1,0.33,0.03,0.03,563.85,563.85
-0.1,0,0.34,0.02,0.04,189.54,391.89
-0.1,0,0.34,0.03,0,208.49,320
-0.1,0,0.34,0.03,0.01,208.46,337.82
-0.1,0,0.34,0.03,0.02,208.36,355.67
-0.1,0,0.34,0.03,0.03,208.19,373.59
-0.1,0,0.34,0.03,0.04,207.96,391.6
-0.1,0.05,0.34,0,0,151.7,404.15
-0.1,0.05,0.34,0,0.01,151.19,422.64
-0.1,0.05,0.34,0,0.02,150.58,441.3
-0.1,0.05,0.34,0,0.03,149.88,460.18
-0.1,0.05,0.34,0,0.04,149.08,479.3
-0.1,0.05,0.34,0.01,0,170.64,403.72
-0.1,0.05,0.34,0.01,0.01,170.19,422.11
-0.1,0.05,0.34,0.01,0.02,169.65,440.68
-0.1,0.05,0.34,0.01,0.03,169.02,459.47
-0.1,0.05,0.34,0.01,0.04,168.31,478.49
-0.1,0.05,0.34,0.02,0,189.33,403.34
-0.1,0.05,0.34,0.02,0.01,188.93,421.65
-0.1,0.05,0.34,0.02,0.02,188.46,440.13
-0.1,0.05,0.34,0.02,0.03,187.9,458.84
-0.1,0.05,0.34,0.02,0.04,187.28,477.78
-0.1,0.05,0.34,0.03,0,207.78,403
-0.1,0.05,0.34,0.03,0.01,207.44,421.24
-0.1,0.05,0.34,0.03,0.02,207.03,439.66
-0.1,0.05,0.34,0.03,0.03,206.55,458.29
-0.1,0.05,0.34,0.03,0.04,206.01,477.16
-0.1,0.1,0.34,0,0,148.52,491.48
-0.1,0.1,0.34,0,0.01,147.56,511.06
-0.1,0.1,0.34,0,0.02,146.5,530.98
-0.1,0.1,0.34,0,0.03,145.34,551.25
-0.1,0.1,0.34,0,0.04,144.08,571.92
-0.1,0.1,0.34,0.01,0,167.81,490.61
-0.1,0.1,0.34,0.01,0.01,166.95,510.11
-0.1,0.1,0.34,0.01,0.02,166.01,529.93
-0.1,0.1,0.34,0.01,0.03,164.97,550.11
-0.1,0.1,0.34,0.01,0.04,163.85,570.68
-0.1,0.1,0.34,0.02,0,186.84,489.85
-0.1,0.1,0.34,0.02,0.01,186.08,509.26
-0.1,0.1,0.34,0.02,0.02,185.25,529
-0.1,0.1,0.34,0.02,0.03,184.34,549.1
-0.1,0.1,0.34,0.02,0.04,183.35,569.59
-0.1,0.1,0.34,0.03,0,205.63,489.18
-0.1,0.1,0.34,0.03,0.01,204.98,508.52
-0.1,0.1,0.34,0.03,0.02,204.27,528.19
-0.1,0.1,0.34,0.03,0.03,203.48,548.21
-0.05,0,0.34,0.02,0.04,273.38,390.91
-0.05,0,0.34,0.03,0,291.29,320
-0.05,0,0.34,0.03,0.01,291.28,337.63
-0.05,0,0.34,0.03,0.02,291.25,355.28
-0.05,0,0.34,0.03,0.03,291.21,373
-0.05,0,0.34,0.03,0.04,291.15,390.82
-0.05,0.05,0.34,0,0,237.43,402.57
-0.05,0.05,0.34,0,0.01,237.18,420.71
-0.05,0.05,0.34,0,0.02,236.88,439.03
-0.05,0.05,0.34,0,0.03,236.53,457.56
-0.05,0.05,0.34,0,0.04,236.13,476.34
-0.05,0.05,0.34,0.01,0,255.43,402.36
-0.05,0.05,0.34,0.01,0.01,255.23,420.46
-0.05,0.05,0.34,0.01,0.02,254.99,438.74
-0.05,0.05,0.34,0.01,0.03,254.72,457.23
-0.05,0.05,0.34,0.01,0.04,254.4,475.96
-0.05,0.05,0.34,0.02,0,273.31,402.21
-0.05,0.05,0.34,0.02,0.01,273.16,420.27
-0.05,0.05,0.34,0.02,0.02,272.99,438.52
-0.05,0.05,0.34,0.02,0.03,272.79,456.97
-0.05,0.05,0.34,0.02,0.04,272.56,475.67
-0.05,0.05,0.34,0.03,0,291.1,402.1
-0.05,0.05,0.34,0.03,0.01,291.01,420.14
-0.05,0.05,0.34,0.03,0.02,290.9,438.37
-0.05,0.05,0.34,0.03,0.03,290.78,456.8
-0.05,0.05,0.34,0.03,0.04,290.64,475.48
-0.05,0.1,0.34,0,0,235.85,488.3
-0.05,0.1,0.34,0,0.01,235.37,507.55
-0.05,0.1,0.34,0,0.02,234.84,527.12
-0.05,0.1,0.34,0,0.03,234.25,547.05
-0.05,0.1,0.34,0,0.04,233.63,567.38
-0.05,0.1,0.34,0.01,0,254.18,487.9
-0.05,0.1,0.34,0.01,0.01,253.81,507.1
-0.05,0.1,0.34,0.01,0.02,253.39,526.63
-0.05,0.1,0.34,0.01,0.03,252.94,546.51
-0.05,0.1,0.34,0.01,0.04,252.44,566.79
-0.05,0.1,0.34,0.02,0,272.4,487.59
-0.05,0.1,0.34,0.02,0.01,272.13,506.75
-0.05,0.1,0.34,0.02,0.02,271.83,526.25
-0.05,0.1,0.34,0.02,0.03,271.5,546.1
-0.05,0.1,0.34,0.02,0.04,271.14,566.35
-0.05,0.1,0.34,0.03,0,290.54,487.38
-0.05,0.1,0.34,0.03,0.01,290.37,506.52
-0.05,0.1,0.34,0.03,0.02,290.19,525.99
-0.05,0.1,0.34,0.03,0.03,289.98,545.83
0,0,0.34,0.02,0.04,355.42,390.85
0,0,0.34,0.03,0,372.96,320
0,0,0.34,0.03,0.01,372.98,337.66
0,0,0.34,0.03,0.02,373.03,355.35
0,0,0.34,0.03,0.03,373.11,373.11
0,0,0.34,0.03,0.04,373.22,390.96
0,0.05,0.34,0,0,320,402.04
0,0.05,0.34,0,0.01,320,420.06
0,0.05,0.34,0,0.02,320,438.27
0,0.05,0.34,0,0.03,320,456.69
0,0.05,0.34,0,0.04,320,475.36
0,0.05,0.34,0.01,0,337.73,402.06
0,0.05,0.34,0.01,0.01,337.78,420.09
0,0.05,0.34,0.01,0.02,337.85,438.31
0,0.05,0.34,0.01,0.03,337.92,456.73
0,0.05,0.34,0.01,0.04,338.01,475.4
0,0.05,0.34,0.02,0,355.48,402.14
0,0.05,0.34,0.02,0.01,355.59,420.18
0,0.05,0.34,0.02,0.02,355.72,438.41
0,0.05,0.34,0.02,0.03,355.87,456.86
0,0.05,0.34,0.02,0.04,356.05,475.54
0,0.05,0.34,0.03,0,373.3,402.26
0,0.05,0.34,0.03,0.01,373.47,420.33
0,0.05,0.34,0.03,0.02,373.66,438.59
0,0.05,0.34,0.03,0.03,373.89,457.06
0,0.05,0.34,0.03,0.04,374.15,475.77
0,0.1,0.34,0,0,320,487.25
0,0.1,0.34,0,0.01,320,506.38
0,0.1,0.34,0,0.02,320,525.83
0,0.1,0.34,0,0.03,320,545.65
0,0.1,0.34,0,0.04,320,565.86
0,0.1,0.34,0.01,0,338.07,487.3
0,0.1,0.34,0.01,0.01,338.17,506.43
0,0.1,0.34,0.01,0.02,338.29,525.89
0,0.1,0.34,0.01,0.03,338.41,545.72
0,0.1,0.34,0.01,0.04,338.55,565.93
0,0.1,0.34,0.02,0,356.17,487.44
0,0.1,0.34,0.02,0.01,356.38,506.6
0,0.1,0.34,0.02,0.02,356.61,526.07
0,0.1,0.34,0.02,0.03,356.86,545.91
0,0.1,0.34,0.02,0.04,357.13,566.15
0,0.1,0.34,0.03,0,374.33,487.69
0,0.1,0.34,0.03,0.01,374.64,506.87
0,0.1,0.34,0.03,0.02,374.99,526.37
0,0.1,0.34,0.03,0.03,375.36,546.24
0.05,0,0.34,0.02,0.04,438.84,391.7
0.05,0,0.34,0.03,0,456.69,320
0.05,0,0.34,0.03,0.01,456.73,337.92
0.05,0,0.34,0.03,0.02,456.86,355.87
0.05,0,0.34,0.03,0.03,457.06,373.89
0.05,0,0.34,0.03,0.04,457.34,392.01
0.05,0.05,0.34,0,0,402.57,402.57
0.05,0.05,0.34,0,0.01,402.82,420.71
0.05,0.05,0.34,0,0.02,403.12,439.03
0.05,0.05,0.34,0,0.03,403.47,457.56
0.05,0.05,0.34,0,0.04,403.87,476.34
0.05,0.05,0.34,0.01,0,420.71,402.82
0.05,0.05,0.34,0.01,0.01,421.02,421.02
0.05,0.05,0.34,0.01,0.02,421.38,439.39
0.05,0.05,0.34,0.01,0.03,421.81,457.98
0.05,0.05,0.34,0.01,0.04,422.3,476.81
0.05,0.05,0.34,0.02,0,439.03,403.12
0.05,0.05,0.34,0.02,0.01,439.39,421.38
0.05,0.05,0.34,0.02,0.02,439.83,439.83
0.05,0.05,0.34,0.02,0.03,440.33,458.48
0.05,0.05,0.34,0.02,0.04,440.9,477.38
0.05,0.05,0.34,0.03,0,457.56,403.47
0.05,0.05,0.34,0.03,0.01,457.98,421.81
0.05,0.05,0.34,0.03,0.02,458.48,440.33
0.05,0.05,0.34,0.03,0.03,459.06,459.06
0.05,0.05,0.34,0.03,0.04,459.72,478.03
0.05,0.1,0.34,0,0,404.15,488.3
0.05,0.1,0.34,0,0.01,404.63,507.55
0.05,0.1,0.34,0,0.02,405.16,527.12
0.05,0.1,0.34,0,0.03,405.75,547.05
0.05,0.1,0.34,0,0.04,406.37,567.38
0.05,0.1,0.34,0.01,0,422.64,488.81
0.05,0.1,0.34,0.01,0.01,423.22,508.11
0.05,0.1,0.34,0.01,0.02,423.87,527.74
0.05,0.1,0.34,0.01,0.03,424.57,547.72
0.05,0.1,0.34,0.01,0.04,425.34,568.1
0.05,0.1,0.34,0.02,0,441.3,489.42
0.05,0.1,0.34,0.02,0.01,441.99,508.78
0.05,0.1,0.34,0.02,0.02,442.75,528.47
0.05,0.1,0.34,0.02,0.03,443.58,548.52
0.05,0.1,0.34,0.02,0.04,444.48,568.97
0.05,0.1,0.34,0.03,0,460.18,490.12
0.05,0.1,0.34,0.03,0.01,460.97,509.56
0.05,0.1,0.34,0.03,0.02,461.85,529.33
0.05,0.1,0.34,0.03,0.03,462.8,549.46
0.1,0,0.34,0.02,0.04,526.79,393.47
0.1,0,0.34,0.03,0,545.65,320
0.1,0,0.34,0.03,0.01,545.72,338.41
0.1,0,0.34,0.03,0.02,545.91,356.86
0.1,0,0.34,0.03,0.03,546.24,375.36
0.1,0,0.34,0.03,0.04,546.7,393.97
0.1,0.05,0.34,0,0,488.3,404.15
0.1,0.05,0.34,0,0.01,488.81,422.64
0.1,0.05,0.34,0,0.02,489.42,441.3
0.1,0.05,0.34,0,0.03,490.12,460.18
0.1,0.05,0.34,0,0.04,490.92,479.3
0.1,0.05,0.34,0.01,0,507.55,404.63
0.1,0.05,0.34,0.01,0.01,508.11,423.22
0.1,0.05,0.34,0.01,0.02,508.78,441.99
0.1,0.05,0.34,0.01,0.03,509.56,460.97
0.1,0.05,0.34,0.01,0.04,510.45,480.2
0.1,0.05,0.34,0.02,0,527.12,405.16
0.1,0.05,0.34,0.02,0.01,527.74,423.87
0.1,0.05,0.34,0.02,0.02,528.47,442.75
0.1,0.05,0.34,0.02,0.03,529.33,461.85
0.1,0.05,0.34,0.02,0.04,530.3,481.19
0.1,0.05,0.34,0.03,0,547.05,405.75
0.1,0.05,0.34,0.03,0.01,547.72,424.57
0.1,0.05,0.34,0.03,0.02,548.52,443.58
0.1,0.05,0.34,0.03,0.03,549.46,462.8
0.1,0.05,0.34,0.03,0.04,550.52,482.27
0.1,0.1,0.34,0,0,491.48,491.48
0.1,0.1,0.34,0,0.01,492.44,511.06
0.1,0.1,0.34,0,0.02,493.5,530.98
0.1,0.1,0.34,0,0.03,494.66,551.25
0.1,0.1,0.34,0,0.04,495.92,571.92
0.1,0.1,0.34,0.01,0,511.06,492.44
0.1,0.1,0.34,0.01,0.01,512.13,512.13
0.1,0.1,0.34,0.01,0.02,513.31,532.15
0.1,0.1,0.34,0.01,0.03,514.59,552.53
0.1,0.1,0.34,0.01,0.04,515.99,573.3
0.1,0.1,0.34,0.02,0,530.98,493.5
0.1,0.1,0.34,0.02,0.01,532.15,513.31
0.1,0.1,0.34,0.02,0.02,533.44,533.44
0.1,0.1,0.34,0.02,0.03,534.85,553.94
0.1,0.1,0.34,0.02,0.04,536.38,574.82
0.1,0.1,0.34,0.03,0,551.25,494.66
0.1,0.1,0.34,0.03,0.01,552.53,514.59
0.1,0.1,0.34,0.03,0.02,553.94,534.85
0.1,0.1,0.34,0.03,0.03,555.47,555.47
-0.1,0,0.35,0.02,0.04,193.41,389.75
-0.1,0,0.35,0.03,0,211.75,320
-0.1,0,0.35,0.03,0.01,211.72,337.3
-0.1,0,0.35,0.03,0.02,211.63,354.63
-0.1,0,0.35,0.03,0.03,211.48,372.01
-0.1,0,0.35,0.03,0.04,211.26,389.49
-0.1,0.05,0.35,0,0,156.79,401.6
-0.1,0.05,0.35,0,0.01,156.33,419.51
-0.1,0.05,0.35,0,0.02,155.77,437.59
-0.1,0.05,0.35,0,0.03,155.13,455.85
-0.1,0.05,0.35,0,0.04,154.39,474.34
-0.1,0.05,0.35,0.01,0,175.13,401.21
-0.1,0.05,0.35,0.01,0.01,174.71,419.03
-0.1,0.05,0.35,0.01,0.02,174.22,437.02
-0.1,0.05,0.35,0.01,0.03,173.64,455.2
-0.1,0.05,0.35,0.01,0.04,172.99,473.61
-0.1,0.05,0.35,0.02,0,193.22,400.86
-0.1,0.05,0.35,0.02,0.01,192.85,418.6
-0.1,0.05,0.35,0.02,0.02,192.42,436.52
-0.1,0.05,0.35,0.02,0.03,191.91,454.62
-0.1,0.05,0.35,0.02,0.04,191.34,472.95
-0.1,0.05,0.35,0.03,0,211.1,400.55
-0.1,0.05,0.35,0.03,0.01,210.78,418.23
-0.1,0.05,0.35,0.03,0.02,210.41,436.08
-0.1,0.05,0.35,0.03,0.03,209.97,454.12
-0.1,0.05,0.35,0.03,0.04,209.47,472.38
-0.1,0.1,0.35,0,0,153.88,486.12
-0.1,0.1,0.35,0,0.01,153,505.03
-0.1,0.1,0.35,0,0.02,152.03,524.25
-0.1,0.1,0.35,0,0.03,150.96,543.8
-0.1,0.1,0.35,0,0.04,149.81,563.71
-0.1,0.1,0.35,0.01,0,172.53,485.32
-0.1,0.1,0.35,0.01,0.01,171.74,504.16
-0.1,0.1,0.35,0.01,0.02,170.88,523.29
-0.1,0.1,0.35,0.01,0.03,169.93,542.75
-0.1,0.1,0.35,0.01,0.04,168.9,562.58
-0.1,0.1,0.35,0.02,0,190.94,484.62
-0.1,0.1,0.35,0.02,0.01,190.25,503.38
-0.1,0.1,0.35,0.02,0.02,189.48,522.44
-0.1,0.1,0.35,0.02,0.03,188.65,541.82
-0.1,0.1,0.35,0.02,0.04,187.74,561.57
-0.1,0.1,0.35,0.03,0,209.13,484.01
-0.1,0.1,0.35,0.03,0.01,208.53,502.7
-0.1,0.1,0.35,0.03,0.02,207.87,521.69
-0.1,0.1,0.35,0.03,0.03,207.16,541.01
-0.05,0,0.35,0.02,0.04,274.73,388.86
-0.05,0,0.35,0.03,0,292.11,320
-0.05,0,0.35,0.03,0.01,292.1,337.12
-0.05,0,0.35,0.03,0.02,292.08,354.27
-0.05,0,0.35,0.03,0.03,292.04,371.48
-0.05,0,0.35,0.03,0.04,291.98,388.78
-0.05,0.05,0.35,0,0,239.85,400.15
-0.05,0.05,0.35,0,0.01,239.62,417.74
-0.05,0.05,0.35,0,0.02,239.34,435.5
-0.05,0.05,0.35,0,0.03,239.02,453.46
-0.05,0.05,0.35,0,0.04,238.65,471.63
-0.05,0.05,0.35,0.01,0,257.31,399.96
-0.05,0.05,0.35,0.01,0.01,257.13,417.52
-0.05,0.05,0.35,0.01,0.02,256.91,435.24
-0.05,0.05,0.35,0.01,0.03,256.66,453.15
-0.05,0.05,0.35,0.01,0.04,256.37,471.29
-0.05,0.05,0.35,0.02,0,274.66,399.82
-0.05,0.05,0.35,0.02,0.01,274.53,417.34
-0.05,0.05,0.35,0.02,0.02,274.37,435.03
-0.05,0.05,0.35,0.02,0.03,274.19,452.92
-0.05,0.05,0.35,0.02,0.04,273.98,471.02
-0.05,0.05,0.35,0.03,0,291.94,399.72
-0.05,0.05,0.35,0.03,0.01,291.86,417.23
-0.05,0.05,0.35,0.03,0.02,291.76,434.89
-0.05,0.05,0.35,0.03,0.03,291.64,452.76
-0.05,0.05,0.35,0.03,0.04,291.51,470.84
-0.05,0.1,0.35,0,0,238.4,483.21
-0.05,0.1,0.35,0,0.01,237.96,501.81
-0.05,0.1,0.35,0,0.02,237.47,520.72
-0.05,0.1,0.35,0,0.03,236.94,539.95
-0.05,0.1,0.35,0,0.04,236.36,559.55
-0.05,0.1,0.35,0.01,0,256.17,482.83
-0.05,0.1,0.35,0.01,0.01,255.82,501.4
-0.05,0.1,0.35,0.01,0.02,255.44,520.26
-0.05,0.1,0.35,0.01,0.03,255.02,539.46
-0.05,0.1,0.35,0.01,0.04,254.57,559.01
-0.05,0.1,0.35,0.02,0,273.84,482.55
-0.05,0.1,0.35,0.02,0.01,273.59,501.08
-0.05,0.1,0.35,0.02,0.02,273.31,519.92
-0.05,0.1,0.35,0.02,0.03,273.01,539.08
-0.05,0.1,0.35,0.02,0.04,272.68,558.61
-0.05,0.1,0.35,0.03,0,291.43,482.36
-0.05,0.1,0.35,0.03,0.01,291.27,500.87
-0.05,0.1,0.35,0.03,0.02,291.1,519.68
-0.05,0.1,0.35,0.03,0.03,290.91,538.83
0,0,0.35,0.02,0.04,354.4,388.8
0,0,0.35,0.03,0,371.44,320
0,0,0.35,0.03,0.01,371.45,337.15
0,0,0.35,0.03,0.02,371.5,354.33
0,0,0.35,0.03,0.03,371.57,371.57
0,0,0.35,0.03,0.04,371.67,388.9
0,0.05,0.35,0,0,320,399.66
0,0.05,0.35,0,0.01,320,417.15
0,0.05,0.35,0,0.02,320,434.81
0,0.05,0.35,0,0.03,320,452.66
0,0.05,0.35,0,0.04,320,470.73
0,0.05,0.35,0.01,0,337.21,399.69
0,0.05,0.35,0.01,0.01,337.26,417.18
0,0.05,0.35,0.01,0.02,337.32,434.84
0,0.05,0.35,0.01,0.03,337.39,452.69
0,0.05,0.35,0.01,0.04,337.47,470.77
0,0.05,0.35,0.02,0,354.45,399.75
0,0.05,0.35,0.02,0.01,354.55,417.26
0,0.05,0.35,0.02,0.02,354.67,434.94
0,0.05,0.35,0.02,0.03,354.81,452.81
0,0.05,0.35,0.02,0.04,354.97,470.9
0,0.05,0.35,0.03,0,371.75,399.87
0,0.05,0.35,0.03,0.01,371.9,417.4
0,0.05,0.35,0.03,0.02,372.08,435.1
0,0.05,0.35,0.03,0.03,372.29,452.99
0,0.05,0.35,0.03,0.04,372.53,471.11
0,0.1,0.35,0,0,320,482.24
0,0.1,0.35,0,0.01,320,500.74
0,0.1,0.35,0,0.02,320,519.54
0,0.1,0.35,0,0.03,320,538.67
0,0.1,0.35,0,0.04,320,558.16
0,0.1,0.35,0.01,0,337.53,482.28
0,0.1,0.35,0.01,0.01,337.62,500.79
0,0.1,0.35,0.01,0.02,337.73,519.59
0,0.1,0.35,0.01,0.03,337.84,538.73
0,0.1,0.35,0.01,0.04,337.97,558.22
0,0.1,0.35,0.02,0,355.08,482.42
0,0.1,0.35,0.02,0.01,355.27,500.94
0,0.1,0.35,0.02,0.02,355.48,519.76
0,0.1,0.35,0.02,0.03,355.71,538.91
0,0.1,0.35,0.02,0.04,355.96,558.42
0,0.1,0.35,0.03,0,372.7,482.64
0,0.1,0.35,0.03,0.01,372.98,501.19
0,0.1,0.35,0.03,0.02,373.3,520.03
0,0.1,0.35,0.03,0.03,373.64,539.21
0.05,0,0.35,0.02,0.04,435.33,389.58
0.05,0,0.35,0.03,0,452.66,320
0.05,0,0.35,0.03,0.01,452.69,337.39
0.05,0,0.35,0.03,0.02,452.81,354.81
0.05,0,0.35,0.03,0.03,452.99,372.29
0.05,0,0.35,0.03,0.04,453.25,389.86
0.05,0.05,0.35,0,0,400.15,400.15
0.05,0.05,0.35,0,0.01,400.38,417.74
0.05,0.05,0.35,0,0.02,400.66,435.5
0.05,0.05,0.35,0,0.03,400.98,453.46
0.05,0.05,0.35,0,0.04,401.35,471.63
0.05,0.05,0.35,0.01,0,417.74,400.38
0.05,0.05,0.35,0.01,0.01,418.03,418.03
0.05,0.05,0.35,0.01,0.02,418.36,435.83
0.05,0.05,0.35,0.01,0.03,418.75,453.84
0.05,0.05,0.35,0.01,0.04,419.2,472.07
0.05,0.05,0.35,0.02,0,435.5,400.66
0.05,0.05,0.35,0.02,0.01,435.83,418.36
0.05,0.05,0.35,0.02,0.02,436.23,436.23
0.05,0.05,0.35,0.02,0.03,436.69,454.3
0.05,0.05,0.35,0.02,0.04,437.22,472.58
0.05,0.05,0.35,0.03,0,453.46,400.98
0.05,0.05,0.35,0.03,0.01,453.84,418.75
0.05,0.05,0.35,0.03,0.02,454.3,436.69
0.05,0.05,0.35,0.03,0.03,454.83,454.83
0.05,0.05,0.35,0.03,0.04,455.43,473.18
0.05,0.1,0.35,0,0,401.6,483.21
0.05,0.1,0.35,0,0.01,402.04,501.81
0.05,0.1,0.35,0,0.02,402.53,520.72
0.05,0.1,0.35,0,0.03,403.06,539.95
0.05,0.1,0.35,0,0.04,403.64,559.55
0.05,0.1,0.35,0.01,0,419.51,483.67
0.05,0.1,0.35,0.01,0.01,420.05,502.33
0.05,0.1,0.35,0.01,0.02,420.64,521.28
0.05,0.1,0.35,0.01,0.03,421.29,540.57
0.05,0.1,0.35,0.01,0.04,421.99,560.21
0.05,0.1,0.35,0.02,0,437.59,484.23
0.05,0.1,0.35,0.02,0.01,438.22,502.94
0.05,0.1,0.35,0.02,0.02,438.91,521.96
0.05,0.1,0.35,0.02,0.03,439.68,541.3
0.05,0.1,0.35,0.02,0.04,440.5,561.01
0.05,0.1,0.35,0.03,0,455.85,484.87
0.05,0.1,0.35,0.03,0.01,456.58,503.65
0.05,0.1,0.35,0.03,0.02,457.38,522.74
0.05,0.1,0.35,0.03,0.03,458.26,542.15
0.1,0,0.35,0.02,0.04,520.42,391.2
0.1,0,0.35,0.03,0,538.67,320
0.1,0,0.35,0.03,0.01,538.73,337.84
0.1,0,0.35,0.03,0.02,538.91,355.71
0.1,0,0.35,0.03,0.03,539.21,373.64
0.1,0,0.35,0.03,0.04,539.63,391.66
0.1,0.05,0.35,0,0,483.21,401.6
0.1,0.05,0.35,0,0.01,483.67,419.51
0.1,0.05,0.35,0,0.02,484.23,437.59
0.1,0.05,0.35,0,0.03,484.87,455.85
0.1,0.05,0.35,0,0.04,485.61,474.34
0.1,0.05,0.35,0.01,0,501.81,402.04
0.1,0.05,0.35,0.01,0.01,502.33,420.05
0.1,0.05,0.35,0.01,0.02,502.94,438.22
0.1,0.05,0.35,0.01,0.03,503.65,456.58
0.1,0.05,0.35,0.01,0.04,504.47,475.17
0.1,0.05,0.35,0.02,0,520.72,402.53
0.1,0.05,0.35,0.02,0.01,521.28,420.64
0.1,0.05,0.35,0.02,0.02,521.96,438.91
0.1,0.05,0.35,0.02,0.03,522.74,457.38
0.1,0.05,0.35,0.02,0.04,523.63,476.07
0.1,0.05,0.35,0.03,0,539.95,403.06
0.1,0.05,0.35,0.03,0.01,540.57,421.29
0.1,0.05,0.35,0.03,0.02,541.3,439.68
0.1,0.05,0.35,0.03,0.03,542.15,458.26
0.1,0.05,0.35,0.03,0.04,543.13,477.07
0.1,0.1,0.35,0,0,486.12,486.12
0.1,0.1,0.35,0,0.01,487,505.03
0.1,0.1,0.35,0,0.02,487.97,524.25
0.1,0.1,0.35,0,0.03,489.04,543.8
0.1,0.1,0.35,0,0.04,490.19,563.71
0.1,0.1,0.35,0.01,0,505.03,487
0.1,0.1,0.35,0.01,0.01,506.01,506.01
0.1,0.1,0.35,0.01,0.02,507.09,525.33
0.1,0.1,0.35,0.01,0.03,508.27,544.97
0.1,0.1,0.35,0.01,0.04,509.55,564.98
0.1,0.1,0.35,0.02,0,524.25,487.97
0.1,0.1,0.35,0.02,0.01,525.33,507.09
0.1,0.1,0.35,0.02,0.02,526.51,526.51
0.1,0.1,0.35,0.02,0.03,527.8,546.26
0.1,0.1,0.35,0.02,0.04,529.21,566.37
0.1,0.1,0.35,0.03,0,543.8,489.04
0.1,0.1,0.35,0.03,0.01,544.97,508.27
0.1,0.1,0.35,0.03,0.02,546.26,527.8
0.1,0.1,0.35,0.03,0.03,547.67,547.67
-0.1,0,0.36,0.02,0.04,197.06,387.74
-0.1,0,0.36,0.03,0,214.82,320
-0.1,0,0.36,0.03,0.01,214.79,336.81
-0.1,0,0.36,0.03,0.02,214.71,353.64
-0.1,0,0.36,0.03,0.03,214.57,370.53
-0.1,0,0.36,0.03,0.04,214.37,387.5
-0.1,0.05,0.36,0,0,161.59,399.21
-0.1,0.05,0.36,0,0.01,161.16,416.58
-0.1,0.05,0.36,0,0.02,160.65,434.1
-0.1,0.05,0.36,0,0.03,160.06,451.79
-0.1,0.05,0.36,0,0.04,159.38,469.7
-0.1,0.05,0.36,0.01,0,179.34,398.84
-0.1,0.05,0.36,0.01,0.01,178.96,416.13
-0.1,0.05,0.36,0.01,0.02,178.51,433.57
-0.1,0.05,0.36,0.01,0.03,177.98,451.19
-0.1,0.05,0.36,0.01,0.04,177.38,469.02
-0.1,0.05,0.36,0.02,0,196.88,398.52
-0.1,0.05,0.36,0.02,0.01,196.55,415.74
-0.1,0.05,0.36,0.02,0.02,196.15,433.11
-0.1,0.05,0.36,0.02,0.03,195.68,450.66
-0.1,0.05,0.36,0.02,0.04,195.15,468.42
-0.1,0.05,0.36,0.03,0,214.22,398.24
-0.1,0.05,0.36,0.03,0.01,213.93,415.4
-0.1,0.05,0.36,0.03,0.02,213.59,432.71
-0.1,0.05,0.36,0.03,0.03,213.19,450.2
-0.1,0.05,0.36,0.03,0.04,212.73,467.89
-0.1,0.1,0.36,0,0,158.91,481.09
-0.1,0.1,0.36,0,0.01,158.1,499.38
-0.1,0.1,0.36,0,0.02,157.21,517.96
-0.1,0.1,0.36,0,0.03,156.23,536.83
-0.1,0.1,0.36,0,0.04,155.17,556.04
-0.1,0.1,0.36,0.01,0,176.96,480.36
-0.1,0.1,0.36,0.01,0.01,176.24,498.58
-0.1,0.1,0.36,0.01,0.02,175.44,517.07
-0.1,0.1,0.36,0.01,0.03,174.57,535.87
-0.1,0.1,0.36,0.01,0.04,173.62,555
-0.1,0.1,0.36,0.02,0,194.78,479.71
-0.1,0.1,0.36,0.02,0.01,194.15,497.86
-0.1,0.1,0.36,0.02,0.02,193.45,516.29
-0.1,0.1,0.36,0.02,0.03,192.68,535.02
-0.1,0.1,0.36,0.02,0.04,191.85,554.07
-0.1,0.1,0.36,0.03,0,212.41,479.15
-0.1,0.1,0.36,0.03,0.01,211.86,497.24
-0.1,0.1,0.36,0.03,0.02,211.26,515.6
-0.1,0.1,0.36,0.03,0.03,210.6,534.27
-0.05,0,0.36,0.02,0.04,276,386.92
-0.05,0,0.36,0.03,0,292.88,320
-0.05,0,0.36,0.03,0.01,292.88,336.64
-0.05,0,0.36,0.03,0.02,292.85,353.32
-0.05,0,0.36,0.03,0.03,292.82,370.04
-0.05,0,0.36,0.03,0.04,292.77,386.85
-0.05,0.05,0.36,0,0,242.13,397.87
-0.05,0.05,0.36,0,0.01,241.92,414.95
-0.05,0.05,0.36,0,0.02,241.66,432.18
-0.05,0.05,0.36,0,0.03,241.36,449.59
-0.05,0.05,0.36,0,0.04,241.03,467.21
-0.05,0.05,0.36,0.01,0,259.08,397.7
-0.05,0.05,0.36,0.01,0.01,258.92,414.74
-0.05,0.05,0.36,0.01,0.02,258.72,431.94
-0.05,0.05,0.36,0.01,0.03,258.48,449.31
-0.05,0.05,0.36,0.01,0.04,258.22,466.89
-0.05,0.05,0.36,0.02,0,275.94,397.57
-0.05,0.05,0.36,0.02,0.01,275.82,414.58
-0.05,0.05,0.36,0.02,0.02,275.67,431.75
-0.05,0.05,0.36,0.02,0.03,275.51,449.09
-0.05,0.05,0.36,0.02,0.04,275.31,466.64
-0.05,0.05,0.36,0.03,0,292.73,397.48
-0.05,0.05,0.36,0.03,0.01,292.65,414.48
-0.05,0.05,0.36,0.03,0.02,292.56,431.62
-0.05,0.05,0.36,0.03,0.03,292.46,448.95
-0.05,0.05,0.36,0.03,0.04,292.34,466.48
-0.05,0.1,0.36,0,0,240.79,478.41
-0.05,0.1,0.36,0,0.01,240.39,496.42
-0.05,0.1,0.36,0,0.02,239.94,514.71
-0.05,0.1,0.36,0,0.03,239.45,533.29
-0.05,0.1,0.36,0,0.04,238.92,552.21
-0.05,0.1,0.36,0.01,0,258.04,478.07
-0.05,0.1,0.36,0.01,0.01,257.72,496.04
-0.05,0.1,0.36,0.01,0.02,257.37,514.29
-0.05,0.1,0.36,0.01,0.03,256.98,532.84
-0.05,0.1,0.36,0.01,0.04,256.57,551.72
-0.05,0.1,0.36,0.02,0,275.18,477.81
-0.05,0.1,0.36,0.02,0.01,274.95,495.75
-0.05,0.1,0.36,0.02,0.02,274.7,513.97
-0.05,0.1,0.36,0.02,0.03,274.42,532.5
-0.05,0.1,0.36,0.02,0.04,274.12,551.35
-0.05,0.1,0.36,0.03,0,292.26,477.63
-0.05,0.1,0.36,0.03,0.01,292.11,495.56
-0.05,0.1,0.36,0.03,0.02,291.96,513.76
-0.05,0.1,0.36,0.03,0.03,291.78,532.26
0,0,0.36,0.02,0.04,353.43,386.87
0,0,0.36,0.03,0,370,320
0,0,0.36,0.03,0.01,370.02,336.67
0,0,0.36,0.03,0.02,370.06,353.37
0,0,0.36,0.03,0.03,370.13,370.13
0,0,0.36,0.03,0.04,370.22,386.96
0,0.05,0.36,0,0,320,397.43
0,0.05,0.36,0,0.01,320,414.41
0,0.05,0.36,0,0.02,320,431.54
0,0.05,0.36,0,0.03,320,448.86
0,0.05,0.36,0,0.04,320,466.38
0,0.05,0.36,0.01,0,336.73,397.45
0,0.05,0.36,0.01,0.01,336.77,414.43
0,0.05,0.36,0.01,0.02,336.83,431.57
0,0.05,0.36,0.01,0.03,336.89,448.89
0,0.05,0.36,0.01,0.04,336.97,466.41
0,0.05,0.36,0.02,0,353.48,397.51
0,0.05,0.36,0.02,0.01,353.58,414.51
0,0.05,0.36,0.02,0.02,353.69,431.66
0,0.05,0.36,0.02,0.03,353.81,448.99
0,0.05,0.36,0.02,0.04,353.96,466.53
0,0.05,0.36,0.03,0,370.29,397.61
0,0.05,0.36,0.03,0.01,370.43,414.64
0,0.05,0.36,0.03,0.02,370.6,431.81
0,0.05,0.36,0.03,0.03,370.79,449.17
0,0.05,0.36,0.03,0.04,371.01,466.72
0,0.1,0.36,0,0,320,477.52
0,0.1,0.36,0,0.01,320,495.44
0,0.1,0.36,0,0.02,320,513.62
0,0.1,0.36,0,0.03,320,532.11
0,0.1,0.36,0,0.04,320,550.94
0,0.1,0.36,0.01,0,337.02,477.57
0,0.1,0.36,0.01,0.01,337.1,495.48
0,0.1,0.36,0.01,0.02,337.2,513.67
0,0.1,0.36,0.01,0.03,337.31,532.17
0,0.1,0.36,0.01,0.04,337.42,551
0,0.1,0.36,0.02,0,354.06,477.69
0,0.1,0.36,0.02,0.01,354.24,495.62
0,0.1,0.36,0.02,0.02,354.43,513.83
0,0.1,0.36,0.02,0.03,354.64,532.33
0,0.1,0.36,0.02,0.04,354.87,551.17
0,0.1,0.36,0.03,0,371.16,477.9
0,0.1,0.36,0.03,0.01,371.42,495.85
0,0.1,0.36,0.03,0.02,371.71,514.08
0,0.1,0.36,0.03,0.03,372.03,532.61
0.05,0,0.36,0.02,0.04,432.02,387.59
0.05,0,0.36,0.03,0,448.86,320
0.05,0,0.36,0.03,0.01,448.89,336.89
0.05,0,0.36,0.03,0.02,448.99,353.81
0.05,0,0.36,0.03,0.03,449.17,370.79
0.05,0,0.36,0.03,0.04,449.41,387.84
0.05,0.05,0.36,0,0,397.87,397.87
0.05,0.05,0.36,0,0.01,398.08,414.95
0.05,0.05,0.36,0,0.02,398.34,432.18
0.05,0.05,0.36,0,0.03,398.64,449.59
0.05,0.05,0.36,0,0.04,398.97,467.21
0.05,0.05,0.36,0.01,0,414.95,398.08
0.05,0.05,0.36,0.01,0.01,415.21,415.21
0.05,0.05,0.36,0.01,0.02,415.52,432.49
0.05,0.05,0.36,0.01,0.03,415.88,449.94
0.05,0.05,0.36,0.01,0.04,416.29,467.6
0.05,0.05,0.36,0.02,0,432.18,398.34
0.05,0.05,0.36,0.02,0.01,432.49,415.52
0.05,0.05,0.36,0.02,0.02,432.85,432.85
0.05,0.05,0.36,0.02,0.03,433.28,450.36
0.05,0.05,0.36,0.02,0.04,433.76,468.08
0.05,0.05,0.36,0.03,0,449.59,398.64
0.05,0.05,0.36,0.03,0.01,449.94,415.88
0.05,0.05,0.36,0.03,0.02,450.36,433.28
0.05,0.05,0.36,0.03,0.03,450.85,450.85
0.05,0.05,0.36,0.03,0.04,451.41,468.63
0.05,0.1,0.36,0,0,399.21,478.41
0.05,0.1,0.36,0,0.01,399.61,496.42
0.05,0.1,0.36,0,0.02,400.06,514.71
0.05,0.1,0.36,0,0.03,400.55,533.29
0.05,0.1,0.36,0,0.04,401.08,552.21
0.05,0.1,0.36,0.01,0,416.58,478.84
0.05,0.1,0.36,0.01,0.01,417.07,496.9
0.05,0.1,0.36,0.01,0.02,417.61,515.23
0.05,0.1,0.36,0.01,0.03,418.21,533.86
0.05,0.1,0.36,0.01,0.04,418.85,552.82
0.05,0.1,0.36,0.02,0,434.1,479.35
0.05,0.1,0.36,0.02,0.01,434.68,497.46
0.05,0.1,0.36,0.02,0.02,435.32,515.85
0.05,0.1,0.36,0.02,0.03,436.02,534.53
0.05,0.1,0.36,0.02,0.04,436.78,553.55
0.05,0.1,0.36,0.03,0,451.79,479.94
0.05,0.1,0.36,0.03,0.01,452.46,498.12
0.05,0.1,0.36,0.03,0.02,453.2,516.57
0.05,0.1,0.36,0.03,0.03,454,535.32
0.1,0,0.36,0.02,0.04,514.43,389.07
0.1,0,0.36,0.03,0,532.11,320
0.1,0,0.36,0.03,0.01,532.17,337.31
0.1,0,0.36,0.03,0.02,532.33,354.64
0.1,0,0.36,0.03,0.03,532.61,372.03
0.1,0,0.36,0.03,0.04,533,389.5
0.1,0.05,0.36,0,0,478.41,399.21
0.1,0.05,0.36,0,0.01,478.84,416.58
0.1,0.05,0.36,0,0.02,479.35,434.1
0.1,0.05,0.36,0,0.03,479.94,451.79
0.1,0.05,0.36,0,0.04,480.62,469.7
0.1,0.05,0.36,0.01,0,496.42,399.61
0.1,0.05,0.36,0.01,0.01,496.9,417.07
0.1,0.05,0.36,0.01,0.02,497.46,434.68
0.1,0.05,0.36,0.01,0.03,498.12,452.46
0.1,0.05,0.36,0.01,0.04,498.87,470.45
0.1,0.05,0.36,0.02,0,514.71,400.06
0.1,0.05,0.36,0.02,0.01,515.23,417.61
0.1,0.05,0.36,0.02,0.02,515.85,435.32
0.1,0.05,0.36,0.02,0.03,516.57,453.2
0.1,0.05,0.36,0.02,0.04,517.39,471.29
0.1,0.05,0.36,0.03,0,533.29,400.55
0.1,0.05,0.36,0.03,0.01,533.86,418.21
0.1,0.05,0.36,0.03,0.02,534.53,436.02
0.1,0.05,0.36,0.03,0.03,535.32,454
0.1,0.05,0.36,0.03,0.04,536.21,472.2
0.1,0.1,0.36,0,0,481.09,481.09
0.1,0.1,0.36,0,0.01,481.9,499.38
0.1,0.1,0.36,0,0.02,482.79,517.96
0.1,0.1,0.36,0,0.03,483.77,536.83
0.1,0.1,0.36,0,0.04,484.83,556.04
0.1,0.1,0.36,0.01,0,499.38,481.9
0.1,0.1,0.36,0.01,0.01,500.28,500.28
0.1,0.1,0.36,0.01,0.02,501.27,518.94
0.1,0.1,0.36,0.01,0.03,502.36,537.91
0.1,0.1,0.36,0.01,0.04,503.53,557.2
0.1,0.1,0.36,0.02,0,517.96,482.79
0.1,0.1,0.36,0.02,0.01,518.94,501.27
0.1,0.1,0.36,0.02,0.02,520.03,520.03
0.1,0.1,0.36,0.02,0.03,521.22,539.09
0.1,0.1,0.36,0.02,0.04,522.51,558.48
0.1,0.1,0.36,0.03,0,536.83,483.77
0.1,0.1,0.36,0.03,0.01,537.91,502.36
0.1,0.1,0.36,0.03,0.02,539.09,521.22
0.1,0.1,0.36,0.03,0.03,540.39,540.39
-0.1,0,0.37,0.02,0.04,200.5,385.85
-0.1,0,0.37,0.03,0,217.72,320
-0.1,0,0.37,0.03,0.01,217.7,336.34
-0.1,0,0.37,0.03,0.02,217.62,352.71
-0.1,0,0.37,0.03,0.03,217.49,369.13
-0.1,0,0.37,0.03,0.04,217.31,385.63
-0.1,0.05,0.37,0,0,166.1,396.95
-0.1,0.05,0.37,0,0.01,165.7,413.81
-0.1,0.05,0.37,0,0.02,165.24,430.81
-0.1,0.05,0.37,0,0.03,164.69,447.98
-0.1,0.05,0.37,0,0.04,164.07,465.33
-0.1,0.05,0.37,0.01,0,183.32,396.62
-0.1,0.05,0.37,0.01,0.01,182.97,413.4
-0.1,0.05,0.37,0.01,0.02,182.55,430.33
-0.1,0.05,0.37,0.01,0.03,182.06,447.42
-0.1,0.05,0.37,0.01,0.04,181.51,464.7
-0.1,0.05,0.37,0.02,0,200.33,396.32
-0.1,0.05,0.37,0.02,0.01,200.02,413.04
-0.1,0.05,0.37,0.02,0.02,199.66,429.91
-0.1,0.05,0.37,0.02,0.03,199.23,446.93
-0.1,0.05,0.37,0.02,0.04,198.74,464.15
-0.1,0.05,0.37,0.03,0,217.17,396.06
-0.1,0.05,0.37,0.03,0.01,216.9,412.73
-0.1,0.05,0.37,0.03,0.02,216.58,429.54
-0.1,0.05,0.37,0.03,0.03,216.22,446.51
-0.1,0.05,0.37,0.03,0.04,215.79,463.67
-0.1,0.1,0.37,0,0,163.64,476.36
-0.1,0.1,0.37,0,0.01,162.89,494.08
-0.1,0.1,0.37,0,0.02,162.06,512.05
-0.1,0.1,0.37,0,0.03,161.16,530.3
-0.1,0.1,0.37,0,0.04,160.19,548.85
-0.1,0.1,0.37,0.01,0,181.12,475.69
-0.1,0.1,0.37,0.01,0.01,180.45,493.34
-0.1,0.1,0.37,0.01,0.02,179.72,511.23
-0.1,0.1,0.37,0.01,0.03,178.92,529.41
-0.1,0.1,0.37,0.01,0.04,178.04,547.89
-0.1,0.1,0.37,0.02,0,198.4,475.1
-0.1,0.1,0.37,0.02,0.01,197.82,492.68
-0.1,0.1,0.37,0.02,0.02,197.17,510.51
-0.1,0.1,0.37,0.02,0.03,196.46,528.62
-0.1,0.1,0.37,0.02,0.04,195.7,547.04
-0.1,0.1,0.37,0.03,0,215.5,474.58
-0.1,0.1,0.37,0.03,0.01,215,492.1
-0.1,0.1,0.37,0.03,0.02,214.44,509.88
-0.1,0.1,0.37,0.03,0.03,213.83,527.94
-0.05,0,0.37,0.02,0.04,277.21,385.09
-0.05,0,0.37,0.03,0,293.62,320
-0.05,0,0.37,0.03,0.01,293.61,336.19
-0.05,0,0.37,0.03,0.02,293.59,352.41
-0.05,0,0.37,0.03,0.03,293.56,368.68
-0.05,0,0.37,0.03,0.04,293.51,385.02
-0.05,0.05,0.37,0,0,244.28,395.72
-0.05,0.05,0.37,0,0.01,244.08,412.31
-0.05,0.05,0.37,0,0.02,243.85,429.05
-0.05,0.05,0.37,0,0.03,243.58,445.95
-0.05,0.05,0.37,0,0.04,243.26,463.04
-0.05,0.05,0.37,0.01,0,260.76,395.56
-0.05,0.05,0.37,0.01,0.01,260.61,412.12
-0.05,0.05,0.37,0.01,0.02,260.42,428.82
-0.05,0.05,0.37,0.01,0.03,260.21,445.69
-0.05,0.05,0.37,0.01,0.04,259.96,462.74
-0.05,0.05,0.37,0.02,0,277.15,395.44
-0.05,0.05,0.37,0.02,0.01,277.04,411.98
-0.05,0.05,0.37,0.02,0.02,276.9,428.65
-0.05,0.05,0.37,0.02,0.03,276.75,445.49
-0.05,0.05,0.37,0.02,0.04,276.57,462.52
-0.05,0.05,0.37,0.03,0,293.47,395.36
-0.05,0.05,0.37,0.03,0.01,293.4,411.88
-0.05,0.05,0.37,0.03,0.02,293.32,428.53
-0.05,0.05,0.37,0.03,0.03,293.23,445.35
-0.05,0.05,0.37,0.03,0.04,293.12,462.36
-0.05,0.1,0.37,0,0,243.05,473.9
-0.05,0.1,0.37,0,0.01,242.68,491.35
-0.05,0.1,0.37,0,0.02,242.26,509.06
-0.05,0.1,0.37,0,0.03,241.81,527.04
-0.05,0.1,0.37,0,0.04,241.32,545.33
-0.05,0.1,0.37,0.01,0,259.79,473.59
-0.05,0.1,0.37,0.01,0.01,259.5,491
-0.05,0.1,0.37,0.01,0.02,259.18,508.67
-0.05,0.1,0.37,0.01,0.03,258.83,526.62
-0.05,0.1,0.37,0.01,0.04,258.44,544.87
-0.05,0.1,0.37,0.02,0,276.45,473.35
-0.05,0.1,0.37,0.02,0.01,276.24,490.74
-0.05,0.1,0.37,0.02,0.02,276,508.38
-0.05,0.1,0.37,0.02,0.03,275.75,526.3
-0.05,0.1,0.37,0.02,0.04,275.47,544.53
-0.05,0.1,0.37,0.03,0,293.04,473.18
-0.05,0.1,0.37,0.03,0.01,292.91,490.56
-0.05,0.1,0.37,0.03,0.02,292.76,508.18
-0.05,0.1,0.37,0.03,0.03,292.6,526.09
0,0,0.37,0.02,0.04,352.52,385.04
0,0,0.37,0.03,0,368.65,320
0,0,0.37,0.03,0.01,368.66,336.22
0,0,0.37,0.03,0.02,368.7,352.46
0,0,0.37,0.03,0.03,368.76,368.76
0,0,0.37,0.03,0.04,368.85,385.13
0,0.05,0.37,0,0,320,395.31
0,0.05,0.37,0,0.01,320,411.82
0,0.05,0.37,0,0.02,320,428.46
0,0.05,0.37,0,0.03,320,445.27
0,0.05,0.37,0,0.04,320,462.27
0,0.05,0.37,0.01,0,336.27,395.33
0,0.05,0.37,0.01,0.01,336.31,411.84
0,0.05,0.37,0.01,0.02,336.36,428.49
0,0.05,0.37,0.01,0.03,336.42,445.3
0,0.05,0.37,0.01,0.04,336.49,462.31
0,0.05,0.37,0.02,0,352.57,395.39
0,0.05,0.37,0.02,0.01,352.65,411.91
0,0.05,0.37,0.02,0.02,352.75,428.57
0,0.05,0.37,0.02,0.03,352.87,445.4
0,0.05,0.37,0.02,0.04,353.01,462.41
0,0.05,0.37,0.03,0,368.91,395.48
0,0.05,0.37,0.03,0.01,369.04,412.03
0,0.05,0.37,0.03,0.02,369.19,428.71
0,0.05,0.37,0.03,0.03,369.37,445.55
0,0.05,0.37,0.03,0.04,369.57,462.59
0,0.1,0.37,0,0,320,473.08
0,0.1,0.37,0,0.01,320,490.44
0,0.1,0.37,0,0.02,320,508.06
0,0.1,0.37,0,0.03,320,525.95
0,0.1,0.37,0,0.04,320,544.15
0,0.1,0.37,0.01,0,336.54,473.12
0,0.1,0.37,0.01,0.01,336.62,490.48
0,0.1,0.37,0.01,0.02,336.71,508.1
0,0.1,0.37,0.01,0.03,336.8,526
0,0.1,0.37,0.01,0.04,336.91,544.21
0,0.1,0.37,0.02,0,353.1,473.23
0,0.1,0.37,0.02,0.01,353.26,490.61
0,0.1,0.37,0.02,0.02,353.44,508.24
0,0.1,0.37,0.02,0.03,353.63,526.16
0,0.1,0.37,0.02,0.04,353.84,544.37
0,0.1,0.37,0.03,0,369.71,473.43
0,0.1,0.37,0.03,0.01,369.95,490.82
0,0.1,0.37,0.03,0.02,370.22,508.48
0,0.1,0.37,0.03,0.03,370.51,526.41
0.05,0,0.37,0.02,0.04,428.9,385.7
0.05,0,0.37,0.03,0,445.27,320
0.05,0,0.37,0.03,0.01,445.3,336.42
0.05,0,0.37,0.03,0.02,445.4,352.87
0.05,0,0.37,0.03,0.03,445.55,369.37
0.05,0,0.37,0.03,0.04,445.78,385.94
0.05,0.05,0.37,0,0,395.72,395.72
0.05,0.05,0.37,0,0.01,395.92,412.31
0.05,0.05,0.37,0,0.02,396.15,429.05
0.05,0.05,0.37,0,0.03,396.42,445.95
0.05,0.05,0.37,0,0.04,396.74,463.04
0.05,0.05,0.37,0.01,0,412.31,395.92
0.05,0.05,0.37,0.01,0.01,412.55,412.55
0.05,0.05,0.37,0.01,0.02,412.84,429.33
0.05,0.05,0.37,0.01,0.03,413.17,446.27
0.05,0.05,0.37,0.01,0.04,413.55,463.4
0.05,0.05,0.37,0.02,0,429.05,396.15
0.05,0.05,0.37,0.02,0.01,429.33,412.84
0.05,0.05,0.37,0.02,0.02,429.67,429.67
0.05,0.05,0.37,0.02,0.03,430.06,446.66
0.05,0.05,0.37,0.02,0.04,430.5,463.84
0.05,0.05,0.37,0.03,0,445.95,396.42
0.05,0.05,0.37,0.03,0.01,446.27,413.17
0.05,0.05,0.37,0.03,0.02,446.66,430.06
0.05,0.05,0.37,0.03,0.03,447.11,447.11
0.05,0.05,0.37,0.03,0.04,447.62,464.35
0.05,0.1,0.37,0,0,396.95,473.9
0.05,0.1,0.37,0,0.01,397.32,491.35
0.05,0.1,0.37,0,0.02,397.74,509.06
0.05,0.1,0.37,0,0.03,398.19,527.04
0.05,0.1,0.37,0,0.04,398.68,545.33
0.05,0.1,0.37,0.01,0,413.81,474.3
0.05,0.1,0.37,0.01,0.01,414.27,491.79
0.05,0.1,0.37,0.01,0.02,414.77,509.53
0.05,0.1,0.37,0.01,0.03,415.31,527.56
0.05,0.1,0.37,0.01,0.04,415.91,545.89
0.05,0.1,0.37,0.02,0,430.81,474.76
0.05,0.1,0.37,0.02,0.01,431.35,492.31
0.05,0.1,0.37,0.02,0.02,431.94,510.1
0.05,0.1,0.37,0.02,0.03,432.58,528.18
0.05,0.1,0.37,0.02,0.04,433.28,546.56
0.05,0.1,0.37,0.03,0,447.98,475.31
0.05,0.1,0.37,0.03,0.01,448.59,492.91
0.05,0.1,0.37,0.03,0.02,449.27,510.77
0.05,0.1,0.37,0.03,0.03,450.01,528.9
0.1,0,0.37,0.02,0.04,508.8,387.07
0.1,0,0.37,0.03,0,525.95,320
0.1,0,0.37,0.03,0.01,526,336.8
0.1,0,0.37,0.03,0.02,526.16,353.63
0.1,0,0.37,0.03,0.03,526.41,370.51
0.1,0,0.37,0.03,0.04,526.76,387.46
0.1,0.05,0.37,0,0,473.9,396.95
0.1,0.05,0.37,0,0.01,474.3,413.81
0.1,0.05,0.37,0,0.02,474.76,430.81
0.1,0.05,0.37,0,0.03,475.31,447.98
0.1,0.05,0.37,0,0.04,475.93,465.33
0.1,0.05,0.37,0.01,0,491.35,397.32
0.1,0.05,0.37,0.01,0.01,491.79,414.27
0.1,0.05,0.37,0.01,0.02,492.31,431.35
0.1,0.05,0.37,0.01,0.03,492.91,448.59
0.1,0.05,0.37,0.01,0.04,493.6,466.03
0.1,0.05,0.37,0.02,0,509.06,397.74
0.1,0.05,0.37,0.02,0.01,509.53,414.77
0.1,0.05,0.37,0.02,0.02,510.1,431.94
0.1,0.05,0.37,0.02,0.03,510.77,449.27
0.1,0.05,0.37,0.02,0.04,511.53,466.79
0.1,0.05,0.37,0.03,0,527.04,398.19
0.1,0.05,0.37,0.03,0.01,527.56,415.31
0.1,0.05,0.37,0.03,0.02,528.18,432.58
0.1,0.05,0.37,0.03,0.03,528.9,450.01
0.1,0.05,0.37,0.03,0.04,529.73,467.63
0.1,0.1,0.37,0,0,476.36,476.36
0.1,0.1,0.37,0,0.01,477.11,494.08
0.1,0.1,0.37,0,0.02,477.94,512.05
0.1,0.1,0.37,0,0.03,478.84,530.3
0.1,0.1,0.37,0,0.04,479.81,548.85
0.1,0.1,0.37,0.01,0,494.08,477.11
0.1,0.1,0.37,0.01,0.01,494.91,494.91
0.1,0.1,0.37,0.01,0.02,495.82,512.96
0.1,0.1,0.37,0.01,0.03,496.82,531.29
0.1,0.1,0.37,0.01,0.04,497.9,549.92
0.1,0.1,0.37,0.02,0,512.05,477.94
0.1,0.1,0.37,0.02,0.01,512.96,495.82
0.1,0.1,0.37,0.02,0.02,513.96,513.96
0.1,0.1,0.37,0.02,0.03,515.06,532.38
0.1,0.1,0.37,0.02,0.04,516.24,551.1
0.1,0.1,0.37,0.03,0,530.3,478.84
0.1,0.1,0.37,0.03,0.01,531.29,496.82
0.1,0.1,0.37,0.03,0.02,532.38,515.06
0.1,0.1,0.37,0.03,0.03,533.57,533.57
-0.1,0,0.38,0.02,0.04,203.74,384.06
-0.1,0,0.38,0.03,0,220.46,320
-0.1,0,0.38,0.03,0.01,220.44,335.91
-0.1,0,0.38,0.03,0.02,220.37,351.83
-0.1,0,0.38,0.03,0.03,220.25,367.81
-0.1,0,0.38,0.03,0.04,220.08,383.85
-0.1,0.05,0.38,0,0,170.36,394.82
-0.1,0.05,0.38,0,0.01,169.99,411.2
-0.1,0.05,0.38,0,0.02,169.56,427.72
-0.1,0.05,0.38,0,0.03,169.06,444.38
-0.1,0.05,0.38,0,0.04,168.48,461.22
-0.1,0.05,0.38,0.01,0,187.07,394.51
-0.1,0.05,0.38,0.01,0.01,186.75,410.83
-0.1,0.05,0.38,0.01,0.02,186.36,427.27
-0.1,0.05,0.38,0.01,0.03,185.91,443.87
-0.1,0.05,0.38,0.01,0.04,185.4,460.64
-0.1,0.05,0.38,0.02,0,203.59,394.24
-0.1,0.05,0.38,0.02,0.01,203.31,410.49
-0.1,0.05,0.38,0.02,0.02,202.97,426.88
-0.1,0.05,0.38,0.02,0.03,202.57,443.42
-0.1,0.05,0.38,0.02,0.04,202.12,460.13
-0.1,0.05,0.38,0.03,0,219.95,394
-0.1,0.05,0.38,0.03,0.01,219.71,410.2
-0.1,0.05,0.38,0.03,0.02,219.41,426.54
-0.1,0.05,0.38,0.03,0.03,219.07,443.02
-0.1,0.05,0.38,0.03,0.04,218.69,459.68
-0.1,0.1,0.38,0,0,168.08,471.92
-0.1,0.1,0.38,0,0.01,167.39,489.09
-0.1,0.1,0.38,0,0.02,166.63,506.5
-0.1,0.1,0.38,0,0.03,165.8,524.16
-0.1,0.1,0.38,0,0.04,164.9,542.1
-0.1,0.1,0.38,0.01,0,185.04,471.3
-0.1,0.1,0.38,0.01,0.01,184.43,488.4
-0.1,0.1,0.38,0.01,0.02,183.75,505.74
-0.1,0.1,0.38,0.01,0.03,183.01,523.34
-0.1,0.1,0.38,0.01,0.04,182.2,541.22
-0.1,0.1,0.38,0.02,0,201.81,470.75
-0.1,0.1,0.38,0.02,0.01,201.27,487.8
-0.1,0.1,0.38,0.02,0.02,200.68,505.08
-0.1,0.1,0.38,0.02,0.03,200.02,522.61
-0.1,0.1,0.38,0.02,0.04,199.32,540.43
-0.1,0.1,0.38,0.03,0,218.42,470.27
-0.1,0.1,0.38,0.03,0.01,217.95,487.27
-0.1,0.1,0.38,0.03,0.02,217.44,504.49
-0.1,0.1,0.38,0.03,0.03,216.87,521.98
-0.05,0,0.38,0.02,0.04,278.35,383.36
-0.05,0,0.38,0.03,0,294.31,320
-0.05,0,0.38,0.03,0.01,294.31,335.77
-0.05,0,0.38,0.03,0.02,294.29,351.56
-0.05,0,0.38,0.03,0.03,294.26,367.39
-0.05,0,0.38,0.03,0.04,294.21,383.3
-0.05,0.05,0.38,0,0,246.31,393.69
-0.05,0.05,0.38,0,0.01,246.13,409.82
-0.05,0.05,0.38,0,0.02,245.92,426.09
-0.05,0.05,0.38,0,0.03,245.66,442.51
-0.05,0.05,0.38,0,0.04,245.38,459.1
-0.05,0.05,0.38,0.01,0,262.34,393.54
-0.05,0.05,0.38,0.01,0.01,262.2,409.65
-0.05,0.05,0.38,0.01,0.02,262.03,425.88
-0.05,0.05,0.38,0.01,0.03,261.84,442.27
-0.05,0.05,0.38,0.01,0.04,261.61,458.83
-0.05,0.05,0.38,0.02,0,278.29,393.43
-0.05,0.05,0.38,0.02,0.01,278.19,409.51
-0.05,0.05,0.38,0.02,0.02,278.07,425.72
-0.05,0.05,0.38,0.02,0.03,277.92,442.08
-0.05,0.05,0.38,0.02,0.04,277.76,458.62
-0.05,0.05,0.38,0.03,0,294.18,393.35
-0.05,0.05,0.38,0.03,0.01,294.12,409.42
-0.05,0.05,0.38,0.03,0.02,294.04,425.61
-0.05,0.05,0.38,0.03,0.03,293.95,441.96
-0.05,0.05,0.38,0.03,0.04,293.85,458.48
-0.05,0.1,0.38,0,0,245.18,469.64
-0.05,0.1,0.38,0,0.01,244.83,486.57
-0.05,0.1,0.38,0,0.02,244.45,503.73
-0.05,0.1,0.38,0,0.03,244.04,521.15
-0.05,0.1,0.38,0,0.04,243.59,538.85
-0.05,0.1,0.38,0.01,0,261.45,469.35
-0.05,0.1,0.38,0.01,0.01,261.18,486.25
-0.05,0.1,0.38,0.01,0.02,260.89,503.38
-0.05,0.1,0.38,0.01,0.03,260.56,520.76
-0.05,0.1,0.38,0.01,0.04,260.21,538.43
-0.05,0.1,0.38,0.02,0,277.65,469.13
-0.05,0.1,0.38,0.02,0.01,277.45,486
-0.05,0.1,0.38,0.02,0.02,277.23,503.11
-0.05,0.1,0.38,0.02,0.03,277,520.47
-0.05,0.1,0.38,0.02,0.04,276.74,538.12
-0.05,0.1,0.38,0.03,0,293.78,468.98
-0.05,0.1,0.38,0.03,0.01,293.66,485.84
-0.05,0.1,0.38,0.03,0.02,293.52,502.92
-0.05,0.1,0.38,0.03,0.03,293.38,520.27
0,0,0.38,0.02,0.04,351.66,383.32
0,0,0.38,0.03,0,367.36,320
0,0,0.38,0.03,0.01,367.37,335.79
0,0,0.38,0.03,0.02,367.41,351.6
0,0,0.38,0.03,0.03,367.46,367.46
0,0,0.38,0.03,0.04,367.54,383.39
0,0.05,0.38,0,0,320,393.31
0,0.05,0.38,0,0.01,320,409.36
0,0.05,0.38,0,0.02,320,425.55
0,0.05,0.38,0,0.03,320,441.88
0,0.05,0.38,0,0.04,320,458.39
0,0.05,0.38,0.01,0,335.84,393.32
0,0.05,0.38,0.01,0.01,335.88,409.38
0,0.05,0.38,0.01,0.02,335.92,425.57
0,0.05,0.38,0.01,0.03,335.98,441.91
0,0.05,0.38,0.01,0.04,336.04,458.42
0,0.05,0.38,0.02,0,351.7,393.38
0,0.05,0.38,0.02,0.01,351.78,409.45
0,0.05,0.38,0.02,0.02,351.87,425.65
0,0.05,0.38,0.02,0.03,351.98,442
0,0.05,0.38,0.02,0.04,352.1,458.52
0,0.05,0.38,0.03,0,367.61,393.47
0,0.05,0.38,0.03,0.01,367.72,409.56
0,0.05,0.38,0.03,0.02,367.86,425.77
0,0.05,0.38,0.03,0.03,368.03,442.14
0,0.05,0.38,0.03,0.04,368.21,458.69
0,0.1,0.38,0,0,320,468.89
0,0.1,0.38,0,0.01,320,485.73
0,0.1,0.38,0,0.02,320,502.81
0,0.1,0.38,0,0.03,320,520.15
0,0.1,0.38,0,0.04,320,537.77
0,0.1,0.38,0.01,0,336.08,468.92
0,0.1,0.38,0.01,0.01,336.16,485.77
0,0.1,0.38,0.01,0.02,336.24,502.85
0,0.1,0.38,0.01,0.03,336.33,520.19
0,0.1,0.38,0.01,0.04,336.43,537.82
0,0.1,0.38,0.02,0,352.19,469.03
0,0.1,0.38,0.02,0.01,352.34,485.89
0,0.1,0.38,0.02,0.02,352.5,502.98
0,0.1,0.38,0.02,0.03,352.68,520.33
0,0.1,0.38,0.02,0.04,352.88,537.97
0,0.1,0.38,0.03,0,368.34,469.21
0,0.1,0.38,0.03,0.01,368.57,486.08
0,0.1,0.38,0.03,0.02,368.81,503.2
0,0.1,0.38,0.03,0.03,369.08,520.57
0.05,0,0.38,0.02,0.04,425.95,383.93
0.05,0,0.38,0.03,0,441.88,320
0.05,0,0.38,0.03,0.01,441.91,335.98
0.05,0,0.38,0.03,0.02,442,351.98
0.05,0,0.38,0.03,0.03,442.14,368.03
0.05,0,0.38,0.03,0.04,442.35,384.14
0.05,0.05,0.38,0,0,393.69,393.69
0.05,0.05,0.38,0,0.01,393.87,409.82
0.05,0.05,0.38,0,0.02,394.08,426.09
0.05,0.05,0.38,0,0.03,394.34,442.51
0.05,0.05,0.38,0,0.04,394.62,459.1
0.05,0.05,0.38,0.01,0,409.82,393.87
0.05,0.05,0.38,0.01,0.01,410.04,410.04
0.05,0.05,0.38,0.01,0.02,410.31,426.35
0.05,0.05,0.38,0.01,0.03,410.61,442.8
0.05,0.05,0.38,0.01,0.04,410.96,459.44
0.05,0.05,0.38,0.02,0,426.09,394.08
0.05,0.05,0.38,0.02,0.01,426.35,410.31
0.05,0.05,0.38,0.02,0.02,426.66,426.66
0.05,0.05,0.38,0.02,0.03,427.02,443.16
0.05,0.05,0.38,0.02,0.04,427.43,459.84
0.05,0.05,0.38,0.03,0,442.51,394.34
0.05,0.05,0.38,0.03,0.01,442.8,410.61
0.05,0.05,0.38,0.03,0.02,443.16,427.02
0.05,0.05,0.38,0.03,0.03,443.58,443.58
0.05,0.05,0.38,0.03,0.04,444.05,460.31
0.05,0.1,0.38,0,0,394.82,469.64
0.05,0.1,0.38,0,0.01,395.17,486.57
0.05,0.1,0.38,0,0.02,395.55,503.73
0.05,0.1,0.38,0,0.03,395.96,521.15
0.05,0.1,0.38,0,0.04,396.41,538.85
0.05,0.1,0.38,0.01,0,411.2,470.01
0.05,0.1,0.38,0.01,0.01,411.62,486.97
0.05,0.1,0.38,0.01,0.02,412.09,504.17
0.05,0.1,0.38,0.01,0.03,412.59,521.63
0.05,0.1,0.38,0.01,0.04,413.14,539.37
0.05,0.1,0.38,0.02,0,427.72,470.44
0.05,0.1,0.38,0.02,0.01,428.21,487.45
0.05,0.1,0.38,0.02,0.02,428.75,504.7
0.05,0.1,0.38,0.02,0.03,429.35,522.2
0.05,0.1,0.38,0.02,0.04,430,539.99
0.05,0.1,0.38,0.03,0,444.38,470.94
0.05,0.1,0.38,0.03,0.01,444.95,488.01
0.05,0.1,0.38,0.03,0.02,445.57,505.31
0.05,0.1,0.38,0.03,0.03,446.26,522.87
0.1,0,0.38,0.02,0.04,503.5,385.19
0.1,0,0.38,0.03,0,520.15,320
0.1,0,0.38,0.03,0.01,520.19,336.33
0.1,0,0.38,0.03,0.02,520.33,352.68
0.1,0,0.38,0.03,0.03,520.57,369.08
0.1,0,0.38,0.03,0.04,520.9,385.55
0.1,0.05,0.38,0,0,469.64,394.82
0.1,0.05,0.38,0,0.01,470.01,411.2
0.1,0.05,0.38,0,0.02,470.44,427.72
0.1,0.05,0.38,0,0.03,470.94,444.38
0.1,0.05,0.38,0,0.04,471.52,461.22
0.1,0.05,0.38,0.01,0,486.57,395.17
0.1,0.05,0.38,0.01,0.01,486.97,411.62
0.1,0.05,0.38,0.01,0.02,487.45,428.21
0.1,0.05,0.38,0.01,0.03,488.01,444.95
0.1,0.05,0.38,0.01,0.04,488.65,461.86
0.1,0.05,0.38,0.02,0,503.73,395.55
0.1,0.05,0.38,0.02,0.01,504.17,412.09
0.1,0.05,0.38,0.02,0.02,504.7,428.75
0.1,0.05,0.38,0.02,0.03,505.31,445.57
0.1,0.05,0.38,0.02,0.04,506.01,462.57
0.1,0.05,0.38,0.03,0,521.15,395.96
0.1,0.05,0.38,0.03,0.01,521.63,412.59
0.1,0.05,0.38,0.03,0.02,522.2,429.35
0.1,0.05,0.38,0.03,0.03,522.87,446.26
0.1,0.05,0.38,0.03,0.04,523.63,463.34
0.1,0.1,0.38,0,0,471.92,471.92
0.1,0.1,0.38,0,0.01,472.61,489.09
0.1,0.1,0.38,0,0.02,473.37,506.5
0.1,0.1,0.38,0,0.03,474.2,524.16
0.1,0.1,0.38,0,0.04,475.1,542.1
0.1,0.1,0.38,0.01,0,489.09,472.61
0.1,0.1,0.38,0.01,0.01,489.85,489.85
0.1,0.1,0.38,0.01,0.02,490.7,507.33
0.1,0.1,0.38,0.01,0.03,491.62,525.07
0.1,0.1,0.38,0.01,0.04,492.62,543.09
0.1,0.1,0.38,0.02,0,506.5,473.37
0.1,0.1,0.38,0.02,0.01,507.33,490.7
0.1,0.1,0.38,0.02,0.02,508.26,508.26
0.1,0.1,0.38,0.02,0.03,509.27,526.08
0.1,0.1,0.38,0.02,0.04,510.37,544.18
0.1,0.1,0.38,0.03,0,524.16,474.2
0.1,0.1,0.38,0.03,0.01,525.07,491.62
0.1,0.1,0.38,0.03,0.02,526.08,509.27
0.1,0.1,0.38,0.03,0.03,527.18,527.18
-0.1,0,0.39,0.02,0.04,206.82,382.36
-0.1,0,0.39,0.03,0,223.06,320
-0.1,0,0.39,0.03,0.01,223.04,335.49
-0.1,0,0.39,0.03,0.02,222.97,351
-0.1,0,0.39,0.03,0.03,222.86,366.56
-0.1,0,0.39,0.03,0.04,222.71,382.17
-0.1,0.05,0.39,0,0,174.38,392.81
-0.1,0.05,0.39,0,0.01,174.04,408.74
-0.1,0.05,0.39,0,0.02,173.64,424.79
-0.1,0.05,0.39,0,0.03,173.18,440.98
-0.1,0.05,0.39,0,0.04,172.65,457.33
-0.1,0.05,0.39,0.01,0,190.62,392.52
-0.1,0.05,0.39,0.01,0.01,190.32,408.39
-0.1,0.05,0.39,0.01,0.02,189.96,424.38
-0.1,0.05,0.39,0.01,0.03,189.54,440.51
-0.1,0.05,0.39,0.01,0.04,189.07,456.8
-0.1,0.05,0.39,0.02,0,206.68,392.27
-0.1,0.05,0.39,0.02,0.01,206.42,408.08
-0.1,0.05,0.39,0.02,0.02,206.1,424.02
-0.1,0.05,0.39,0.02,0.03,205.74,440.09
-0.1,0.05,0.39,0.02,0.04,205.32,456.33
-0.1,0.05,0.39,0.03,0,222.59,392.05
-0.1,0.05,0.39,0.03,0.01,222.36,407.82
-0.1,0.05,0.39,0.03,0.02,222.09,423.7
-0.1,0.05,0.39,0.03,0.03,221.78,439.73
-0.1,0.05,0.39,0.03,0.04,221.42,455.92
-0.1,0.1,0.39,0,0,172.28,467.72
-0.1,0.1,0.39,0,0.01,171.64,484.38
-0.1,0.1,0.39,0,0.02,170.94,501.26
-0.1,0.1,0.39,0,0.03,170.17,518.38
-0.1,0.1,0.39,0,0.04,169.33,535.76
-0.1,0.1,0.39,0.01,0,188.74,467.15
-0.1,0.1,0.39,0.01,0.01,188.17,483.75
-0.1,0.1,0.39,0.01,0.02,187.55,500.57
-0.1,0.1,0.39,0.01,0.03,186.86,517.62
-0.1,0.1,0.39,0.01,0.04,186.11,534.94
-0.1,0.1,0.39,0.02,0,205.03,466.64
-0.1,0.1,0.39,0.02,0.01,204.53,483.19
-0.1,0.1,0.39,0.02,0.02,203.98,499.95
-0.1,0.1,0.39,0.02,0.03,203.38,516.95
-0.1,0.1,0.39,0.02,0.04,202.72,534.21
-0.1,0.1,0.39,0.03,0,221.17,466.2
-0.1,0.1,0.39,0.03,0.01,220.74,482.7
-0.1,0.1,0.39,0.03,0.02,220.26,499.41
-0.1,0.1,0.39,0.03,0.03,219.74,516.36
-0.05,0,0.39,0.02,0.04,279.43,381.72
-0.05,0,0.39,0.03,0,294.97,320
-0.05,0,0.39,0.03,0.01,294.97,335.36
-0.05,0,0.39,0.03,0.02,294.95,350.74
-0.05,0,0.39,0.03,0.03,294.92,366.17
-0.05,0,0.39,0.03,0.04,294.88,381.66
-0.05,0.05,0.39,0,0,248.24,391.76
-0.05,0.05,0.39,0,0.01,248.07,407.46
-0.05,0.05,0.39,0,0.02,247.87,423.29
-0.05,0.05,0.39,0,0.03,247.64,439.25
-0.05,0.05,0.39,0,0.04,247.37,455.38
-0.05,0.05,0.39,0.01,0,263.85,391.62
-0.05,0.05,0.39,0.01,0.01,263.72,407.3
-0.05,0.05,0.39,0.01,0.02,263.56,423.09
-0.05,0.05,0.39,0.01,0.03,263.38,439.03
-0.05,0.05,0.39,0.01,0.04,263.17,455.12
-0.05,0.05,0.39,0.02,0,279.38,391.52
-0.05,0.05,0.39,0.02,0.01,279.28,407.17
-0.05,0.05,0.39,0.02,0.02,279.17,422.95
-0.05,0.05,0.39,0.02,0.03,279.03,438.86
-0.05,0.05,0.39,0.02,0.04,278.88,454.93
-0.05,0.05,0.39,0.03,0,294.85,391.45
-0.05,0.05,0.39,0.03,0.01,294.79,407.09
-0.05,0.05,0.39,0.03,0.02,294.72,422.85
-0.05,0.05,0.39,0.03,0.03,294.64,438.74
-0.05,0.05,0.39,0.03,0.04,294.54,454.8
-0.05,0.1,0.39,0,0,247.19,465.62
-0.05,0.1,0.39,0,0.01,246.87,482.05
-0.05,0.1,0.39,0,0.02,246.52,498.71
-0.05,0.1,0.39,0,0.03,246.13,515.6
-0.05,0.1,0.39,0,0.04,245.72,532.75
-0.05,0.1,0.39,0.01,0,263.02,465.35
-0.05,0.1,0.39,0.01,0.01,262.77,481.76
-0.05,0.1,0.39,0.01,0.02,262.5,498.38
-0.05,0.1,0.39,0.01,0.03,262.2,515.24
-0.05,0.1,0.39,0.01,0.04,261.87,532.36
-0.05,0.1,0.39,0.02,0,278.78,465.15
-0.05,0.1,0.39,0.02,0.01,278.6,481.53
-0.05,0.1,0.39,0.02,0.02,278.4,498.13
-0.05,0.1,0.39,0.02,0.03,278.18,514.97
-0.05,0.1,0.39,0.02,0.04,277.94,532.07
-0.05,0.1,0.39,0.03,0,294.48,465.01
-0.05,0.1,0.39,0.03,0.01,294.37,481.37
-0.05,0.1,0.39,0.03,0.02,294.24,497.96
-0.05,0.1,0.39,0.03,0.03,294.11,514.78
0,0,0.39,0.02,0.04,350.84,381.68
0,0,0.39,0.03,0,366.14,320
0,0,0.39,0.03,0.01,366.15,335.38
0,0,0.39,0.03,0.02,366.18,350.79
0,0,0.39,0.03,0.03,366.24,366.24
0,0,0.39,0.03,0.04,366.31,381.75
0,0.05,0.39,0,0,320,391.41
0,0.05,0.39,0,0.01,320,407.04
0,0.05,0.39,0,0.02,320,422.78
0,0.05,0.39,0,0.03,320,438.67
0,0.05,0.39,0,0.04,320,454.72
0,0.05,0.39,0.01,0,335.43,391.43
0,0.05,0.39,0.01,0.01,335.46,407.06
0,0.05,0.39,0.01,0.02,335.51,422.81
0,0.05,0.39,0.01,0.03,335.56,438.7
0,0.05,0.39,0.01,0.04,335.62,454.75
0,0.05,0.39,0.02,0,350.88,391.47
0,0.05,0.39,0.02,0.01,350.95,407.12
0,0.05,0.39,0.02,0.02,351.04,422.88
0,0.05,0.39,0.02,0.03,351.14,438.78
0,0.05,0.39,0.02,0.04,351.25,454.84
0,0.05,0.39,0.03,0,366.37,391.56
0,0.05,0.39,0.03,0.01,366.48,407.22
0,0.05,0.39,0.03,0.02,366.61,423
0,0.05,0.39,0.03,0.03,366.76,438.92
0,0.05,0.39,0.03,0.04,366.93,455
0,0.1,0.39,0,0,320,464.92
0,0.1,0.39,0,0.01,320,481.28
0,0.1,0.39,0,0.02,320,497.85
0,0.1,0.39,0,0.03,320,514.67
0,0.1,0.39,0,0.04,320,531.74
0,0.1,0.39,0.01,0,335.65,464.95
0,0.1,0.39,0.01,0.01,335.72,481.31
0,0.1,0.39,0.01,0.02,335.8,497.89
0,0.1,0.39,0.01,0.03,335.88,514.71
0,0.1,0.39,0.01,0.04,335.97,531.79
0,0.1,0.39,0.02,0,351.33,465.05
0,0.1,0.39,0.02,0.01,351.47,481.42
0,0.1,0.39,0.02,0.02,351.62,498.01
0,0.1,0.39,0.02,0.03,351.79,514.84
0,0.1,0.39,0.02,0.04,351.97,531.93
0,0.1,0.39,0.03,0,367.05,465.21
0,0.1,0.39,0.03,0.01,367.26,481.6
0,0.1,0.39,0.03,0.02,367.48,498.21
0,0.1,0.39,0.03,0.03,367.73,515.06
0.05,0,0.39,0.02,0.04,423.16,382.24
0.05,0,0.39,0.03,0,438.67,320
0.05,0,0.39,0.03,0.01,438.7,335.56
0.05,0,0.39,0.03,0.02,438.78,351.14
0.05,0,0.39,0.03,0.03,438.92,366.76
0.05,0,0.39,0.03,0.04,439.1,382.44
0.05,0.05,0.39,0,0,391.76,391.76
0.05,0.05,0.39,0,0.01,391.93,407.46
0.05,0.05,0.39,0,0.02,392.13,423.29
0.05,0.05,0.39,0,0.03,392.36,439.25
0.05,0.05,0.39,0,0.04,392.63,455.38
0.05,0.05,0.39,0.01,0,407.46,391.93
0.05,0.05,0.39,0.01,0.01,407.67,407.67
0.05,0.05,0.39,0.01,0.02,407.91,423.53
0.05,0.05,0.39,0.01,0.03,408.19,439.53
0.05,0.05,0.39,0.01,0.04,408.52,455.69
0.05,0.05,0.39,0.02,0,423.29,392.13
0.05,0.05,0.39,0.02,0.01,423.53,407.91
0.05,0.05,0.39,0.02,0.02,423.81,423.81
0.05,0.05,0.39,0.02,0.03,424.15,439.86
0.05,0.05,0.39,0.02,0.04,424.53,456.06
0.05,0.05,0.39,0.03,0,439.25,392.36
0.05,0.05,0.39,0.03,0.01,439.53,408.19
0.05,0.05,0.39,0.03,0.02,439.86,424.15
0.05,0.05,0.39,0.03,0.03,440.24,440.24
0.05,0.05,0.39,0.03,0.04,440.68,456.5
0.05,0.1,0.39,0,0,392.81,465.62
0.05,0.1,0.39,0,0.01,393.13,482.05
0.05,0.1,0.39,0,0.02,393.48,498.71
0.05,0.1,0.39,0,0.03,393.87,515.6
0.05,0.1,0.39,0,0.04,394.28,532.75
0.05,0.1,0.39,0.01,0,408.74,465.96
0.05,0.1,0.39,0.01,0.01,409.13,482.43
0.05,0.1,0.39,0.01,0.02,409.56,499.11
0.05,0.1,0.39,0.01,0.03,410.02,516.04
0.05,0.1,0.39,0.01,0.04,410.53,533.23
0.05,0.1,0.39,0.02,0,424.79,466.36
0.05,0.1,0.39,0.02,0.01,425.25,482.87
0.05,0.1,0.39,0.02,0.02,425.75,499.6
0.05,0.1,0.39,0.02,0.03,426.3,516.57
0.05,0.1,0.39,0.02,0.04,426.9,533.8
0.05,0.1,0.39,0.03,0,440.98,466.82
0.05,0.1,0.39,0.03,0.01,441.51,483.39
0.05,0.1,0.39,0.03,0.02,442.09,500.17
0.05,0.1,0.39,0.03,0.03,442.72,517.19
0.1,0,0.39,0.02,0.04,498.49,383.41
0.1,0,0.39,0.03,0,514.67,320
0.1,0,0.39,0.03,0.01,514.71,335.88
0.1,0,0.39,0.03,0.02,514.84,351.79
0.1,0,0.39,0.03,0.03,515.06,367.73
0.1,0,0.39,0.03,0.04,515.36,383.74
0.1,0.05,0.39,0,0,465.62,392.81
0.1,0.05,0.39,0,0.01,465.96,408.74
0.1,0.05,0.39,0,0.02,466.36,424.79
0.1,0.05,0.39,0,0.03,466.82,440.98
0.1,0.05,0.39,0,0.04,467.35,457.33
0.1,0.05,0.39,0.01,0,482.05,393.13
0.1,0.05,0.39,0.01,0.01,482.43,409.13
0.1,0.05,0.39,0.01,0.02,482.87,425.25
0.1,0.05,0.39,0.01,0.03,483.39,441.51
0.1,0.05,0.39,0.01,0.04,483.98,457.93
0.1,0.05,0.39,0.02,0,498.71,393.48
0.1,0.05,0.39,0.02,0.01,499.11,409.56
0.1,0.05,0.39,0.02,0.02,499.6,425.75
0.1,0.05,0.39,0.02,0.03,500.17,442.09
0.1,0.05,0.39,0.02,0.04,500.82,458.59
0.1,0.05,0.39,0.03,0,515.6,393.87
0.1,0.05,0.39,0.03,0.01,516.04,410.02
0.1,0.05,0.39,0.03,0.02,516.57,426.3
0.1,0.05,0.39,0.03,0.03,517.19,442.72
0.1,0.05,0.39,0.03,0.04,517.89,459.3
0.1,0.1,0.39,0,0,467.72,467.72
0.1,0.1,0.39,0,0.01,468.36,484.38
0.1,0.1,0.39,0,0.02,469.06,501.26
0.1,0.1,0.39,0,0.03,469.83,518.38
0.1,0.1,0.39,0,0.04,470.67,535.76
0.1,0.1,0.39,0.01,0,484.38,468.36
0.1,0.1,0.39,0.01,0.01,485.09,485.09
0.1,0.1,0.39,0.01,0.02,485.87,502.04
0.1,0.1,0.39,0.01,0.03,486.72,519.22
0.1,0.1,0.39,0.01,0.04,487.65,536.67
0.1,0.1,0.39,0.02,0,501.26,469.06
0.1,0.1,0.39,0.02,0.01,502.04,485.87
0.1,0.1,0.39,0.02,0.02,502.89,502.89
0.1,0.1,0.39,0.02,0.03,503.83,520.16
0.1,0.1,0.39,0.02,0.04,504.84,537.68
0.1,0.1,0.39,0.03,0,518.38,469.83
0.1,0.1,0.39,0.03,0.01,519.22,486.72
0.1,0.1,0.39,0.03,0.02,520.16,503.83
0.1,0.1,0.39,0.03,0.03,521.17,521.17
-0.1,0,0.4,0.02,0.04,209.73,380.76
-0.1,0,0.4,0.03,0,225.53,320
-0.1,0,0.4,0.03,0.01,225.51,335.1
-0.1,0,0.4,0.03,0.02,225.45,350.21
-0.1,0,0.4,0.03,0.03,225.34,365.37
-0.1,0,0.4,0.03,0.04,225.2,380.58
-0.1,0.05,0.4,0,0,178.19,390.91
-0.1,0.05,0.4,0,0.01,177.88,406.41
-0.1,0.05,0.4,0,0.02,177.51,422.03
-0.1,0.05,0.4,0,0.03,177.07,437.77
-0.1,0.05,0.4,0,0.04,176.58,453.67
-0.1,0.05,0.4,0.01,0,193.98,390.64
-0.1,0.05,0.4,0.01,0.01,193.7,406.09
-0.1,0.05,0.4,0.01,0.02,193.37,421.65
-0.1,0.05,0.4,0.01,0.03,192.98,437.33
-0.1,0.05,0.4,0.01,0.04,192.54,453.17
-0.1,0.05,0.4,0.02,0,209.6,390.41
-0.1,0.05,0.4,0.02,0.01,209.36,405.8
-0.1,0.05,0.4,0.02,0.02,209.07,421.31
-0.1,0.05,0.4,0.02,0.03,208.73,436.95
-0.1,0.05,0.4,0.02,0.04,208.34,452.73
-0.1,0.05,0.4,0.03,0,225.09,390.2
-0.1,0.05,0.4,0.03,0.01,224.88,405.55
-0.1,0.05,0.4,0.03,0.02,224.63,421.02
-0.1,0.05,0.4,0.03,0.03,224.34,436.61
-0.1,0.05,0.4,0.03,0.04,224,452.35
-0.1,0.1,0.4,0,0,176.24,463.76
-0.1,0.1,0.4,0,0.01,175.65,479.94
-0.1,0.1,0.4,0,0.02,175,496.32
-0.1,0.1,0.4,0,0.03,174.28,512.93
-0.1,0.1,0.4,0,0.04,173.51,529.77
-0.1,0.1,0.4,0.01,0,192.24,463.23
-0.1,0.1,0.4,0.01,0.01,191.71,479.35
-0.1,0.1,0.4,0.01,0.02,191.13,495.68
-0.1,0.1,0.4,0.01,0.03,190.49,512.23
-0.1,0.1,0.4,0.01,0.04,189.8,529.01
-0.1,0.1,0.4,0.02,0,208.08,462.76
-0.1,0.1,0.4,0.02,0.01,207.61,478.83
-0.1,0.1,0.4,0.02,0.02,207.1,495.11
-0.1,0.1,0.4,0.02,0.03,206.54,511.6
-0.1,0.1,0.4,0.02,0.04,205.94,528.34
-0.1,0.1,0.4,0.03,0,223.77,462.35
-0.1,0.1,0.4,0.03,0.01,223.37,478.38
-0.1,0.1,0.4,0.03,0.02,222.93,494.61
-0.1,0.1,0.4,0.03,0.03,222.45,511.06
-0.05,0,0.4,0.02,0.04,280.45,380.16
-0.05,0,0.4,0.03,0,295.6,320
-0.05,0,0.4,0.03,0.01,295.59,334.98
-0.05,0,0.4,0.03,0.02,295.58,349.97
-0.05,0,0.4,0.03,0.03,295.55,365.01
-0.05,0,0.4,0.03,0.04,295.51,380.1
-0.05,0.05,0.4,0,0,250.07,389.93
-0.05,0.05,0.4,0,0.01,249.91,405.23
-0.05,0.05,0.4,0,0.02,249.73,420.63
-0.05,0.05,0.4,0,0.03,249.51,436.17
-0.05,0.05,0.4,0,0.04,249.26,451.85
-0.05,0.05,0.4,0.01,0,265.27,389.81
-0.05,0.05,0.4,0.01,0.01,265.15,405.07
-0.05,0.05,0.4,0.01,0.02,265,420.45
-0.05,0.05,0.4,0.01,0.03,264.83,435.96
-0.05,0.05,0.4,0.01,0.04,264.64,451.62
-0.05,0.05,0.4,0.02,0,280.4,389.71
-0.05,0.05,0.4,0.02,0.01,280.32,404.96
-0.05,0.05,0.4,0.02,0.02,280.21,420.32
-0.05,0.05,0.4,0.02,0.03,280.09,435.8
-0.05,0.05,0.4,0.02,0.04,279.95,451.44
-0.05,0.05,0.4,0.03,0,295.48,389.65
-0.05,0.05,0.4,0.03,0.01,295.43,404.88
-0.05,0.05,0.4,0.03,0.02,295.36,420.22
-0.05,0.05,0.4,0.03,0.03,295.29,435.7
-0.05,0.05,0.4,0.03,0.04,295.2,451.32
-0.05,0.1,0.4,0,0,249.09,461.81
-0.05,0.1,0.4,0,0.01,248.8,477.78
-0.05,0.1,0.4,0,0.02,248.47,493.96
-0.05,0.1,0.4,0,0.03,248.12,510.35
-0.05,0.1,0.4,0,0.04,247.73,526.98
-0.05,0.1,0.4,0.01,0,264.51,461.56
-0.05,0.1,0.4,0.01,0.01,264.28,477.51
-0.05,0.1,0.4,0.01,0.02,264.02,493.65
-0.05,0.1,0.4,0.01,0.03,263.74,510.02
-0.05,0.1,0.4,0.01,0.04,263.44,526.62
-0.05,0.1,0.4,0.02,0,279.85,461.37
-0.05,0.1,0.4,0.02,0.01,279.68,477.3
-0.05,0.1,0.4,0.02,0.02,279.5,493.42
-0.05,0.1,0.4,0.02,0.03,279.29,509.77
-0.05,0.1,0.4,0.02,0.04,279.08,526.35
-0.05,0.1,0.4,0.03,0,295.14,461.24
-0.05,0.1,0.4,0.03,0.01,295.04,477.15
-0.05,0.1,0.4,0.03,0.02,294.92,493.26
-0.05,0.1,0.4,0.03,0.03,294.8,509.6
0,0,0.4,0.02,0.04,350.06,380.12
0,0,0.4,0.03,0,364.98,320
0,0,0.4,0.03,0.01,364.99,335
0,0,0.4,0.03,0.02,365.02,350.01
0,0,0.4,0.03,0.03,365.07,365.07
0,0,0.4,0.03,0.04,365.14,380.19
0,0.05,0.4,0,0,320,389.61
0,0.05,0.4,0,0.01,320,404.83
0,0.05,0.4,0,0.02,320,420.17
0,0.05,0.4,0,0.03,320,435.63
0,0.05,0.4,0,0.04,320,451.25
0,0.05,0.4,0.01,0,335.04,389.62
0,0.05,0.4,0.01,0.01,335.07,404.85
0,0.05,0.4,0.01,0.02,335.11,420.19
0,0.05,0.4,0.01,0.03,335.16,435.66
0,0.05,0.4,0.01,0.04,335.21,451.27
0,0.05,0.4,0.02,0,350.1,389.67
0,0.05,0.4,0.02,0.01,350.16,404.9
0,0.05,0.4,0.02,0.02,350.24,420.25
0,0.05,0.4,0.02,0.03,350.34,435.73
0,0.05,0.4,0.02,0.04,350.44,451.36
0,0.05,0.4,0.03,0,365.19,389.74
0,0.05,0.4,0.03,0.01,365.29,405
0,0.05,0.4,0.03,0.02,365.41,420.36
0,0.05,0.4,0.03,0.03,365.55,435.86
0,0.05,0.4,0.03,0.04,365.71,451.5
0,0.1,0.4,0,0,320,461.16
0,0.1,0.4,0,0.01,320,477.06
0,0.1,0.4,0,0.02,320,493.17
0,0.1,0.4,0,0.03,320,509.49
0,0.1,0.4,0,0.04,320,526.05
0,0.1,0.4,0.01,0,335.25,461.19
0,0.1,0.4,0.01,0.01,335.31,477.1
0,0.1,0.4,0.01,0.02,335.38,493.2
0,0.1,0.4,0.01,0.03,335.46,509.53
0,0.1,0.4,0.01,0.04,335.54,526.1
0,0.1,0.4,0.02,0,350.52,461.28
0,0.1,0.4,0.02,0.01,350.64,477.2
0,0.1,0.4,0.02,0.02,350.79,493.31
0,0.1,0.4,0.02,0.03,350.94,509.65
0,0.1,0.4,0.02,0.04,351.11,526.23
0,0.1,0.4,0.03,0,365.82,461.43
0,0.1,0.4,0.03,0.01,366.02,477.37
0,0.1,0.4,0.03,0.02,366.23,493.5
0,0.1,0.4,0.03,0.03,366.46,509.85
0.05,0,0.4,0.02,0.04,420.51,380.64
0.05,0,0.4,0.03,0,435.63,320
0.05,0,0.4,0.03,0.01,435.66,335.16
0.05,0,0.4,0.03,0.02,435.73,350.34
0.05,0,0.4,0.03,0.03,435.86,365.55
0.05,0,0.4,0.03,0.04,436.03,380.83
0.05,0.05,0.4,0,0,389.93,389.93
0.05,0.05,0.4,0,0.01,390.09,405.23
0.05,0.05,0.4,0,0.02,390.27,420.63
0.05,0.05,0.4,0,0.03,390.49,436.17
0.05,0.05,0.4,0,0.04,390.74,451.85
0.05,0.05,0.4,0.01,0,405.23,390.09
0.05,0.05,0.4,0.01,0.01,405.41,405.41
0.05,0.05,0.4,0.01,0.02,405.64,420.85
0.05,0.05,0.4,0.01,0.03,405.9,436.42
0.05,0.05,0.4,0.01,0.04,406.2,452.14
0.05,0.05,0.4,0.02,0,420.63,390.27
0.05,0.05,0.4,0.02,0.01,420.85,405.64
0.05,0.05,0.4,0.02,0.02,421.12,421.12
0.05,0.05,0.4,0.02,0.03,421.43,436.73
0.05,0.05,0.4,0.02,0.04,421.78,452.49
0.05,0.05,0.4,0.03,0,436.17,390.49
0.05,0.05,0.4,0.03,0.01,436.42,405.9
0.05,0.05,0.4,0.03,0.02,436.73,421.43
0.05,0.05,0.4,0.03,0.03,437.08,437.08
0.05,0.05,0.4,0.03,0.04,437.49,452.89
0.05,0.1,0.4,0,0,390.91,461.81
0.05,0.1,0.4,0,0.01,391.2,477.78
0.05,0.1,0.4,0,0.02,391.53,493.96
0.05,0.1,0.4,0,0.03,391.88,510.35
0.05,0.1,0.4,0,0.04,392.27,526.98
0.05,0.1,0.4,0.01,0,406.41,462.12
0.05,0.1,0.4,0.01,0.01,406.77,478.13
0.05,0.1,0.4,0.01,0.02,407.17,494.33
0.05,0.1,0.4,0.01,0.03,407.6,510.76
0.05,0.1,0.4,0.01,0.04,408.07,527.43
0.05,0.1,0.4,0.02,0,422.03,462.49
0.05,0.1,0.4,0.02,0.01,422.45,478.54
0.05,0.1,0.4,0.02,0.02,422.92,494.78
0.05,0.1,0.4,0.02,0.03,423.43,511.25
0.05,0.1,0.4,0.02,0.04,423.98,527.96
0.05,0.1,0.4,0.03,0,437.77,462.93
0.05,0.1,0.4,0.03,0.01,438.26,479.02
0.05,0.1,0.4,0.03,0.02,438.8,495.31
0.05,0.1,0.4,0.03,0.03,439.38,511.82
0.1,0,0.4,0.02,0.04,493.75,381.73
0.1,0,0.4,0.03,0,509.49,320
0.1,0,0.4,0.03,0.01,509.53,335.46
0.1,0,0.4,0.03,0.02,509.65,350.94
0.1,0,0.4,0.03,0.03,509.85,366.46
0.1,0,0.4,0.03,0.04,510.13,382.04
0.1,0.05,0.4,0,0,461.81,390.91
0.1,0.05,0.4,0,0.01,462.12,406.41
0.1,0.05,0.4,0,0.02,462.49,422.03
0.1,0.05,0.4,0,0.03,462.93,437.77
0.1,0.05,0.4,0,0.04,463.42,453.67
0.1,0.05,0.4,0.01,0,477.78,391.2
0.1,0.05,0.4,0.01,0.01,478.13,406.77
0.1,0.05,0.4,0.01,0.02,478.54,422.45
0.1,0.05,0.4,0.01,0.03,479.02,438.26
0.1,0.05,0.4,0.01,0.04,479.56,454.22
0.1,0.05,0.4,0.02,0,493.96,391.53
0.1,0.05,0.4,0.02,0.01,494.33,407.17
0.1,0.05,0.4,0.02,0.02,494.78,422.92
0.1,0.05,0.4,0.02,0.03,495.31,438.8
0.1,0.05,0.4,0.02,0.04,495.91,454.83
0.1,0.05,0.4,0.03,0,510.35,391.88
0.1,0.05,0.4,0.03,0.01,510.76,407.6
0.1,0.05,0.4,0.03,0.02,511.25,423.43
0.1,0.05,0.4,0.03,0.03,511.82,439.38
0.1,0.05,0.4,0.03,0.04,512.48,455.49
0.1,0.1,0.4,0,0,463.76,463.76
0.1,0.1,0.4,0,0.01,464.35,479.94
0.1,0.1,0.4,0,0.02,465,496.32
0.1,0.1,0.4,0,0.03,465.72,512.93
0.1,0.1,0.4,0,0.04,466.49,529.77
0.1,0.1,0.4,0.01,0,479.94,464.35
0.1,0.1,0.4,0.01,0.01,480.6,480.6
0.1,0.1,0.4,0.01,0.02,481.32,497.04
0.1,0.1,0.4,0.01,0.03,482.11,513.71
0.1,0.1,0.4,0.01,0.04,482.97,530.62
0.1,0.1,0.4,0.02,0,496.32,465
0.1,0.1,0.4,0.02,0.01,497.04,481.32
0.1,0.1,0.4,0.02,0.02,497.84,497.84
0.1,0.1,0.4,0.02,0.03,498.7,514.58
0.1,0.1,0.4,0.02,0.04,499.64,531.55
0.1,0.1,0.4,0.03,0,512.93,465.72
0.1,0.1,0.4,0.03,0.01,513.71,482.11
0.1,0.1,0.4,0.03,0.02,514.58,498.7
0.1,0.1,0.4,0.03,0.03,515.52,515.52
